0, 297, 660, 990, 1320, 1650, 2310, 2640, 2970
0.001, 0.0291721222549, 0.0573442445097, 0.0855163667646, 0.346075220112, 0.311575384028, 0.461703106922, 0.70301748561, 0.429781139726
0.001, 0.125666936409, 0.250333872817, 0.562291029809, 0.483095348012, 0.608412441892, 0.252929343759, 0.178398329412, 0.403494655952
1950.0, 1874.0, 1811.0, 1739.0, 1528.0, 1100.0, 937.0, 460.0, 0.0
0.0, 76.0, 66.0, 112.0, 265.0, 531.0, 346.0, 538.0, 688.0
0.0, 0.0, 73.0, 88.0, 126.0, 180.0, 447.0, 468.0, 653.0
0.0, 0.0, 0.0, 0.0, 0.0, 0.0, 0.0, 1.0, 9.0
0.0, 0.0, 0.0, 3.0, 10.0, 53.0, 118.0, 284.0, 320.0
0.0, 0.0, 0.0, 8.0, 21.0, 86.0, 102.0, 199.0, 280.0
0, 0, 0, 0, 0, 7, 7, 4, 4
0, 0, 0, 0, 6, 3, 3, 3, 3
0, 0, 0, 0, 0, 0, 6, 1, 1
0, 0, 0, 0, 0, 0, 0, 0, 6
0, 0, 0, 0, 0, 6, 1, 1, 1
0, 0, 0, 0, 6, 1, 1, 1, 1
0, 0, 0, 0, 0, 0, 0, 0, 6
0, 0, 0, 0, 0, 0, 0, 0, 6
0, 0, 0, 0, 0, 0, 0, 0, 6
0, 0, 0, 0, 0, 0, 0, 0, 6
0, 0, 0, 0, 0, 0, 0, 0, 6
0, 0, 0, 0, 0, 6, 1, 1, 1
0, 0, 0, 0, 6, 1, 1, 1, 1
0, 0, 0, 0, 0, 0, 0, 7, 4
0, 0, 0, 0, 0, 0, 0, 0, 6
0, 0, 0, 0, 0, 6, 6, 3, 3
0, 0, 0, 0, 0, 0, 0, 0, 6
0, 0, 0, 0, 0, 6, 1, 1, 1
0, 0, 0, 0, 0, 0, 0, 6, 6
0, 0, 0, 0, 7, 7, 7, 4, 4
0, 0, 0, 0, 0, 0, 0, 0, 6
0, 5, 1, 1, 1, 1, 1, 1, 1
0, 0, 0, 0, 0, 0, 6, 3, 3
0, 0, 0, 0, 6, 3, 3, 3, 3
0, 0, 0, 0, 0, 0, 0, 0, 6
0, 0, 0, 7, 4, 4, 4, 4, 4
0, 0, 0, 0, 7, 7, 7, 7, 4
0, 0, 0, 0, 6, 3, 3, 3, 3
0, 0, 0, 0, 0, 0, 0, 7, 4
0, 0, 0, 0, 0, 0, 0, 6, 6
0, 0, 0, 0, 0, 0, 0, 0, 6
0, 0, 0, 0, 7, 4, 4, 4, 4
0, 0, 0, 0, 0, 6, 6, 3, 3
0, 0, 0, 0, 6, 1, 1, 1, 1
0, 0, 0, 0, 7, 4, 4, 4, 4
0, 0, 0, 0, 0, 6, 1, 1, 1
0, 0, 0, 0, 0, 6, 1, 1, 1
0, 0, 0, 0, 0, 0, 0, 6, 6
0, 0, 0, 6, 1, 1, 1, 1, 1
0, 0, 0, 0, 0, 6, 6, 3, 3
0, 0, 0, 0, 0, 0, 0, 0, 6
0, 0, 0, 0, 0, 6, 1, 1, 1
0, 0, 0, 0, 0, 6, 1, 1, 1
0, 0, 0, 0, 6, 3, 3, 3, 3
0, 0, 0, 0, 0, 0, 6, 6, 6
0, 5, 1, 1, 1, 1, 1, 1, 1
0, 5, 1, 1, 1, 1, 1, 1, 1
0, 0, 0, 0, 0, 0, 0, 0, 6
0, 0, 6, 6, 3, 3, 3, 3, 3
0, 0, 0, 0, 0, 0, 0, 6, 6
0, 0, 0, 0, 0, 6, 1, 1, 1
0, 0, 0, 0, 0, 0, 6, 3, 3
0, 0, 0, 0, 0, 6, 1, 1, 1
0, 0, 0, 0, 0, 0, 0, 0, 6
0, 0, 0, 0, 0, 0, 0, 0, 6
0, 0, 0, 0, 0, 6, 1, 1, 1
0, 0, 0, 0, 6, 1, 1, 1, 1
0, 0, 0, 0, 0, 6, 3, 3, 3
0, 0, 0, 0, 0, 0, 0, 0, 6
0, 0, 0, 0, 0, 0, 0, 5, 5
0, 0, 0, 0, 0, 6, 3, 3, 3
0, 0, 0, 0, 0, 0, 0, 0, 6
0, 5, 1, 1, 1, 1, 1, 1, 1
0, 0, 0, 0, 0, 0, 0, 7, 1
0, 0, 0, 0, 0, 0, 0, 0, 6
0, 0, 0, 0, 0, 0, 0, 7, 1
0, 0, 0, 0, 0, 0, 0, 7, 1
0, 0, 0, 0, 0, 0, 0, 7, 1
0, 0, 0, 0, 0, 0, 0, 7, 1
0, 0, 0, 0, 0, 0, 0, 7, 1
0, 0, 0, 0, 0, 0, 7, 4, 4
0, 0, 0, 0, 0, 0, 0, 7, 1
0, 0, 0, 0, 0, 0, 0, 7, 1
0, 0, 0, 0, 0, 0, 0, 7, 1
0, 0, 0, 0, 0, 0, 0, 7, 1
0, 0, 0, 0, 0, 0, 0, 7, 1
0, 0, 0, 0, 0, 0, 0, 7, 1
0, 0, 0, 0, 0, 0, 0, 7, 1
0, 0, 0, 0, 0, 0, 0, 7, 1
0, 0, 0, 0, 0, 0, 0, 7, 1
0, 0, 0, 0, 0, 0, 0, 0, 6
0, 0, 0, 0, 0, 0, 0, 0, 6
0, 0, 0, 0, 0, 0, 0, 7, 1
0, 0, 0, 0, 0, 0, 0, 7, 1
0, 0, 0, 0, 0, 0, 0, 6, 6
0, 0, 0, 0, 0, 0, 0, 6, 6
0, 0, 0, 0, 0, 6, 3, 3, 3
0, 0, 0, 7, 4, 4, 4, 4, 4
0, 0, 0, 0, 7, 4, 4, 4, 4
0, 0, 0, 0, 0, 6, 6, 3, 3
0, 0, 0, 0, 0, 0, 5, 2, 2
0, 5, 1, 1, 1, 1, 1, 1, 1
0, 0, 0, 0, 0, 0, 7, 4, 4
0, 0, 0, 0, 0, 0, 0, 7, 1
0, 0, 0, 0, 0, 0, 0, 7, 1
0, 0, 0, 0, 0, 0, 0, 7, 1
0, 0, 0, 0, 0, 0, 0, 0, 6
0, 0, 0, 0, 0, 0, 0, 6, 6
0, 0, 0, 0, 0, 0, 6, 3, 3
0, 0, 0, 0, 7, 4, 4, 4, 4
0, 0, 0, 0, 0, 7, 7, 4, 4
0, 0, 5, 5, 5, 5, 5, 5, 5
0, 0, 0, 0, 0, 0, 0, 7, 1
0, 0, 0, 0, 0, 0, 0, 0, 6
0, 0, 0, 0, 6, 3, 3, 3, 3
0, 0, 7, 4, 4, 4, 4, 4, 4
0, 0, 0, 0, 6, 1, 1, 1, 1
0, 0, 0, 0, 0, 0, 0, 7, 1
0, 0, 0, 0, 6, 1, 1, 1, 1
0, 0, 0, 0, 6, 6, 3, 3, 3
0, 0, 0, 0, 0, 0, 0, 0, 6
0, 0, 0, 0, 0, 0, 0, 0, 6
0, 0, 0, 0, 0, 0, 0, 6, 6
0, 0, 0, 0, 6, 3, 3, 3, 3
0, 0, 0, 0, 0, 6, 6, 3, 3
0, 0, 0, 0, 0, 0, 0, 7, 4
0, 0, 0, 0, 0, 0, 0, 7, 4
0, 0, 0, 0, 0, 6, 1, 1, 1
0, 0, 0, 0, 0, 7, 1, 1, 1
0, 0, 0, 0, 0, 7, 1, 1, 1
0, 0, 0, 0, 0, 0, 0, 0, 6
0, 0, 0, 0, 0, 0, 0, 0, 6
0, 0, 0, 0, 0, 0, 0, 6, 3
0, 0, 0, 0, 0, 0, 0, 0, 6
0, 0, 0, 0, 0, 0, 0, 6, 6
0, 0, 0, 0, 0, 6, 1, 1, 1
0, 0, 0, 0, 0, 6, 1, 1, 1
0, 0, 0, 0, 6, 1, 1, 1, 1
0, 0, 0, 0, 0, 0, 0, 0, 6
0, 0, 0, 0, 0, 0, 0, 0, 6
0, 0, 0, 0, 6, 6, 6, 3, 3
0, 0, 0, 0, 0, 6, 1, 1, 1
0, 0, 0, 0, 0, 0, 7, 4, 4
0, 0, 0, 0, 0, 6, 1, 1, 1
0, 0, 0, 0, 0, 0, 6, 6, 3
0, 0, 0, 6, 6, 6, 6, 3, 3
0, 0, 0, 0, 0, 0, 6, 1, 1
0, 0, 0, 0, 0, 0, 0, 0, 6
0, 0, 0, 0, 0, 0, 0, 6, 6
0, 0, 0, 0, 0, 0, 0, 0, 6
0, 0, 0, 0, 0, 0, 0, 0, 6
0, 0, 0, 0, 0, 0, 0, 0, 6
0, 0, 0, 0, 0, 0, 0, 0, 6
0, 0, 0, 0, 0, 6, 1, 1, 1
0, 0, 0, 0, 0, 6, 1, 1, 1
0, 0, 0, 0, 0, 6, 3, 3, 3
0, 0, 0, 0, 0, 0, 0, 0, 6
0, 0, 0, 0, 0, 0, 7, 4, 4
0, 5, 1, 1, 1, 1, 1, 1, 1
0, 0, 0, 0, 0, 0, 0, 0, 6
0, 5, 1, 1, 1, 1, 1, 1, 1
0, 0, 0, 0, 0, 0, 0, 7, 1
0, 0, 0, 0, 0, 0, 0, 7, 1
0, 0, 0, 0, 0, 0, 7, 4, 4
0, 0, 0, 0, 0, 0, 6, 3, 3
0, 0, 0, 0, 0, 0, 0, 6, 6
0, 0, 0, 0, 0, 6, 1, 1, 1
0, 0, 0, 0, 7, 7, 7, 4, 4
0, 0, 6, 6, 6, 6, 6, 3, 3
0, 0, 0, 0, 7, 4, 4, 4, 4
0, 0, 0, 0, 7, 4, 4, 4, 4
0, 0, 0, 0, 0, 0, 7, 7, 1
0, 0, 0, 6, 1, 1, 1, 1, 1
0, 0, 0, 0, 0, 6, 1, 1, 1
0, 0, 0, 0, 0, 6, 3, 3, 3
0, 0, 0, 0, 0, 6, 1, 1, 1
0, 0, 0, 0, 0, 6, 1, 1, 1
0, 0, 0, 0, 0, 6, 1, 1, 1
0, 0, 0, 0, 0, 0, 0, 0, 6
0, 0, 0, 0, 0, 0, 0, 0, 6
0, 0, 0, 0, 0, 6, 1, 1, 1
0, 0, 0, 0, 0, 0, 0, 7, 1
0, 0, 0, 0, 0, 0, 0, 7, 1
0, 0, 0, 0, 0, 0, 0, 7, 1
0, 0, 0, 0, 0, 0, 0, 6, 6
0, 0, 0, 0, 0, 0, 0, 0, 6
0, 0, 0, 0, 0, 0, 0, 0, 6
0, 5, 1, 1, 1, 1, 1, 1, 1
0, 0, 0, 0, 0, 0, 0, 0, 6
0, 0, 0, 0, 0, 0, 0, 0, 6
0, 0, 0, 0, 0, 0, 0, 0, 6
0, 0, 0, 0, 0, 0, 0, 6, 6
0, 0, 7, 1, 1, 1, 1, 1, 1
0, 0, 0, 0, 0, 6, 1, 1, 1
0, 0, 0, 0, 0, 6, 1, 1, 1
0, 0, 0, 0, 0, 6, 1, 1, 1
0, 0, 0, 0, 0, 6, 1, 1, 1
0, 0, 7, 7, 7, 7, 1, 0, 6
0, 0, 0, 0, 0, 6, 1, 1, 1
0, 0, 0, 0, 0, 6, 1, 1, 1
0, 0, 0, 0, 0, 6, 1, 1, 1
0, 0, 0, 0, 0, 6, 1, 1, 1
0, 0, 7, 7, 7, 7, 1, 0, 6
0, 0, 0, 0, 0, 6, 1, 1, 1
0, 0, 0, 0, 0, 6, 1, 1, 1
0, 0, 0, 0, 0, 6, 1, 1, 1
0, 0, 0, 0, 0, 6, 1, 1, 1
0, 0, 0, 0, 0, 6, 1, 1, 1
0, 0, 0, 0, 0, 6, 1, 1, 1
0, 0, 0, 0, 0, 6, 1, 1, 1
0, 0, 0, 0, 0, 6, 1, 1, 1
0, 0, 0, 0, 0, 6, 1, 1, 1
0, 0, 0, 0, 0, 0, 0, 0, 6
0, 5, 1, 1, 1, 1, 1, 1, 1
0, 0, 7, 7, 7, 1, 1, 1, 1
0, 0, 7, 7, 7, 1, 1, 1, 1
0, 0, 7, 7, 7, 1, 1, 1, 1
0, 0, 0, 0, 0, 6, 1, 1, 1
0, 0, 7, 1, 1, 1, 1, 1, 1
0, 0, 0, 0, 6, 1, 1, 1, 1
0, 0, 0, 0, 0, 6, 1, 1, 1
0, 0, 0, 0, 0, 6, 1, 1, 1
0, 0, 7, 1, 1, 1, 1, 1, 1
0, 0, 0, 0, 0, 6, 1, 1, 1
0, 0, 7, 7, 7, 1, 1, 1, 1
0, 0, 0, 0, 0, 6, 1, 1, 1
0, 0, 0, 0, 0, 6, 1, 1, 1
0, 0, 0, 0, 0, 6, 1, 1, 1
0, 0, 0, 0, 0, 6, 1, 1, 1
0, 0, 0, 0, 0, 6, 1, 1, 1
0, 0, 0, 6, 1, 1, 1, 1, 1
0, 0, 0, 6, 1, 1, 1, 1, 1
0, 0, 0, 0, 0, 6, 1, 1, 1
0, 0, 0, 0, 0, 6, 1, 1, 1
0, 0, 0, 0, 0, 6, 1, 1, 1
0, 0, 0, 0, 0, 6, 1, 1, 1
0, 0, 0, 0, 0, 6, 1, 1, 1
0, 0, 0, 0, 0, 6, 1, 1, 1
0, 0, 7, 1, 1, 1, 1, 1, 1
0, 0, 0, 0, 0, 6, 1, 1, 1
0, 0, 0, 0, 0, 6, 1, 1, 1
0, 0, 0, 0, 0, 6, 1, 1, 1
0, 0, 0, 0, 0, 6, 1, 1, 1
0, 0, 7, 1, 1, 1, 1, 1, 1
0, 0, 0, 0, 6, 3, 3, 3, 3
0, 5, 1, 1, 1, 1, 1, 1, 1
0, 0, 0, 0, 0, 5, 5, 5, 5
0, 0, 0, 0, 0, 0, 0, 5, 2
0, 0, 0, 0, 0, 0, 0, 0, 6
0, 0, 0, 0, 0, 7, 7, 4, 4
0, 0, 0, 0, 0, 0, 0, 0, 6
0, 0, 0, 0, 0, 0, 0, 7, 4
0, 0, 0, 0, 7, 7, 7, 4, 4
0, 0, 0, 0, 0, 6, 6, 3, 3
0, 0, 0, 0, 0, 7, 7, 4, 4
0, 0, 0, 0, 6, 3, 3, 3, 3
0, 0, 7, 1, 1, 1, 1, 1, 1
0, 0, 0, 0, 0, 6, 1, 1, 1
0, 0, 0, 0, 7, 4, 4, 4, 4
0, 0, 0, 0, 0, 6, 1, 1, 1
0, 0, 0, 0, 0, 0, 0, 0, 6
0, 0, 0, 0, 0, 0, 0, 0, 6
0, 0, 0, 0, 6, 6, 6, 3, 3
0, 0, 0, 0, 0, 6, 3, 3, 3
0, 0, 0, 0, 0, 0, 6, 3, 3
0, 0, 0, 0, 0, 0, 0, 6, 6
0, 0, 0, 0, 0, 0, 0, 7, 1
0, 0, 0, 0, 0, 6, 1, 1, 1
0, 0, 0, 0, 0, 6, 1, 1, 1
0, 0, 0, 7, 7, 7, 7, 4, 4
0, 0, 0, 0, 0, 7, 7, 4, 4
0, 0, 0, 0, 0, 0, 0, 7, 1
0, 0, 0, 0, 0, 6, 1, 1, 1
0, 0, 0, 0, 0, 0, 0, 6, 6
0, 0, 0, 0, 0, 7, 7, 4, 4
0, 0, 0, 0, 0, 0, 0, 0, 6
0, 0, 0, 0, 0, 6, 3, 3, 3
0, 0, 0, 0, 0, 0, 0, 7, 1
0, 0, 0, 0, 0, 0, 7, 1, 1
0, 0, 0, 0, 0, 0, 0, 0, 6
0, 0, 0, 0, 0, 0, 0, 0, 6
0, 0, 0, 0, 0, 0, 0, 0, 6
0, 0, 0, 0, 0, 7, 7, 7, 4
0, 0, 0, 0, 0, 6, 1, 1, 1
0, 0, 0, 0, 0, 0, 0, 6, 6
0, 0, 0, 0, 0, 0, 0, 5, 5
0, 5, 1, 1, 1, 1, 1, 1, 1
0, 0, 0, 0, 0, 6, 1, 1, 1
0, 0, 0, 0, 0, 0, 0, 6, 3
0, 0, 0, 0, 0, 7, 4, 4, 4
0, 0, 0, 0, 0, 0, 0, 6, 6
0, 5, 1, 1, 1, 1, 1, 1, 1
0, 0, 0, 0, 0, 0, 0, 5, 2
0, 0, 0, 0, 0, 0, 6, 3, 3
0, 0, 0, 0, 0, 0, 0, 7, 4
0, 0, 0, 0, 0, 0, 0, 0, 6
0, 0, 0, 0, 0, 0, 0, 0, 6
0, 0, 7, 1, 1, 1, 1, 1, 1
0, 0, 0, 0, 0, 0, 7, 4, 4
0, 0, 0, 0, 0, 0, 0, 0, 6
0, 0, 0, 0, 0, 0, 7, 4, 4
0, 0, 0, 6, 6, 6, 6, 3, 3
0, 0, 0, 0, 0, 0, 0, 0, 6
0, 0, 0, 0, 0, 0, 0, 0, 6
0, 0, 0, 0, 0, 6, 1, 1, 1
0, 0, 0, 0, 0, 0, 0, 6, 6
0, 0, 0, 0, 0, 0, 0, 6, 6
0, 0, 0, 0, 0, 0, 0, 6, 6
0, 0, 0, 0, 0, 0, 0, 0, 6
0, 0, 0, 0, 0, 0, 6, 3, 3
0, 0, 0, 0, 0, 0, 6, 3, 3
0, 0, 0, 0, 0, 6, 6, 3, 3
0, 0, 0, 0, 0, 6, 6, 3, 3
0, 0, 5, 5, 5, 5, 5, 5, 5
0, 0, 0, 0, 6, 6, 6, 3, 3
0, 0, 0, 0, 0, 6, 1, 1, 1
0, 0, 0, 0, 0, 0, 0, 6, 6
0, 0, 0, 0, 0, 6, 1, 1, 1
0, 0, 0, 0, 0, 0, 0, 7, 1
0, 0, 0, 0, 0, 6, 3, 3, 3
0, 0, 0, 0, 0, 0, 0, 6, 6
0, 0, 0, 0, 0, 0, 6, 1, 1
0, 0, 0, 0, 0, 0, 0, 5, 5
0, 0, 0, 6, 6, 6, 6, 3, 3
0, 0, 0, 7, 1, 1, 1, 1, 1
0, 0, 0, 0, 0, 0, 0, 7, 1
0, 0, 0, 0, 0, 0, 6, 3, 3
0, 0, 0, 0, 0, 0, 0, 7, 1
0, 0, 0, 0, 0, 0, 0, 7, 1
0, 0, 0, 0, 0, 6, 6, 3, 3
0, 0, 0, 0, 0, 0, 0, 7, 1
0, 5, 1, 1, 1, 1, 1, 1, 1
0, 0, 0, 7, 1, 1, 1, 1, 1
0, 0, 0, 0, 6, 3, 3, 3, 3
0, 0, 0, 0, 0, 0, 6, 3, 3
0, 0, 0, 0, 0, 0, 0, 7, 1
0, 0, 0, 0, 0, 0, 0, 6, 6
0, 0, 0, 0, 6, 6, 6, 3, 3
0, 0, 0, 0, 0, 0, 6, 1, 1
0, 0, 0, 0, 0, 0, 6, 6, 6
0, 0, 0, 0, 7, 4, 4, 4, 4
0, 0, 0, 0, 0, 6, 1, 1, 1
0, 0, 0, 0, 6, 6, 6, 3, 3
0, 0, 0, 0, 0, 7, 7, 4, 4
0, 0, 0, 0, 0, 6, 6, 3, 3
0, 0, 0, 0, 0, 0, 7, 4, 4
0, 0, 7, 4, 4, 4, 4, 4, 4
0, 0, 0, 0, 6, 6, 6, 3, 3
0, 0, 0, 0, 0, 0, 6, 3, 3
0, 0, 0, 0, 0, 0, 0, 0, 6
0, 0, 0, 0, 0, 0, 0, 0, 6
0, 0, 0, 0, 6, 3, 3, 3, 3
0, 0, 0, 0, 0, 6, 1, 1, 1
0, 0, 0, 0, 0, 0, 0, 0, 6
0, 0, 0, 0, 0, 0, 0, 0, 6
0, 0, 0, 0, 0, 0, 0, 0, 6
0, 0, 0, 0, 0, 0, 0, 0, 6
0, 5, 1, 1, 1, 1, 1, 1, 1
0, 5, 1, 1, 1, 1, 1, 1, 1
0, 0, 0, 0, 6, 1, 1, 1, 1
0, 0, 0, 0, 0, 6, 6, 3, 3
0, 0, 0, 0, 0, 0, 0, 0, 6
0, 0, 0, 0, 0, 0, 0, 7, 4
0, 0, 0, 0, 0, 0, 0, 0, 6
0, 0, 0, 0, 0, 0, 0, 0, 6
0, 0, 0, 0, 0, 0, 0, 0, 6
0, 0, 0, 0, 0, 7, 7, 4, 4
0, 0, 0, 0, 0, 6, 3, 3, 3
0, 0, 0, 0, 0, 6, 1, 1, 1
0, 0, 0, 0, 0, 6, 1, 1, 1
0, 0, 0, 0, 0, 0, 0, 0, 6
0, 0, 0, 0, 0, 0, 0, 6, 6
0, 0, 0, 0, 0, 0, 0, 6, 6
0, 0, 0, 0, 0, 0, 0, 5, 2
0, 0, 0, 0, 0, 6, 1, 1, 1
0, 0, 0, 0, 0, 0, 0, 0, 6
0, 0, 0, 0, 0, 0, 0, 0, 6
0, 0, 0, 0, 0, 6, 6, 3, 3
0, 0, 0, 0, 0, 6, 1, 1, 1
0, 0, 0, 0, 0, 6, 1, 1, 1
0, 0, 0, 0, 0, 6, 3, 3, 3
0, 0, 0, 0, 0, 0, 0, 0, 6
0, 0, 0, 0, 6, 3, 3, 3, 3
0, 0, 0, 0, 0, 0, 0, 6, 6
0, 0, 0, 0, 0, 0, 0, 6, 6
0, 0, 0, 7, 4, 4, 4, 4, 4
0, 0, 0, 0, 0, 0, 7, 4, 4
0, 0, 5, 5, 5, 5, 5, 5, 5
0, 0, 0, 0, 0, 0, 0, 0, 6
0, 0, 0, 0, 0, 0, 0, 0, 6
0, 0, 0, 0, 0, 0, 0, 7, 1
0, 0, 0, 0, 0, 0, 0, 7, 1
0, 0, 0, 0, 0, 0, 0, 7, 1
0, 0, 0, 0, 0, 0, 0, 0, 6
0, 0, 0, 0, 0, 6, 1, 1, 1
0, 0, 0, 0, 0, 0, 6, 6, 3
0, 0, 0, 0, 0, 0, 6, 3, 3
0, 0, 0, 0, 0, 0, 0, 6, 6
0, 5, 1, 1, 1, 1, 1, 1, 1
0, 0, 0, 0, 0, 6, 1, 1, 1
0, 0, 0, 0, 0, 6, 6, 3, 3
0, 0, 0, 0, 0, 6, 1, 1, 1
0, 0, 0, 0, 0, 0, 0, 0, 6
0, 0, 0, 0, 0, 0, 0, 0, 6
0, 0, 0, 0, 0, 0, 0, 0, 6
0, 0, 0, 0, 0, 0, 0, 0, 6
0, 0, 0, 0, 0, 6, 1, 1, 1
0, 0, 0, 0, 0, 0, 6, 3, 3
0, 0, 0, 0, 0, 6, 6, 3, 3
0, 0, 0, 0, 0, 0, 0, 7, 1
0, 0, 0, 0, 0, 0, 0, 6, 3
0, 0, 0, 0, 0, 6, 1, 1, 1
0, 0, 0, 0, 0, 6, 1, 1, 1
0, 0, 0, 7, 7, 7, 7, 4, 4
0, 0, 0, 0, 0, 0, 0, 6, 3
0, 0, 0, 0, 0, 0, 0, 0, 6
0, 0, 0, 0, 0, 6, 3, 3, 3
0, 0, 0, 0, 6, 1, 1, 1, 1
0, 0, 0, 0, 0, 0, 0, 6, 6
0, 0, 0, 0, 0, 6, 6, 3, 3
0, 0, 0, 0, 0, 0, 0, 6, 6
0, 0, 0, 0, 0, 6, 1, 1, 1
0, 0, 0, 0, 0, 0, 0, 5, 5
0, 5, 1, 1, 1, 1, 1, 1, 1
0, 0, 0, 0, 0, 0, 0, 0, 6
0, 0, 0, 0, 0, 0, 0, 6, 6
0, 0, 0, 0, 0, 6, 3, 3, 3
0, 0, 0, 0, 6, 3, 3, 3, 3
0, 0, 0, 0, 0, 6, 1, 1, 1
0, 0, 0, 0, 0, 6, 1, 1, 1
0, 0, 7, 1, 1, 1, 1, 1, 1
0, 0, 0, 0, 6, 1, 1, 1, 1
0, 0, 6, 3, 3, 3, 3, 3, 3
0, 0, 0, 0, 7, 4, 4, 4, 4
0, 0, 0, 0, 0, 0, 0, 0, 6
0, 5, 1, 1, 1, 1, 1, 1, 1
0, 0, 0, 0, 0, 0, 0, 7, 1
0, 0, 0, 0, 6, 1, 1, 1, 1
0, 0, 0, 0, 0, 0, 0, 7, 1
0, 0, 0, 0, 0, 0, 0, 0, 6
0, 0, 0, 0, 0, 6, 1, 1, 1
0, 0, 0, 0, 0, 0, 0, 7, 1
0, 0, 0, 0, 0, 0, 0, 6, 6
0, 0, 0, 0, 6, 6, 6, 3, 3
0, 0, 0, 0, 0, 0, 0, 5, 5
0, 0, 0, 0, 6, 3, 3, 3, 3
0, 0, 0, 0, 0, 0, 0, 0, 6
0, 0, 0, 0, 0, 0, 7, 1, 1
0, 0, 0, 0, 0, 0, 0, 0, 6
0, 0, 0, 0, 0, 6, 6, 3, 3
0, 0, 0, 0, 0, 0, 7, 4, 4
0, 0, 0, 0, 0, 0, 6, 6, 6
0, 0, 0, 0, 0, 0, 0, 5, 5
0, 0, 0, 0, 0, 0, 0, 7, 4
0, 0, 0, 0, 0, 0, 0, 6, 6
0, 0, 0, 0, 0, 6, 6, 3, 3
0, 0, 0, 0, 0, 0, 0, 7, 1
0, 0, 0, 0, 0, 0, 0, 6, 6
0, 0, 0, 0, 0, 0, 0, 0, 6
0, 0, 0, 0, 0, 0, 0, 0, 6
0, 0, 0, 0, 0, 0, 0, 7, 4
0, 0, 0, 0, 0, 0, 0, 6, 6
0, 0, 0, 0, 0, 0, 0, 0, 6
0, 0, 0, 0, 0, 0, 7, 4, 4
0, 0, 0, 0, 0, 0, 0, 7, 1
0, 0, 0, 0, 0, 0, 0, 7, 1
0, 0, 0, 0, 0, 0, 0, 7, 1
0, 0, 0, 0, 0, 0, 0, 7, 1
0, 0, 0, 0, 0, 0, 0, 7, 1
0, 0, 0, 0, 0, 6, 3, 3, 3
0, 0, 0, 0, 0, 6, 6, 3, 3
0, 0, 0, 7, 7, 4, 4, 4, 4
0, 0, 0, 0, 0, 0, 7, 4, 4
0, 0, 0, 0, 0, 0, 0, 6, 6
0, 0, 0, 0, 0, 0, 0, 0, 6
0, 0, 0, 0, 0, 0, 0, 0, 6
0, 0, 0, 0, 0, 0, 0, 6, 6
0, 0, 0, 0, 0, 6, 1, 1, 1
0, 0, 0, 0, 0, 0, 6, 3, 3
0, 0, 0, 0, 0, 0, 0, 7, 1
0, 0, 0, 0, 0, 0, 0, 6, 6
0, 0, 0, 0, 0, 7, 4, 4, 4
0, 0, 0, 0, 6, 6, 6, 3, 3
0, 0, 0, 0, 0, 0, 0, 0, 6
0, 5, 1, 1, 1, 1, 1, 1, 1
0, 0, 0, 0, 0, 0, 0, 0, 6
0, 0, 0, 0, 0, 0, 0, 5, 5
0, 0, 0, 0, 0, 0, 0, 7, 1
0, 0, 0, 0, 0, 6, 1, 1, 1
0, 5, 1, 1, 1, 1, 1, 1, 1
0, 0, 0, 0, 0, 6, 6, 6, 6
0, 0, 0, 0, 0, 0, 0, 0, 6
0, 0, 0, 0, 0, 0, 0, 0, 6
0, 0, 0, 0, 0, 0, 0, 0, 6
0, 0, 0, 0, 0, 0, 0, 0, 6
0, 0, 0, 0, 0, 0, 0, 0, 6
0, 0, 0, 0, 0, 0, 0, 7, 1
0, 0, 0, 0, 0, 6, 1, 1, 1
0, 0, 0, 0, 0, 0, 0, 0, 6
0, 0, 0, 0, 0, 6, 1, 1, 1
0, 0, 0, 0, 0, 7, 7, 4, 4
0, 0, 0, 0, 0, 0, 0, 0, 6
0, 0, 0, 0, 0, 0, 0, 6, 6
0, 0, 0, 0, 0, 6, 6, 3, 3
0, 0, 0, 0, 0, 0, 7, 4, 4
0, 0, 0, 0, 0, 6, 1, 1, 1
0, 0, 0, 0, 0, 7, 7, 4, 4
0, 0, 0, 0, 7, 4, 4, 4, 4
0, 0, 0, 0, 0, 0, 6, 3, 3
0, 0, 0, 0, 0, 6, 1, 1, 1
0, 0, 0, 0, 0, 0, 0, 7, 4
0, 0, 0, 0, 0, 0, 0, 7, 1
0, 0, 0, 0, 7, 7, 7, 4, 4
0, 0, 0, 0, 0, 0, 7, 4, 4
0, 0, 0, 0, 0, 0, 0, 0, 6
0, 0, 0, 0, 0, 6, 1, 1, 1
0, 0, 0, 0, 0, 0, 0, 0, 6
0, 0, 0, 0, 0, 0, 0, 0, 6
0, 0, 0, 0, 0, 0, 0, 7, 1
0, 0, 0, 0, 0, 6, 3, 3, 3
0, 0, 0, 0, 0, 0, 6, 3, 3
0, 0, 0, 0, 0, 0, 0, 6, 6
0, 0, 0, 0, 0, 6, 3, 3, 3
0, 0, 0, 0, 0, 0, 7, 1, 1
0, 0, 0, 0, 0, 0, 7, 4, 4
0, 0, 0, 0, 0, 0, 0, 6, 3
0, 0, 0, 0, 0, 0, 6, 3, 3
0, 0, 0, 0, 0, 7, 4, 4, 4
0, 0, 0, 0, 6, 1, 1, 1, 1
0, 0, 0, 0, 0, 0, 0, 0, 6
0, 0, 0, 0, 0, 0, 0, 0, 6
0, 0, 0, 0, 0, 0, 0, 0, 6
0, 0, 0, 0, 0, 0, 0, 0, 6
0, 0, 0, 0, 0, 0, 0, 0, 6
0, 0, 0, 0, 0, 0, 0, 0, 6
0, 0, 0, 0, 7, 4, 4, 4, 4
0, 0, 0, 0, 0, 0, 0, 0, 6
0, 0, 0, 0, 0, 0, 0, 0, 6
0, 0, 0, 0, 7, 4, 4, 4, 4
0, 0, 0, 0, 0, 6, 6, 3, 3
0, 0, 0, 0, 0, 0, 0, 0, 6
0, 0, 0, 0, 0, 0, 0, 0, 6
0, 0, 0, 0, 0, 0, 0, 0, 6
0, 0, 0, 0, 0, 0, 0, 0, 6
0, 0, 0, 0, 0, 0, 7, 4, 4
0, 0, 0, 0, 0, 0, 7, 4, 4
0, 0, 0, 0, 6, 6, 6, 3, 3
0, 0, 0, 0, 6, 6, 3, 3, 3
0, 0, 0, 0, 0, 0, 0, 7, 4
0, 0, 0, 0, 0, 6, 1, 1, 1
0, 0, 0, 0, 0, 0, 0, 6, 6
0, 0, 0, 0, 0, 6, 3, 3, 3
0, 0, 0, 0, 0, 0, 0, 6, 6
0, 0, 0, 0, 0, 0, 0, 0, 6
0, 0, 0, 0, 0, 0, 0, 7, 1
0, 0, 0, 0, 0, 0, 0, 7, 1
0, 0, 0, 0, 0, 0, 0, 0, 6
0, 0, 0, 0, 0, 0, 0, 0, 6
0, 0, 0, 0, 0, 0, 0, 0, 6
0, 0, 0, 0, 0, 0, 0, 0, 6
0, 0, 0, 0, 0, 0, 0, 0, 6
0, 0, 0, 0, 0, 0, 0, 0, 6
0, 0, 0, 0, 0, 0, 0, 7, 1
0, 0, 0, 0, 0, 0, 0, 0, 6
0, 0, 0, 0, 0, 0, 0, 7, 1
0, 0, 0, 6, 6, 6, 6, 3, 3
0, 0, 0, 0, 0, 0, 6, 3, 3
0, 0, 0, 0, 6, 6, 6, 3, 3
0, 0, 0, 7, 1, 1, 1, 1, 1
0, 0, 0, 0, 0, 0, 0, 0, 6
0, 0, 7, 4, 4, 4, 4, 4, 4
0, 0, 0, 6, 3, 3, 3, 3, 3
0, 0, 0, 0, 0, 0, 0, 6, 6
0, 0, 0, 6, 6, 6, 6, 6, 6
0, 5, 1, 1, 1, 1, 1, 1, 1
0, 0, 0, 0, 0, 6, 1, 1, 1
0, 0, 0, 0, 0, 0, 0, 7, 4
0, 0, 0, 0, 6, 3, 3, 3, 3
0, 0, 0, 0, 0, 6, 6, 3, 3
0, 0, 0, 0, 0, 0, 0, 0, 6
0, 0, 0, 0, 0, 0, 6, 6, 6
0, 0, 0, 0, 0, 0, 0, 0, 6
0, 0, 0, 0, 0, 6, 1, 1, 1
0, 0, 0, 0, 7, 4, 4, 4, 4
0, 0, 0, 0, 0, 0, 0, 7, 1
0, 0, 0, 0, 0, 0, 0, 0, 6
0, 0, 0, 0, 0, 0, 0, 0, 6
0, 0, 0, 0, 0, 0, 6, 3, 3
0, 0, 0, 0, 0, 6, 1, 1, 1
0, 0, 0, 0, 0, 0, 6, 3, 3
0, 0, 0, 0, 0, 6, 6, 3, 3
0, 0, 0, 0, 0, 6, 1, 1, 1
0, 0, 0, 0, 0, 0, 0, 6, 6
0, 0, 0, 0, 6, 3, 3, 3, 3
0, 0, 0, 7, 4, 4, 4, 4, 4
0, 0, 0, 0, 0, 6, 1, 1, 1
0, 0, 0, 0, 0, 0, 0, 5, 5
0, 0, 0, 0, 6, 3, 3, 3, 3
0, 0, 0, 0, 0, 0, 0, 0, 6
0, 5, 1, 1, 1, 1, 1, 1, 1
0, 0, 0, 0, 0, 0, 0, 6, 6
0, 0, 0, 0, 0, 6, 6, 3, 3
0, 0, 0, 0, 0, 0, 0, 0, 6
0, 0, 0, 0, 0, 7, 7, 4, 4
0, 5, 1, 1, 1, 1, 1, 1, 1
0, 0, 0, 0, 6, 6, 6, 3, 3
0, 0, 0, 6, 6, 6, 6, 3, 3
0, 0, 0, 0, 0, 0, 0, 6, 6
0, 0, 0, 0, 0, 6, 3, 3, 3
0, 0, 0, 0, 0, 0, 0, 7, 4
0, 0, 0, 0, 0, 0, 0, 7, 1
0, 0, 0, 0, 0, 6, 6, 3, 3
0, 0, 0, 0, 0, 0, 0, 6, 6
0, 0, 0, 0, 0, 6, 1, 1, 1
0, 0, 0, 0, 6, 1, 1, 1, 1
0, 0, 0, 0, 0, 0, 7, 4, 4
0, 0, 0, 0, 0, 0, 7, 4, 4
0, 0, 0, 0, 0, 0, 0, 6, 6
0, 0, 0, 0, 0, 0, 0, 0, 6
0, 0, 0, 0, 0, 0, 0, 0, 6
0, 5, 1, 1, 1, 1, 1, 1, 1
0, 0, 7, 1, 1, 1, 1, 1, 1
0, 0, 0, 0, 0, 6, 1, 1, 1
0, 0, 0, 0, 0, 0, 0, 0, 6
0, 0, 6, 6, 1, 1, 1, 1, 1
0, 0, 6, 6, 1, 1, 1, 1, 1
0, 0, 6, 6, 1, 1, 1, 1, 1
0, 0, 0, 0, 0, 6, 1, 1, 1
0, 0, 0, 0, 0, 6, 1, 1, 1
0, 0, 0, 0, 0, 6, 6, 1, 1
0, 0, 0, 0, 0, 6, 1, 1, 1
0, 0, 0, 0, 0, 6, 1, 1, 1
0, 0, 7, 7, 7, 7, 1, 1, 1
0, 0, 7, 7, 7, 7, 1, 1, 1
0, 0, 0, 0, 0, 6, 1, 1, 1
0, 0, 0, 0, 0, 0, 0, 0, 6
0, 0, 0, 0, 6, 3, 3, 3, 3
0, 0, 0, 0, 0, 0, 0, 6, 6
0, 0, 0, 0, 0, 0, 0, 6, 6
0, 0, 0, 0, 0, 0, 0, 6, 6
0, 0, 0, 0, 5, 5, 5, 5, 5
0, 0, 0, 0, 0, 0, 0, 6, 3
0, 0, 0, 0, 7, 4, 4, 4, 4
0, 0, 0, 0, 0, 0, 0, 6, 6
0, 0, 0, 6, 6, 3, 3, 3, 3
0, 0, 0, 0, 0, 0, 7, 4, 4
0, 0, 0, 0, 0, 7, 7, 4, 4
0, 0, 0, 0, 0, 0, 6, 1, 1
0, 0, 0, 0, 0, 0, 6, 3, 3
0, 0, 0, 0, 0, 0, 0, 6, 6
0, 0, 0, 0, 0, 0, 0, 7, 1
0, 0, 0, 0, 0, 0, 0, 7, 1
0, 0, 0, 0, 0, 6, 1, 1, 1
0, 0, 0, 0, 0, 6, 1, 1, 1
0, 0, 0, 0, 0, 0, 0, 7, 1
0, 0, 0, 0, 0, 0, 0, 7, 1
0, 0, 0, 0, 0, 0, 0, 6, 6
0, 0, 0, 0, 0, 0, 0, 7, 1
0, 0, 0, 0, 0, 0, 0, 7, 1
0, 0, 0, 0, 0, 0, 0, 7, 1
0, 0, 0, 0, 0, 6, 3, 3, 3
0, 0, 0, 0, 0, 0, 0, 7, 1
0, 0, 0, 0, 0, 5, 1, 1, 1
0, 5, 1, 1, 1, 1, 1, 1, 1
0, 5, 1, 1, 1, 1, 1, 1, 1
0, 5, 5, 5, 1, 1, 1, 1, 1
0, 0, 0, 0, 0, 0, 0, 7, 1
0, 0, 0, 0, 0, 7, 7, 4, 4
0, 0, 0, 0, 0, 0, 0, 0, 6
0, 0, 0, 0, 0, 6, 3, 3, 3
0, 0, 0, 0, 7, 4, 4, 4, 4
0, 0, 5, 5, 5, 5, 5, 5, 5
0, 0, 0, 0, 0, 7, 7, 4, 4
0, 0, 0, 0, 6, 1, 1, 1, 1
0, 0, 0, 0, 0, 0, 6, 3, 3
0, 0, 0, 0, 0, 6, 6, 3, 3
0, 0, 0, 0, 0, 0, 6, 6, 3
0, 0, 0, 0, 0, 0, 0, 6, 3
0, 0, 0, 0, 0, 0, 6, 6, 3
0, 0, 0, 0, 0, 0, 6, 6, 6
0, 0, 0, 0, 0, 0, 6, 6, 3
0, 0, 0, 0, 0, 0, 0, 6, 6
0, 0, 0, 0, 0, 0, 0, 6, 6
0, 0, 0, 0, 0, 0, 7, 4, 4
0, 0, 0, 0, 0, 0, 7, 4, 4
0, 0, 0, 0, 0, 0, 7, 4, 4
0, 0, 0, 0, 0, 0, 7, 4, 4
0, 0, 0, 0, 0, 0, 7, 4, 4
0, 0, 0, 0, 0, 0, 0, 7, 1
0, 0, 0, 0, 0, 0, 0, 6, 6
0, 0, 0, 0, 0, 0, 0, 6, 6
0, 0, 0, 0, 0, 0, 0, 6, 6
0, 0, 0, 0, 0, 0, 0, 6, 6
0, 0, 0, 0, 0, 0, 0, 0, 6
0, 0, 0, 0, 0, 0, 0, 7, 1
0, 5, 1, 1, 1, 1, 1, 1, 1
0, 0, 0, 0, 0, 6, 1, 1, 1
0, 0, 0, 0, 0, 6, 3, 3, 3
0, 0, 0, 6, 3, 3, 3, 3, 3
0, 0, 0, 0, 0, 0, 0, 7, 4
0, 0, 0, 0, 0, 0, 0, 0, 6
0, 0, 0, 7, 7, 7, 4, 4, 4
0, 0, 0, 0, 6, 3, 3, 3, 3
0, 0, 0, 0, 0, 0, 7, 1, 1
0, 0, 0, 0, 0, 0, 7, 4, 4
0, 0, 0, 0, 6, 1, 1, 1, 1
0, 0, 0, 0, 0, 6, 6, 3, 3
0, 0, 0, 0, 0, 0, 0, 7, 4
0, 0, 0, 0, 6, 6, 6, 3, 3
0, 0, 0, 0, 0, 0, 0, 0, 6
0, 0, 0, 0, 7, 4, 4, 4, 4
0, 0, 0, 0, 0, 6, 1, 1, 1
0, 0, 0, 0, 0, 0, 0, 0, 6
0, 0, 0, 0, 0, 0, 0, 6, 6
0, 0, 0, 0, 0, 0, 0, 0, 5
0, 0, 0, 0, 0, 0, 0, 0, 6
0, 0, 0, 0, 0, 0, 0, 6, 6
0, 0, 0, 0, 6, 3, 3, 3, 3
0, 0, 0, 6, 6, 6, 6, 3, 3
0, 0, 0, 0, 0, 0, 0, 7, 1
0, 0, 0, 0, 0, 6, 1, 1, 1
0, 0, 0, 0, 0, 6, 1, 1, 1
0, 0, 0, 0, 0, 0, 0, 0, 6
0, 0, 0, 0, 0, 0, 0, 6, 6
0, 0, 0, 0, 7, 4, 4, 4, 4
0, 0, 0, 0, 0, 6, 1, 1, 1
0, 0, 0, 0, 0, 6, 1, 1, 1
0, 0, 0, 0, 0, 0, 0, 7, 1
0, 0, 0, 0, 6, 3, 3, 3, 3
0, 0, 0, 0, 0, 0, 6, 6, 6
0, 0, 0, 0, 0, 0, 6, 6, 6
0, 0, 0, 0, 0, 0, 6, 6, 6
0, 0, 0, 0, 0, 0, 0, 7, 4
0, 0, 0, 0, 0, 6, 1, 1, 1
0, 0, 0, 0, 0, 0, 7, 4, 4
0, 0, 0, 0, 0, 0, 6, 3, 3
0, 0, 5, 5, 5, 5, 5, 5, 5
0, 0, 0, 0, 0, 0, 0, 0, 6
0, 0, 0, 0, 0, 0, 0, 7, 4
0, 5, 1, 1, 1, 1, 1, 1, 1
0, 0, 0, 0, 0, 0, 0, 7, 1
0, 0, 0, 0, 0, 6, 3, 3, 3
0, 0, 0, 0, 6, 1, 1, 1, 1
0, 0, 0, 0, 6, 1, 1, 1, 1
0, 0, 0, 0, 0, 0, 0, 0, 6
0, 0, 0, 0, 0, 0, 0, 7, 1
0, 0, 0, 6, 1, 1, 1, 1, 1
0, 0, 0, 0, 0, 0, 0, 6, 6
0, 0, 0, 0, 6, 6, 6, 3, 3
0, 0, 0, 0, 0, 6, 1, 1, 1
0, 0, 0, 0, 0, 0, 7, 4, 4
0, 0, 0, 0, 6, 3, 3, 3, 3
0, 0, 0, 0, 0, 0, 0, 0, 6
0, 0, 0, 0, 0, 6, 1, 1, 1
0, 0, 0, 0, 0, 0, 6, 3, 3
0, 0, 0, 0, 0, 0, 0, 5, 5
0, 0, 0, 0, 0, 0, 0, 0, 6
0, 0, 0, 0, 7, 4, 4, 4, 4
0, 0, 0, 0, 0, 0, 6, 6, 6
0, 5, 1, 1, 1, 1, 1, 1, 1
0, 0, 0, 0, 0, 0, 0, 7, 1
0, 0, 0, 0, 0, 6, 6, 3, 3
0, 0, 0, 0, 0, 6, 1, 1, 1
0, 0, 0, 0, 0, 0, 0, 6, 6
0, 0, 0, 0, 0, 0, 0, 0, 6
0, 0, 0, 0, 0, 0, 6, 1, 1
0, 0, 0, 0, 0, 6, 1, 1, 1
0, 0, 0, 0, 0, 7, 4, 4, 4
0, 0, 0, 0, 0, 0, 0, 0, 6
0, 0, 0, 0, 0, 6, 6, 3, 3
0, 0, 0, 0, 0, 0, 0, 7, 1
0, 0, 0, 0, 0, 0, 0, 7, 1
0, 0, 0, 0, 7, 4, 4, 4, 4
0, 0, 0, 0, 0, 0, 0, 0, 6
0, 0, 0, 0, 7, 7, 7, 4, 4
0, 0, 0, 0, 0, 6, 1, 1, 1
0, 0, 0, 0, 0, 0, 0, 7, 1
0, 0, 0, 0, 6, 6, 3, 3, 3
0, 0, 0, 0, 0, 0, 0, 0, 6
0, 0, 0, 0, 0, 0, 0, 5, 5
0, 0, 0, 0, 0, 6, 1, 1, 1
0, 0, 0, 0, 0, 0, 0, 0, 6
0, 0, 0, 0, 0, 0, 0, 7, 1
0, 0, 0, 0, 0, 0, 0, 0, 6
0, 0, 0, 0, 0, 0, 0, 0, 6
0, 0, 0, 0, 0, 0, 0, 0, 6
0, 0, 0, 0, 0, 0, 7, 4, 4
0, 0, 0, 0, 0, 0, 0, 0, 6
0, 0, 0, 0, 7, 4, 4, 4, 4
0, 0, 0, 0, 0, 0, 0, 0, 6
0, 0, 0, 0, 0, 0, 0, 6, 6
0, 0, 0, 0, 0, 0, 6, 3, 3
0, 0, 0, 0, 0, 0, 0, 0, 6
0, 0, 0, 0, 0, 0, 0, 0, 6
0, 0, 0, 0, 0, 0, 0, 0, 6
0, 0, 0, 0, 0, 0, 0, 0, 6
0, 0, 0, 0, 0, 0, 0, 0, 6
0, 0, 0, 0, 0, 0, 0, 0, 6
0, 0, 0, 0, 0, 0, 0, 5, 2
0, 0, 0, 0, 0, 0, 0, 0, 6
0, 0, 0, 0, 0, 0, 0, 0, 6
0, 0, 0, 0, 0, 0, 0, 0, 6
0, 0, 0, 0, 0, 0, 0, 0, 6
0, 0, 0, 0, 0, 0, 0, 0, 6
0, 0, 0, 0, 0, 0, 0, 0, 6
0, 0, 0, 0, 0, 0, 6, 3, 3
0, 0, 0, 0, 0, 6, 3, 3, 3
0, 0, 0, 0, 0, 0, 0, 7, 4
0, 0, 0, 7, 4, 4, 4, 4, 4
0, 0, 0, 0, 0, 0, 0, 6, 3
0, 5, 1, 1, 1, 1, 1, 1, 1
0, 0, 0, 0, 0, 0, 0, 0, 6
0, 0, 0, 0, 0, 0, 0, 0, 6
0, 0, 0, 0, 0, 6, 3, 3, 3
0, 0, 0, 0, 0, 6, 6, 3, 3
0, 0, 0, 0, 0, 0, 0, 7, 1
0, 0, 0, 0, 0, 0, 0, 0, 6
0, 0, 0, 0, 0, 0, 6, 3, 3
0, 0, 0, 0, 0, 0, 0, 0, 6
0, 0, 0, 0, 0, 0, 7, 4, 4
0, 0, 0, 0, 7, 4, 4, 4, 4
0, 0, 0, 0, 0, 0, 0, 0, 6
0, 0, 0, 0, 0, 0, 6, 1, 1
0, 0, 0, 0, 0, 0, 0, 7, 4
0, 0, 0, 6, 3, 3, 3, 3, 3
0, 0, 0, 0, 0, 0, 6, 3, 3
0, 0, 0, 0, 0, 0, 0, 6, 6
0, 0, 0, 0, 0, 6, 1, 1, 1
0, 0, 0, 0, 0, 0, 0, 6, 6
0, 0, 0, 0, 0, 0, 0, 5, 5
0, 0, 0, 0, 0, 0, 0, 7, 1
0, 0, 0, 0, 0, 0, 0, 6, 6
0, 0, 0, 0, 0, 0, 0, 0, 6
0, 0, 0, 0, 0, 0, 0, 0, 6
0, 0, 0, 0, 0, 0, 0, 6, 3
0, 0, 0, 0, 0, 0, 0, 7, 4
0, 0, 0, 0, 0, 0, 0, 0, 6
0, 0, 0, 0, 0, 0, 0, 7, 4
0, 0, 0, 0, 0, 0, 0, 0, 6
0, 0, 7, 1, 1, 1, 1, 1, 1
0, 0, 0, 0, 0, 0, 0, 0, 6
0, 0, 0, 0, 0, 0, 0, 7, 1
0, 0, 0, 0, 0, 0, 0, 0, 6
0, 0, 0, 0, 0, 0, 0, 0, 6
0, 0, 0, 0, 0, 0, 0, 0, 6
0, 0, 0, 0, 0, 6, 1, 1, 1
0, 0, 0, 0, 0, 6, 1, 1, 1
0, 0, 0, 0, 7, 4, 4, 4, 4
0, 0, 0, 0, 0, 6, 3, 3, 3
0, 0, 0, 0, 0, 0, 0, 0, 6
0, 0, 0, 0, 6, 6, 6, 3, 3
0, 0, 0, 0, 0, 6, 1, 1, 1
0, 0, 0, 0, 0, 0, 0, 6, 3
0, 0, 0, 0, 0, 0, 6, 3, 3
0, 0, 0, 5, 5, 5, 5, 5, 5
0, 0, 0, 0, 0, 0, 0, 5, 5
0, 0, 0, 0, 0, 0, 0, 6, 6
0, 0, 0, 0, 6, 6, 6, 3, 3
0, 5, 1, 1, 1, 1, 1, 1, 1
0, 0, 0, 0, 0, 0, 6, 3, 3
0, 0, 0, 0, 0, 0, 0, 6, 6
0, 0, 0, 0, 0, 0, 0, 7, 1
0, 5, 1, 1, 1, 1, 1, 1, 1
0, 0, 0, 0, 0, 0, 0, 0, 6
0, 0, 0, 0, 0, 0, 0, 7, 1
0, 0, 0, 0, 0, 6, 6, 3, 3
0, 0, 0, 0, 0, 0, 0, 0, 6
0, 0, 0, 0, 0, 0, 6, 6, 3
0, 0, 0, 0, 6, 6, 6, 3, 3
0, 0, 0, 0, 7, 4, 4, 4, 4
0, 0, 0, 0, 0, 0, 0, 0, 6
0, 0, 0, 0, 6, 6, 6, 3, 3
0, 0, 0, 0, 0, 0, 0, 7, 4
0, 0, 0, 0, 7, 7, 7, 4, 4
0, 0, 0, 0, 0, 0, 6, 6, 6
0, 5, 1, 1, 1, 1, 1, 1, 1
0, 0, 0, 0, 0, 6, 6, 3, 3
0, 0, 0, 0, 0, 0, 6, 3, 3
0, 0, 0, 0, 0, 6, 1, 1, 1
0, 0, 0, 0, 0, 0, 0, 5, 5
0, 0, 0, 0, 0, 0, 0, 5, 2
0, 0, 0, 0, 0, 0, 0, 0, 6
0, 0, 0, 0, 0, 0, 0, 0, 6
0, 0, 0, 0, 6, 3, 3, 3, 3
0, 0, 0, 0, 0, 0, 0, 0, 6
0, 0, 0, 0, 0, 0, 0, 0, 6
0, 0, 0, 0, 0, 0, 0, 0, 6
0, 0, 0, 0, 0, 6, 6, 3, 3
0, 0, 0, 0, 0, 0, 0, 0, 6
0, 0, 0, 7, 4, 4, 4, 4, 4
0, 0, 0, 0, 0, 6, 1, 1, 1
0, 0, 0, 0, 0, 0, 0, 6, 6
0, 0, 0, 0, 7, 4, 4, 4, 4
0, 0, 0, 0, 7, 7, 7, 4, 4
0, 0, 0, 0, 0, 0, 0, 5, 2
0, 0, 0, 0, 6, 1, 1, 1, 1
0, 0, 0, 0, 6, 6, 6, 3, 3
0, 0, 0, 0, 0, 6, 1, 1, 1
0, 0, 0, 0, 6, 3, 3, 3, 3
0, 0, 0, 0, 0, 6, 3, 3, 3
0, 0, 0, 0, 0, 0, 0, 0, 6
0, 0, 0, 0, 0, 0, 0, 0, 6
0, 0, 0, 0, 0, 0, 0, 0, 6
0, 0, 0, 0, 7, 4, 4, 4, 4
0, 0, 0, 0, 0, 6, 6, 3, 3
0, 0, 0, 0, 7, 4, 4, 4, 4
0, 0, 0, 0, 0, 0, 0, 0, 6
0, 0, 0, 0, 0, 0, 0, 6, 6
0, 0, 0, 0, 0, 0, 0, 7, 4
0, 5, 1, 1, 1, 1, 1, 1, 1
0, 0, 0, 0, 0, 0, 0, 7, 4
0, 0, 0, 0, 0, 0, 7, 4, 4
0, 5, 1, 1, 1, 1, 1, 1, 1
0, 0, 0, 0, 0, 0, 0, 7, 1
0, 0, 0, 0, 0, 0, 0, 7, 1
0, 0, 0, 0, 0, 0, 0, 7, 1
0, 0, 0, 0, 0, 0, 0, 7, 1
0, 0, 0, 0, 0, 0, 0, 7, 1
0, 0, 0, 7, 4, 4, 4, 4, 4
0, 0, 0, 0, 0, 0, 0, 0, 6
0, 0, 0, 0, 0, 0, 0, 0, 6
0, 0, 0, 0, 0, 0, 0, 0, 6
0, 0, 0, 0, 0, 0, 0, 0, 6
0, 0, 0, 0, 0, 6, 6, 6, 3
0, 0, 0, 0, 0, 0, 0, 0, 6
0, 0, 0, 0, 0, 0, 6, 3, 3
0, 0, 0, 0, 0, 0, 0, 6, 6
0, 0, 0, 0, 7, 7, 7, 4, 4
0, 0, 0, 0, 0, 0, 0, 0, 6
0, 0, 0, 0, 0, 0, 0, 0, 6
0, 0, 0, 0, 0, 0, 0, 0, 6
0, 0, 5, 5, 5, 5, 5, 5, 5
0, 0, 0, 0, 0, 0, 6, 1, 1
0, 0, 0, 0, 0, 6, 1, 1, 1
0, 0, 0, 0, 0, 6, 3, 3, 3
0, 0, 0, 0, 7, 4, 4, 4, 4
0, 5, 1, 1, 1, 1, 1, 1, 1
0, 0, 0, 0, 0, 0, 0, 7, 1
0, 0, 0, 0, 0, 7, 4, 4, 4
0, 0, 0, 0, 7, 4, 4, 4, 4
0, 0, 0, 0, 0, 0, 0, 6, 6
0, 0, 0, 0, 0, 6, 1, 1, 1
0, 0, 0, 0, 0, 0, 0, 6, 3
0, 0, 0, 0, 0, 0, 0, 0, 6
0, 0, 0, 0, 0, 0, 0, 5, 5
0, 0, 0, 0, 0, 0, 0, 7, 1
0, 0, 0, 0, 0, 6, 1, 1, 1
0, 0, 0, 0, 6, 3, 3, 3, 3
0, 0, 0, 0, 0, 6, 3, 3, 3
0, 0, 0, 0, 0, 6, 1, 1, 1
0, 0, 0, 0, 0, 0, 0, 0, 6
0, 0, 0, 0, 0, 0, 0, 0, 6
0, 0, 0, 0, 6, 6, 6, 3, 3
0, 0, 0, 0, 0, 0, 0, 0, 6
0, 0, 0, 0, 0, 0, 0, 6, 6
0, 5, 1, 1, 1, 1, 1, 1, 1
0, 0, 0, 0, 0, 0, 0, 6, 6
0, 0, 0, 0, 0, 6, 1, 1, 1
0, 0, 0, 0, 0, 0, 0, 0, 6
0, 0, 0, 0, 0, 6, 1, 1, 1
0, 0, 0, 0, 7, 4, 4, 4, 4
0, 0, 0, 0, 0, 0, 0, 0, 6
0, 0, 0, 0, 0, 0, 0, 6, 3
0, 5, 1, 1, 1, 1, 1, 1, 1
0, 0, 0, 0, 0, 0, 0, 0, 6
0, 0, 0, 0, 0, 6, 6, 3, 3
0, 0, 0, 0, 0, 0, 0, 6, 6
0, 0, 0, 0, 0, 0, 6, 3, 3
0, 0, 0, 0, 0, 0, 0, 7, 1
0, 0, 0, 0, 7, 4, 4, 4, 4
0, 0, 0, 0, 6, 6, 6, 3, 3
0, 0, 0, 0, 0, 0, 0, 7, 1
0, 0, 0, 0, 0, 0, 0, 0, 6
0, 0, 7, 4, 4, 4, 4, 4, 4
0, 0, 0, 0, 0, 6, 1, 1, 1
0, 0, 0, 0, 6, 1, 1, 1, 1
0, 0, 0, 0, 0, 7, 7, 4, 4
0, 0, 0, 0, 0, 0, 0, 0, 6
0, 0, 0, 0, 7, 7, 7, 4, 4
0, 0, 0, 0, 0, 0, 0, 0, 6
0, 0, 0, 0, 0, 0, 0, 0, 6
0, 0, 0, 0, 0, 0, 0, 5, 5
0, 0, 0, 0, 0, 0, 0, 0, 6
0, 0, 0, 0, 0, 0, 0, 0, 6
0, 0, 0, 0, 0, 0, 0, 7, 4
0, 0, 0, 0, 0, 0, 0, 0, 6
0, 0, 0, 0, 0, 0, 0, 0, 6
0, 0, 0, 0, 0, 6, 1, 1, 1
0, 0, 0, 0, 0, 0, 0, 7, 4
0, 0, 0, 0, 0, 0, 0, 7, 1
0, 0, 0, 0, 0, 0, 0, 0, 6
0, 0, 0, 0, 0, 0, 0, 6, 6
0, 0, 0, 0, 0, 0, 0, 0, 6
0, 0, 0, 0, 0, 0, 0, 6, 6
0, 0, 0, 0, 0, 6, 1, 1, 1
0, 0, 0, 0, 6, 1, 1, 1, 1
0, 0, 0, 0, 0, 0, 6, 3, 3
0, 0, 0, 0, 0, 0, 6, 3, 3
0, 5, 1, 1, 1, 1, 1, 1, 1
0, 0, 0, 0, 7, 4, 4, 4, 4
0, 0, 0, 0, 0, 0, 0, 0, 6
0, 0, 0, 0, 0, 0, 0, 6, 6
0, 0, 0, 0, 0, 6, 6, 6, 6
0, 0, 0, 0, 0, 0, 6, 3, 3
0, 0, 5, 5, 5, 5, 5, 5, 5
0, 0, 0, 0, 6, 1, 1, 1, 1
0, 5, 1, 1, 1, 1, 1, 1, 1
0, 0, 0, 0, 0, 0, 6, 3, 3
0, 0, 0, 0, 0, 0, 0, 7, 4
0, 0, 0, 0, 0, 7, 4, 4, 4
0, 0, 0, 0, 0, 0, 0, 6, 6
0, 0, 0, 0, 0, 6, 1, 1, 1
0, 0, 0, 0, 0, 0, 0, 0, 6
0, 0, 0, 0, 0, 0, 7, 4, 4
0, 5, 1, 1, 1, 1, 1, 1, 1
0, 0, 0, 0, 0, 0, 0, 7, 1
0, 0, 0, 0, 0, 6, 1, 1, 1
0, 0, 0, 6, 1, 1, 1, 1, 1
0, 0, 0, 0, 0, 0, 0, 7, 1
0, 0, 0, 0, 0, 0, 0, 0, 6
0, 0, 0, 0, 0, 0, 0, 0, 6
0, 0, 0, 0, 0, 0, 0, 0, 6
0, 0, 0, 0, 0, 0, 0, 7, 1
0, 0, 0, 0, 0, 0, 0, 0, 6
0, 0, 0, 0, 7, 4, 4, 4, 4
0, 0, 0, 0, 0, 0, 0, 0, 6
0, 0, 0, 0, 0, 0, 0, 0, 6
0, 0, 0, 0, 0, 0, 0, 0, 6
0, 0, 7, 1, 1, 1, 1, 1, 1
0, 0, 0, 0, 0, 0, 0, 0, 6
0, 0, 0, 0, 0, 0, 7, 4, 4
0, 0, 0, 0, 0, 0, 0, 7, 1
0, 0, 0, 0, 0, 0, 0, 0, 6
0, 0, 0, 0, 0, 6, 6, 3, 3
0, 0, 0, 0, 0, 0, 0, 0, 6
0, 0, 0, 0, 0, 0, 0, 0, 6
0, 0, 0, 0, 0, 0, 0, 0, 6
0, 0, 0, 0, 0, 0, 0, 0, 6
0, 0, 0, 0, 0, 0, 0, 6, 6
0, 0, 0, 0, 7, 4, 4, 4, 4
0, 0, 0, 0, 0, 7, 4, 4, 4
0, 0, 0, 0, 7, 4, 4, 4, 4
0, 0, 0, 0, 0, 0, 0, 6, 6
0, 0, 0, 0, 0, 6, 1, 1, 1
0, 0, 0, 0, 0, 0, 0, 7, 1
0, 0, 0, 0, 0, 0, 0, 6, 6
0, 0, 0, 0, 0, 6, 6, 3, 3
0, 0, 0, 0, 0, 0, 0, 0, 6
0, 0, 0, 0, 0, 0, 0, 6, 6
0, 0, 0, 0, 0, 6, 1, 1, 1
0, 0, 0, 0, 0, 0, 0, 6, 6
0, 0, 0, 0, 0, 6, 1, 1, 1
0, 0, 0, 0, 0, 0, 0, 7, 1
0, 0, 0, 0, 0, 0, 0, 7, 1
0, 0, 0, 0, 0, 0, 0, 7, 1
0, 0, 0, 0, 0, 0, 0, 7, 1
0, 0, 0, 0, 0, 0, 0, 6, 6
0, 0, 0, 0, 6, 6, 6, 6, 3
0, 0, 0, 0, 0, 0, 0, 0, 6
0, 0, 0, 0, 0, 0, 0, 0, 6
0, 0, 0, 0, 0, 0, 0, 0, 6
0, 0, 0, 0, 0, 0, 0, 0, 6
0, 0, 0, 0, 0, 6, 3, 3, 3
0, 0, 0, 0, 0, 6, 1, 1, 1
0, 0, 0, 0, 0, 0, 0, 0, 6
0, 0, 0, 0, 0, 7, 4, 4, 4
0, 0, 0, 0, 0, 6, 1, 1, 1
0, 0, 0, 0, 0, 6, 1, 1, 1
0, 0, 0, 0, 0, 6, 1, 1, 1
0, 0, 0, 0, 0, 6, 1, 1, 1
0, 0, 0, 0, 0, 6, 1, 1, 1
0, 0, 0, 0, 0, 6, 1, 1, 1
0, 0, 0, 0, 0, 6, 1, 1, 1
0, 0, 0, 0, 0, 6, 1, 1, 1
0, 0, 0, 0, 0, 6, 1, 1, 1
0, 0, 0, 0, 6, 6, 6, 3, 3
0, 0, 0, 0, 7, 7, 7, 7, 4
0, 0, 0, 0, 0, 0, 0, 0, 6
0, 0, 0, 0, 0, 6, 1, 1, 1
0, 0, 0, 0, 0, 0, 0, 7, 1
0, 0, 6, 6, 6, 6, 6, 3, 3
0, 0, 0, 0, 0, 7, 7, 4, 4
0, 0, 0, 0, 0, 0, 0, 6, 6
0, 0, 0, 0, 0, 0, 7, 4, 4
0, 0, 0, 0, 0, 0, 0, 6, 6
0, 0, 0, 0, 0, 0, 0, 7, 1
0, 0, 0, 0, 0, 0, 0, 7, 1
0, 0, 0, 0, 0, 0, 0, 6, 6
0, 0, 0, 0, 0, 6, 1, 1, 1
0, 0, 0, 0, 0, 0, 0, 6, 6
0, 0, 0, 0, 0, 6, 6, 3, 3
0, 0, 0, 0, 0, 0, 0, 0, 6
0, 0, 0, 0, 7, 4, 4, 4, 4
0, 0, 0, 0, 0, 0, 7, 4, 4
0, 0, 0, 0, 0, 0, 0, 7, 1
0, 0, 0, 0, 0, 0, 0, 6, 6
0, 0, 0, 7, 4, 4, 4, 4, 4
0, 0, 0, 0, 0, 0, 0, 0, 6
0, 0, 0, 0, 0, 0, 0, 0, 6
0, 0, 0, 0, 0, 0, 0, 7, 4
0, 0, 0, 0, 0, 0, 6, 3, 3
0, 0, 0, 0, 0, 6, 1, 1, 1
0, 0, 0, 0, 0, 0, 6, 3, 3
0, 0, 6, 6, 6, 6, 6, 3, 3
0, 0, 0, 0, 0, 0, 0, 7, 1
0, 0, 0, 0, 0, 0, 0, 7, 1
0, 0, 0, 0, 0, 6, 1, 1, 1
0, 0, 0, 0, 6, 3, 3, 3, 3
0, 5, 1, 1, 1, 1, 1, 1, 1
0, 0, 0, 0, 0, 6, 1, 1, 1
0, 0, 0, 0, 0, 0, 0, 6, 6
0, 0, 0, 0, 0, 0, 0, 6, 6
0, 0, 0, 0, 0, 0, 7, 4, 4
0, 0, 0, 0, 0, 0, 0, 0, 6
0, 0, 0, 0, 0, 0, 0, 6, 6
0, 0, 0, 0, 0, 0, 0, 0, 6
0, 0, 0, 0, 0, 0, 0, 0, 6
0, 0, 0, 0, 0, 0, 0, 6, 6
0, 0, 0, 0, 0, 6, 1, 1, 1
0, 0, 0, 0, 0, 0, 0, 6, 3
0, 0, 0, 0, 0, 0, 0, 6, 6
0, 0, 0, 0, 0, 6, 1, 1, 1
0, 0, 0, 0, 0, 0, 0, 5, 5
0, 0, 0, 0, 0, 0, 0, 6, 3
0, 0, 0, 0, 0, 0, 0, 6, 6
0, 0, 0, 0, 0, 6, 1, 1, 1
0, 0, 0, 0, 0, 0, 0, 7, 1
0, 0, 0, 0, 0, 6, 1, 1, 1
0, 0, 0, 0, 0, 6, 1, 1, 1
0, 0, 0, 0, 0, 0, 0, 6, 6
0, 0, 0, 0, 0, 6, 6, 3, 3
0, 0, 0, 0, 0, 6, 1, 1, 1
0, 0, 0, 0, 0, 0, 0, 7, 1
0, 0, 0, 0, 0, 6, 1, 1, 1
0, 0, 0, 0, 0, 0, 0, 0, 6
0, 0, 0, 0, 0, 0, 0, 0, 6
0, 5, 1, 1, 1, 1, 1, 1, 1
0, 0, 6, 3, 3, 3, 3, 3, 3
0, 0, 0, 0, 0, 0, 0, 5, 5
0, 0, 0, 0, 0, 6, 1, 1, 1
0, 0, 0, 0, 0, 0, 0, 6, 3
0, 0, 0, 7, 4, 4, 4, 4, 4
0, 0, 0, 7, 7, 4, 4, 4, 4
0, 5, 1, 1, 1, 1, 1, 1, 1
0, 0, 0, 0, 0, 6, 1, 1, 1
0, 0, 0, 0, 0, 0, 0, 7, 4
0, 0, 0, 0, 0, 0, 0, 7, 1
0, 0, 0, 0, 0, 0, 0, 0, 6
0, 0, 0, 7, 1, 1, 1, 1, 1
0, 0, 0, 0, 0, 0, 0, 0, 6
0, 0, 0, 0, 0, 0, 0, 0, 6
0, 0, 0, 0, 0, 0, 0, 0, 6
0, 0, 0, 0, 0, 6, 6, 3, 3
0, 0, 0, 0, 6, 1, 1, 1, 1
0, 0, 0, 0, 6, 3, 3, 3, 3
0, 0, 0, 0, 0, 0, 0, 0, 6
0, 0, 0, 0, 0, 0, 6, 3, 3
0, 0, 0, 0, 0, 0, 0, 0, 6
0, 0, 0, 0, 0, 0, 0, 6, 6
0, 0, 0, 0, 0, 0, 0, 7, 1
0, 0, 0, 0, 0, 0, 0, 6, 6
0, 0, 0, 0, 0, 0, 0, 5, 2
0, 0, 0, 0, 0, 0, 0, 6, 6
0, 0, 0, 0, 6, 1, 1, 1, 1
0, 0, 0, 0, 0, 7, 7, 7, 4
0, 0, 0, 0, 0, 7, 7, 7, 4
0, 0, 0, 0, 6, 1, 1, 1, 1
0, 0, 0, 6, 3, 3, 3, 3, 3
0, 0, 0, 0, 0, 6, 1, 1, 1
0, 0, 0, 0, 0, 0, 0, 0, 6
0, 0, 0, 7, 4, 4, 4, 4, 4
0, 0, 0, 0, 0, 0, 0, 6, 6
0, 0, 0, 0, 0, 0, 0, 6, 3
0, 0, 0, 0, 0, 0, 7, 4, 4
0, 0, 0, 0, 0, 0, 6, 3, 3
0, 0, 0, 0, 7, 7, 7, 4, 4
0, 0, 0, 0, 0, 6, 6, 3, 3
0, 0, 0, 0, 0, 6, 1, 1, 1
0, 0, 0, 0, 0, 0, 6, 6, 3
0, 0, 0, 0, 0, 0, 0, 7, 1
0, 0, 0, 0, 0, 6, 1, 1, 1
0, 0, 0, 0, 0, 0, 0, 7, 1
0, 0, 0, 0, 0, 0, 0, 7, 4
0, 0, 0, 0, 0, 0, 0, 7, 4
0, 0, 0, 0, 6, 1, 1, 1, 1
0, 0, 0, 0, 0, 0, 7, 7, 4
0, 5, 1, 1, 1, 1, 1, 1, 1
0, 0, 0, 0, 0, 0, 0, 6, 6
0, 0, 0, 0, 6, 1, 1, 1, 1
0, 0, 0, 0, 0, 0, 0, 0, 6
0, 0, 0, 0, 0, 0, 0, 7, 1
0, 0, 0, 0, 0, 0, 0, 7, 1
0, 0, 0, 0, 0, 0, 0, 7, 1
0, 0, 0, 0, 0, 0, 0, 7, 1
0, 0, 0, 0, 0, 0, 0, 7, 1
0, 0, 0, 0, 6, 3, 3, 3, 3
0, 0, 0, 0, 0, 0, 7, 4, 4
0, 0, 0, 0, 0, 0, 0, 6, 6
0, 0, 0, 0, 6, 3, 3, 3, 3
0, 0, 0, 0, 0, 0, 0, 6, 6
0, 0, 0, 0, 0, 0, 0, 5, 5
0, 0, 0, 0, 0, 0, 7, 4, 4
0, 5, 1, 1, 1, 1, 1, 1, 1
0, 0, 0, 0, 0, 6, 6, 3, 3
0, 0, 0, 0, 0, 0, 0, 0, 6
0, 0, 0, 0, 0, 0, 0, 5, 5
0, 0, 0, 0, 0, 6, 3, 3, 3
0, 0, 0, 0, 0, 0, 0, 0, 6
0, 0, 0, 0, 0, 0, 0, 7, 1
0, 0, 0, 0, 0, 6, 1, 1, 1
0, 0, 0, 0, 0, 0, 0, 6, 6
0, 0, 0, 0, 0, 0, 0, 7, 4
0, 0, 0, 0, 0, 0, 0, 0, 6
0, 0, 0, 0, 0, 6, 1, 1, 1
0, 0, 0, 0, 0, 0, 6, 3, 3
0, 0, 0, 0, 0, 6, 3, 3, 3
0, 0, 0, 0, 7, 4, 4, 4, 4
0, 0, 0, 0, 0, 6, 1, 1, 1
0, 0, 0, 0, 0, 0, 0, 0, 6
0, 0, 0, 0, 0, 6, 6, 3, 3
0, 0, 0, 0, 0, 0, 7, 4, 4
0, 0, 0, 0, 0, 0, 0, 6, 6
0, 0, 0, 0, 0, 0, 0, 7, 1
0, 0, 0, 0, 0, 0, 0, 7, 4
0, 0, 0, 0, 0, 0, 7, 4, 4
0, 0, 0, 7, 4, 4, 4, 4, 4
0, 0, 0, 0, 7, 4, 4, 4, 4
0, 0, 0, 0, 0, 0, 0, 5, 5
0, 0, 0, 0, 0, 0, 0, 0, 6
0, 0, 0, 0, 0, 0, 0, 0, 6
0, 0, 0, 0, 0, 0, 0, 0, 6
0, 0, 0, 0, 0, 0, 0, 0, 6
0, 0, 0, 0, 0, 6, 1, 1, 1
0, 0, 0, 0, 7, 4, 4, 4, 4
0, 0, 0, 0, 0, 6, 1, 1, 1
0, 0, 0, 0, 7, 7, 7, 7, 4
0, 0, 0, 0, 0, 6, 6, 3, 3
0, 0, 0, 0, 0, 0, 0, 0, 6
0, 0, 0, 0, 6, 6, 6, 3, 3
0, 0, 0, 0, 0, 0, 0, 0, 6
0, 0, 0, 0, 0, 0, 0, 6, 6
0, 0, 0, 0, 7, 4, 4, 4, 4
0, 0, 0, 0, 0, 0, 7, 4, 4
0, 0, 0, 0, 0, 6, 3, 3, 3
0, 0, 0, 0, 0, 0, 0, 7, 4
0, 0, 0, 0, 0, 7, 4, 4, 4
0, 0, 0, 0, 0, 6, 1, 1, 1
0, 0, 0, 0, 7, 7, 7, 4, 4
0, 0, 0, 0, 0, 0, 0, 0, 6
0, 0, 0, 0, 0, 0, 0, 0, 6
0, 0, 0, 0, 0, 0, 0, 0, 6
0, 0, 0, 0, 0, 0, 0, 0, 6
0, 0, 0, 0, 0, 0, 0, 0, 6
0, 0, 0, 0, 0, 0, 0, 6, 6
0, 0, 0, 0, 0, 0, 0, 0, 6
0, 0, 0, 0, 0, 0, 0, 0, 6
0, 0, 0, 0, 0, 0, 0, 5, 5
0, 0, 0, 0, 0, 0, 0, 6, 6
0, 0, 0, 0, 0, 0, 6, 3, 3
0, 5, 1, 1, 1, 1, 1, 1, 1
0, 0, 0, 0, 0, 0, 0, 7, 4
0, 0, 0, 0, 0, 7, 4, 4, 4
0, 0, 0, 0, 0, 0, 7, 4, 4
0, 0, 6, 3, 3, 3, 3, 3, 3
0, 0, 0, 0, 0, 7, 7, 4, 4
0, 0, 0, 0, 0, 0, 0, 7, 1
0, 0, 0, 0, 6, 1, 1, 1, 1
0, 0, 0, 0, 0, 6, 1, 1, 1
0, 0, 0, 0, 0, 6, 1, 1, 1
0, 0, 0, 0, 0, 6, 1, 1, 1
0, 0, 0, 0, 6, 1, 1, 1, 1
0, 0, 0, 0, 0, 0, 0, 7, 1
0, 0, 0, 0, 0, 0, 0, 0, 6
0, 0, 0, 0, 0, 0, 0, 0, 6
0, 0, 0, 0, 0, 0, 0, 0, 6
0, 0, 0, 0, 7, 4, 4, 4, 4
0, 0, 0, 0, 0, 0, 0, 7, 1
0, 0, 0, 0, 0, 6, 1, 1, 1
0, 0, 0, 0, 0, 6, 1, 1, 1
0, 0, 0, 0, 0, 6, 3, 3, 3
0, 0, 0, 0, 0, 0, 0, 0, 6
0, 0, 0, 0, 6, 3, 3, 3, 3
0, 0, 0, 0, 0, 6, 6, 3, 3
0, 0, 0, 0, 0, 0, 0, 0, 6
0, 0, 0, 0, 0, 0, 0, 0, 6
0, 0, 0, 0, 0, 0, 0, 0, 6
0, 0, 0, 0, 0, 0, 0, 0, 6
0, 0, 0, 0, 0, 0, 0, 0, 6
0, 0, 0, 0, 7, 4, 4, 4, 4
0, 0, 0, 0, 0, 7, 7, 4, 4
0, 0, 0, 0, 0, 0, 0, 5, 5
0, 0, 0, 0, 6, 6, 6, 3, 3
0, 0, 0, 0, 0, 0, 0, 7, 4
0, 0, 0, 0, 0, 0, 0, 0, 6
0, 0, 0, 0, 0, 6, 1, 1, 1
0, 0, 0, 0, 0, 0, 7, 4, 4
0, 0, 0, 0, 0, 0, 0, 7, 4
0, 0, 0, 0, 0, 6, 1, 1, 1
0, 0, 0, 0, 0, 0, 0, 6, 6
0, 0, 0, 0, 0, 0, 7, 4, 4
0, 0, 0, 0, 0, 0, 0, 7, 1
0, 0, 0, 0, 0, 0, 0, 7, 1
0, 0, 0, 0, 0, 0, 6, 1, 1
0, 0, 0, 0, 6, 3, 3, 3, 3
0, 0, 0, 0, 0, 0, 0, 0, 6
0, 0, 0, 0, 0, 0, 0, 6, 6
0, 0, 0, 0, 0, 0, 6, 3, 3
0, 0, 0, 0, 0, 0, 0, 7, 4
0, 0, 0, 0, 0, 0, 0, 5, 5
0, 0, 0, 0, 0, 0, 0, 7, 4
0, 0, 0, 0, 0, 6, 3, 3, 3
0, 0, 0, 0, 0, 0, 0, 7, 1
0, 0, 0, 0, 0, 6, 1, 1, 1
0, 0, 0, 0, 6, 6, 6, 3, 3
0, 0, 0, 0, 0, 0, 6, 1, 1
0, 0, 0, 0, 0, 6, 1, 1, 1
0, 0, 0, 0, 0, 0, 7, 4, 4
0, 0, 0, 7, 7, 7, 7, 4, 4
0, 0, 0, 0, 0, 0, 7, 1, 1
0, 0, 0, 7, 4, 4, 4, 4, 4
0, 0, 0, 0, 0, 6, 1, 1, 1
0, 0, 0, 0, 0, 0, 0, 0, 6
0, 5, 1, 1, 1, 1, 1, 1, 1
0, 0, 0, 0, 0, 6, 1, 1, 1
0, 0, 0, 0, 7, 4, 4, 4, 4
0, 0, 0, 0, 0, 0, 0, 0, 6
0, 0, 0, 0, 0, 0, 6, 3, 3
0, 0, 0, 0, 0, 0, 0, 0, 6
0, 0, 0, 0, 0, 0, 0, 7, 4
0, 0, 0, 0, 0, 6, 6, 3, 3
0, 0, 0, 0, 0, 0, 0, 0, 6
0, 0, 0, 0, 0, 0, 6, 1, 1
0, 0, 0, 0, 0, 0, 0, 0, 5
0, 0, 0, 0, 0, 0, 0, 7, 4
0, 0, 0, 0, 0, 0, 0, 7, 4
0, 0, 0, 0, 0, 0, 6, 3, 3
0, 0, 0, 0, 0, 6, 3, 3, 3
0, 0, 0, 0, 0, 0, 0, 7, 4
0, 0, 0, 0, 0, 6, 1, 1, 1
0, 0, 0, 0, 0, 0, 0, 5, 5
0, 0, 0, 0, 0, 6, 3, 3, 3
0, 0, 0, 0, 0, 0, 0, 6, 6
0, 0, 0, 0, 0, 0, 0, 0, 6
0, 0, 0, 0, 0, 0, 0, 7, 1
0, 0, 0, 0, 0, 0, 7, 4, 4
0, 0, 0, 0, 0, 0, 0, 6, 6
0, 0, 0, 0, 0, 0, 0, 0, 6
0, 0, 0, 0, 0, 0, 0, 0, 6
0, 0, 0, 0, 0, 0, 0, 6, 6
0, 0, 0, 0, 0, 0, 0, 0, 6
0, 0, 0, 0, 0, 0, 0, 0, 6
0, 0, 0, 0, 0, 0, 0, 7, 1
0, 0, 0, 0, 0, 0, 0, 7, 1
0, 0, 0, 0, 0, 0, 6, 3, 3
0, 0, 0, 0, 0, 0, 0, 6, 3
0, 0, 0, 0, 0, 0, 0, 0, 6
0, 0, 0, 0, 0, 0, 0, 0, 6
0, 0, 0, 0, 0, 0, 0, 6, 6
0, 0, 0, 0, 6, 1, 1, 1, 1
0, 0, 0, 0, 0, 0, 0, 5, 5
0, 0, 0, 0, 0, 0, 6, 3, 3
0, 0, 0, 0, 0, 6, 3, 3, 3
0, 0, 0, 0, 0, 6, 1, 1, 1
0, 0, 0, 0, 0, 0, 0, 0, 6
0, 0, 0, 0, 0, 0, 0, 0, 6
0, 0, 0, 0, 0, 0, 6, 3, 3
0, 0, 0, 0, 0, 0, 0, 0, 6
0, 0, 0, 0, 0, 0, 0, 0, 6
0, 0, 0, 0, 0, 0, 0, 6, 6
0, 0, 0, 0, 7, 4, 4, 4, 4
0, 0, 0, 0, 0, 6, 3, 3, 3
0, 0, 0, 0, 6, 6, 1, 1, 1
0, 0, 0, 0, 0, 0, 0, 0, 6
0, 0, 0, 0, 0, 0, 0, 0, 6
0, 0, 0, 0, 0, 0, 0, 0, 6
0, 0, 0, 0, 0, 0, 0, 0, 6
0, 0, 0, 0, 0, 0, 0, 7, 1
0, 0, 0, 0, 0, 0, 0, 0, 6
0, 0, 7, 4, 4, 4, 4, 4, 4
0, 0, 0, 0, 0, 0, 0, 6, 6
0, 0, 0, 0, 0, 0, 0, 6, 6
0, 0, 0, 0, 0, 6, 1, 1, 1
0, 0, 0, 0, 0, 6, 1, 1, 1
0, 5, 1, 1, 1, 1, 1, 1, 1
0, 0, 0, 0, 0, 6, 3, 3, 3
0, 0, 0, 0, 0, 0, 0, 0, 6
0, 0, 0, 0, 0, 6, 1, 1, 1
0, 0, 0, 0, 0, 0, 0, 7, 4
0, 0, 0, 0, 0, 0, 0, 0, 6
0, 0, 0, 0, 0, 0, 0, 0, 6
0, 0, 0, 0, 0, 6, 3, 3, 3
0, 0, 0, 0, 0, 0, 0, 0, 6
0, 0, 0, 0, 0, 6, 1, 1, 1
0, 0, 0, 0, 0, 0, 0, 6, 6
0, 0, 0, 0, 0, 6, 6, 3, 3
0, 0, 0, 0, 0, 6, 1, 1, 1
0, 0, 0, 0, 0, 0, 6, 3, 3
0, 0, 0, 0, 0, 0, 0, 0, 6
0, 0, 0, 0, 0, 0, 0, 0, 6
0, 0, 0, 0, 0, 0, 0, 0, 6
0, 0, 0, 0, 0, 0, 0, 0, 6
0, 0, 0, 0, 0, 6, 1, 1, 1
0, 0, 0, 0, 7, 4, 4, 4, 4
0, 0, 0, 0, 0, 6, 3, 3, 3
0, 0, 0, 0, 6, 3, 3, 3, 3
0, 0, 0, 0, 0, 0, 0, 0, 6
0, 0, 0, 0, 0, 7, 7, 4, 4
0, 0, 0, 0, 7, 4, 4, 4, 4
0, 0, 0, 0, 7, 4, 4, 4, 4
0, 0, 0, 0, 0, 0, 0, 6, 6
0, 0, 6, 6, 6, 6, 3, 3, 3
0, 0, 0, 0, 0, 6, 3, 3, 3
0, 0, 0, 0, 0, 7, 7, 7, 4
0, 0, 0, 0, 0, 0, 0, 0, 6
0, 0, 6, 6, 6, 6, 6, 3, 3
0, 0, 0, 0, 0, 0, 0, 0, 6
0, 0, 0, 0, 0, 0, 0, 0, 6
0, 0, 0, 0, 0, 0, 0, 0, 6
0, 0, 0, 0, 0, 0, 0, 0, 6
0, 0, 0, 0, 0, 0, 0, 0, 6
0, 0, 0, 0, 0, 7, 4, 4, 4
0, 0, 0, 0, 0, 0, 6, 3, 3
0, 0, 0, 0, 0, 6, 3, 3, 3
0, 0, 0, 0, 0, 0, 0, 6, 6
0, 0, 0, 0, 6, 1, 1, 1, 1
0, 0, 0, 0, 0, 0, 0, 0, 6
0, 0, 0, 0, 0, 0, 0, 0, 6
0, 0, 0, 0, 0, 7, 7, 4, 4
0, 0, 0, 0, 0, 0, 0, 0, 6
0, 0, 0, 0, 0, 0, 0, 7, 1
0, 0, 0, 0, 0, 0, 0, 6, 6
0, 0, 0, 0, 0, 0, 0, 0, 6
0, 0, 0, 6, 3, 3, 3, 3, 3
0, 0, 0, 0, 0, 6, 3, 3, 3
0, 0, 0, 0, 0, 0, 0, 0, 6
0, 0, 0, 0, 0, 0, 0, 0, 6
0, 0, 0, 6, 6, 3, 3, 3, 3
0, 0, 0, 0, 0, 0, 6, 3, 3
0, 0, 0, 0, 0, 0, 0, 7, 1
0, 0, 0, 0, 0, 0, 6, 3, 3
0, 0, 0, 0, 0, 5, 5, 5, 5
0, 0, 0, 0, 0, 0, 0, 7, 4
0, 0, 0, 0, 0, 0, 0, 7, 1
0, 0, 0, 0, 0, 0, 0, 7, 1
0, 0, 0, 0, 0, 0, 0, 7, 1
0, 0, 0, 0, 0, 0, 0, 7, 1
0, 0, 0, 0, 0, 0, 0, 7, 1
0, 0, 0, 0, 0, 0, 0, 7, 1
0, 0, 0, 0, 0, 0, 0, 7, 1
0, 0, 0, 0, 0, 0, 0, 7, 1
0, 0, 0, 0, 0, 0, 0, 7, 1
0, 0, 0, 0, 0, 0, 0, 7, 1
0, 0, 0, 0, 0, 0, 0, 7, 1
0, 0, 0, 0, 0, 0, 0, 7, 1
0, 0, 0, 0, 0, 0, 0, 7, 1
0, 0, 0, 0, 0, 0, 0, 7, 1
0, 0, 0, 0, 0, 0, 0, 7, 1
0, 0, 0, 0, 0, 0, 0, 7, 1
0, 0, 0, 0, 0, 7, 7, 7, 4
0, 0, 0, 0, 5, 5, 5, 5, 5
0, 0, 0, 6, 1, 1, 1, 1, 1
0, 0, 0, 0, 6, 1, 1, 1, 1
0, 0, 0, 0, 0, 0, 0, 0, 6
0, 0, 0, 0, 0, 0, 0, 7, 1
0, 0, 0, 0, 0, 0, 0, 7, 4
0, 0, 0, 0, 0, 0, 6, 1, 1
0, 0, 0, 0, 0, 0, 0, 0, 6
0, 0, 0, 0, 0, 6, 3, 3, 3
0, 0, 0, 0, 7, 4, 4, 4, 4
0, 0, 0, 0, 7, 7, 7, 4, 4
0, 0, 0, 0, 0, 0, 0, 0, 6
0, 0, 0, 0, 0, 0, 0, 7, 1
0, 0, 7, 4, 4, 4, 4, 4, 4
0, 0, 0, 0, 0, 0, 0, 7, 1
0, 0, 7, 1, 1, 1, 1, 1, 1
0, 0, 0, 0, 0, 6, 1, 1, 1
0, 0, 0, 0, 0, 0, 0, 7, 4
0, 0, 0, 0, 0, 6, 1, 1, 1
0, 0, 0, 0, 6, 3, 3, 3, 3
0, 0, 0, 0, 0, 0, 0, 0, 6
0, 0, 0, 0, 0, 0, 0, 6, 6
0, 0, 0, 6, 1, 1, 1, 1, 1
0, 0, 0, 0, 0, 0, 0, 6, 6
0, 0, 0, 0, 0, 6, 1, 1, 1
0, 0, 0, 0, 6, 3, 3, 3, 3
0, 5, 1, 1, 1, 1, 1, 1, 1
0, 0, 0, 0, 0, 6, 3, 3, 3
0, 0, 0, 0, 7, 4, 4, 4, 4
0, 0, 0, 0, 0, 0, 0, 7, 1
0, 0, 0, 0, 0, 0, 0, 0, 6
0, 0, 0, 0, 0, 6, 1, 1, 1
0, 0, 0, 0, 0, 0, 6, 3, 3
0, 0, 0, 0, 6, 1, 1, 1, 1
0, 0, 0, 0, 0, 6, 1, 1, 1
0, 0, 0, 0, 0, 6, 3, 3, 3
0, 0, 0, 0, 0, 0, 0, 7, 4
0, 0, 0, 0, 0, 0, 0, 6, 6
0, 0, 0, 0, 0, 0, 0, 7, 1
0, 0, 0, 0, 0, 6, 3, 3, 3
0, 0, 0, 0, 0, 6, 1, 1, 1
0, 0, 0, 0, 0, 0, 0, 0, 6
0, 0, 0, 0, 7, 4, 4, 4, 4
0, 5, 1, 1, 1, 1, 1, 1, 1
0, 0, 0, 0, 0, 0, 0, 0, 6
0, 5, 1, 1, 1, 1, 1, 1, 1
0, 0, 0, 0, 0, 0, 7, 4, 4
0, 5, 1, 1, 1, 1, 1, 1, 1
0, 0, 0, 0, 0, 6, 3, 3, 3
0, 0, 0, 0, 0, 0, 0, 6, 3
0, 0, 0, 0, 0, 6, 6, 3, 3
0, 0, 0, 0, 0, 0, 0, 7, 4
0, 0, 0, 0, 0, 6, 1, 1, 1
0, 0, 0, 0, 0, 0, 0, 0, 6
0, 0, 0, 0, 0, 0, 0, 0, 6
0, 0, 0, 0, 0, 0, 0, 6, 3
0, 0, 0, 0, 0, 0, 0, 7, 4
0, 0, 0, 0, 7, 4, 4, 4, 4
0, 0, 0, 0, 0, 0, 0, 6, 6
0, 0, 0, 0, 0, 6, 6, 3, 3
0, 0, 0, 0, 0, 6, 6, 3, 3
0, 0, 0, 0, 0, 0, 0, 6, 3
0, 0, 0, 0, 0, 0, 0, 6, 6
0, 0, 0, 0, 6, 6, 6, 3, 3
0, 0, 0, 0, 0, 0, 0, 7, 4
0, 0, 0, 0, 0, 0, 0, 0, 6
0, 0, 0, 0, 0, 7, 1, 1, 1
0, 0, 0, 0, 0, 6, 6, 3, 3
0, 0, 5, 5, 5, 5, 5, 5, 5
0, 0, 0, 0, 0, 6, 1, 1, 1
0, 0, 0, 0, 0, 6, 6, 3, 3
0, 0, 0, 0, 0, 0, 0, 0, 6
0, 0, 0, 0, 0, 0, 7, 1, 1
0, 0, 0, 0, 0, 0, 0, 0, 6
0, 0, 0, 0, 0, 0, 0, 0, 6
0, 0, 0, 0, 0, 0, 6, 3, 3
0, 0, 0, 0, 0, 6, 1, 1, 1
0, 0, 0, 0, 0, 0, 6, 3, 3
0, 0, 0, 0, 0, 6, 1, 1, 1
0, 0, 0, 0, 0, 6, 1, 1, 1
0, 0, 0, 0, 0, 7, 7, 4, 4
0, 0, 0, 0, 0, 0, 0, 0, 6
0, 0, 5, 5, 5, 5, 5, 5, 5
0, 0, 0, 0, 0, 6, 1, 1, 1
0, 0, 0, 0, 0, 0, 6, 3, 3
0, 0, 0, 0, 0, 0, 0, 7, 1
0, 0, 0, 0, 0, 0, 0, 7, 1
0, 0, 0, 0, 0, 6, 1, 1, 1
0, 0, 0, 0, 0, 0, 0, 0, 6
0, 0, 0, 0, 0, 0, 0, 0, 6
0, 0, 0, 0, 0, 0, 0, 0, 6
0, 0, 0, 0, 0, 0, 0, 0, 6
0, 0, 0, 0, 0, 0, 0, 6, 6
0, 0, 0, 0, 0, 6, 3, 3, 3
0, 0, 0, 0, 0, 0, 0, 7, 4
0, 0, 0, 0, 6, 6, 6, 3, 3
0, 0, 0, 6, 3, 3, 3, 3, 3
0, 0, 0, 0, 6, 1, 1, 1, 1
0, 0, 0, 0, 7, 4, 4, 4, 4
0, 0, 0, 0, 0, 0, 6, 3, 3
0, 0, 0, 0, 0, 6, 1, 1, 1
0, 0, 0, 0, 0, 0, 0, 7, 1
0, 0, 0, 0, 0, 0, 6, 3, 3
0, 0, 0, 0, 6, 1, 1, 1, 1
0, 0, 0, 0, 0, 7, 7, 7, 4
0, 0, 0, 0, 0, 0, 0, 0, 6
0, 0, 0, 0, 6, 1, 1, 1, 1
0, 0, 6, 6, 6, 6, 6, 3, 3
0, 0, 0, 0, 0, 0, 0, 6, 6
0, 0, 0, 0, 0, 6, 1, 1, 1
0, 0, 0, 0, 0, 0, 0, 6, 3
0, 0, 0, 0, 0, 7, 7, 4, 4
0, 0, 0, 0, 0, 6, 1, 1, 1
0, 0, 0, 0, 0, 0, 0, 0, 6
0, 0, 0, 0, 6, 6, 3, 3, 3
0, 0, 0, 0, 6, 1, 1, 1, 1
0, 0, 0, 0, 0, 0, 0, 0, 6
0, 0, 0, 0, 0, 0, 0, 6, 6
0, 0, 0, 0, 6, 1, 1, 1, 1
0, 0, 0, 0, 0, 0, 0, 0, 6
0, 0, 0, 0, 0, 0, 7, 4, 4
0, 0, 0, 0, 0, 0, 0, 0, 6
0, 0, 0, 0, 6, 6, 3, 3, 3
0, 0, 0, 0, 0, 6, 1, 1, 1
0, 0, 0, 0, 0, 0, 0, 6, 6
0, 0, 0, 0, 0, 0, 0, 6, 6
0, 0, 0, 0, 0, 6, 6, 3, 3
0, 5, 5, 5, 1, 0, 5, 5, 5
0, 0, 0, 0, 0, 0, 7, 4, 4
0, 5, 1, 1, 1, 1, 1, 1, 1
0, 0, 0, 0, 0, 6, 1, 1, 1
0, 0, 0, 0, 0, 6, 1, 1, 1
0, 0, 0, 0, 0, 0, 0, 7, 4
0, 5, 1, 1, 1, 1, 1, 1, 1
0, 0, 0, 0, 7, 4, 4, 4, 4
0, 0, 0, 0, 0, 0, 0, 6, 6
0, 0, 0, 0, 0, 0, 0, 0, 6
0, 0, 0, 0, 0, 0, 0, 0, 6
0, 0, 0, 0, 0, 7, 7, 4, 4
0, 0, 0, 0, 0, 0, 0, 0, 6
0, 0, 0, 0, 0, 0, 0, 0, 6
0, 0, 0, 0, 0, 0, 0, 7, 4
0, 0, 0, 0, 0, 0, 0, 7, 1
0, 0, 0, 0, 0, 0, 0, 7, 4
0, 0, 0, 0, 0, 0, 6, 3, 3
0, 0, 0, 0, 0, 6, 1, 1, 1
0, 5, 1, 1, 1, 1, 1, 1, 1
0, 0, 0, 0, 6, 1, 1, 1, 1
0, 0, 0, 0, 6, 1, 1, 1, 1
0, 0, 0, 0, 0, 0, 0, 0, 6
0, 0, 0, 0, 0, 0, 0, 0, 6
0, 0, 0, 0, 0, 0, 0, 0, 6
0, 0, 0, 0, 0, 0, 0, 0, 6
0, 0, 0, 0, 0, 0, 0, 6, 6
0, 0, 0, 0, 0, 0, 0, 0, 6
0, 0, 0, 7, 1, 1, 1, 1, 1
0, 0, 0, 0, 6, 6, 6, 3, 3
0, 0, 0, 0, 0, 0, 0, 0, 6
0, 0, 0, 0, 0, 0, 0, 6, 6
0, 0, 0, 0, 0, 0, 0, 6, 3
0, 0, 0, 0, 0, 0, 0, 0, 6
0, 0, 0, 0, 6, 6, 6, 3, 3
0, 0, 0, 0, 0, 0, 0, 0, 6
0, 0, 0, 0, 0, 0, 0, 7, 1
0, 0, 0, 0, 6, 3, 3, 3, 3
0, 0, 0, 0, 0, 6, 1, 1, 1
0, 0, 0, 7, 7, 4, 4, 4, 4
0, 0, 0, 0, 0, 0, 0, 0, 6
0, 0, 0, 0, 0, 0, 0, 0, 6
0, 0, 0, 0, 0, 6, 3, 3, 3
0, 0, 0, 0, 0, 0, 0, 7, 1
0, 0, 0, 0, 0, 0, 0, 7, 4
0, 5, 1, 1, 1, 1, 1, 1, 1
0, 0, 0, 0, 0, 0, 0, 0, 6
0, 0, 0, 0, 0, 6, 1, 1, 1
0, 0, 0, 0, 0, 0, 0, 7, 4
0, 0, 0, 0, 6, 1, 1, 1, 1
0, 0, 0, 0, 0, 6, 1, 1, 1
0, 0, 0, 7, 7, 7, 1, 1, 1
0, 0, 0, 0, 6, 1, 1, 1, 1
0, 0, 0, 0, 0, 7, 7, 4, 4
0, 0, 0, 0, 0, 0, 7, 4, 4
0, 0, 0, 0, 0, 0, 0, 0, 6
0, 0, 0, 6, 1, 1, 1, 1, 1
0, 0, 0, 0, 0, 6, 1, 1, 1
0, 0, 0, 0, 0, 6, 3, 3, 3
0, 0, 0, 0, 7, 4, 4, 4, 4
0, 0, 0, 0, 0, 0, 0, 7, 1
0, 0, 0, 0, 0, 0, 0, 7, 1
0, 0, 0, 0, 0, 0, 0, 6, 6
0, 0, 0, 7, 1, 1, 1, 1, 1
0, 0, 0, 0, 0, 0, 0, 0, 6
0, 0, 0, 0, 0, 6, 3, 3, 3
0, 0, 0, 0, 0, 0, 0, 0, 6
0, 0, 0, 0, 0, 0, 0, 7, 1
0, 0, 0, 0, 0, 0, 6, 6, 3
0, 0, 0, 0, 0, 0, 0, 0, 6
0, 0, 7, 1, 1, 1, 1, 1, 1
0, 0, 0, 0, 7, 4, 4, 4, 4
0, 0, 0, 0, 7, 4, 4, 4, 4
0, 0, 0, 0, 0, 0, 0, 0, 6
0, 0, 0, 0, 0, 6, 1, 1, 1
0, 0, 0, 0, 0, 0, 0, 0, 6
0, 5, 1, 1, 1, 1, 1, 1, 1
0, 0, 0, 0, 0, 6, 1, 1, 1
0, 0, 0, 0, 0, 0, 0, 7, 4
0, 0, 0, 0, 0, 0, 0, 7, 1
0, 0, 0, 0, 0, 6, 1, 1, 1
0, 0, 0, 0, 0, 0, 0, 7, 4
0, 0, 0, 0, 0, 6, 6, 3, 3
0, 0, 0, 0, 0, 6, 1, 1, 1
0, 5, 1, 1, 1, 1, 1, 1, 1
0, 0, 0, 0, 0, 0, 0, 0, 6
0, 0, 0, 0, 0, 0, 0, 0, 6
0, 0, 0, 0, 0, 0, 0, 7, 1
0, 0, 0, 0, 0, 0, 0, 7, 1
0, 5, 1, 1, 1, 1, 1, 1, 1
0, 0, 0, 0, 0, 0, 0, 7, 1
0, 0, 0, 0, 0, 0, 0, 0, 6
0, 0, 0, 0, 0, 0, 0, 0, 6
0, 0, 0, 0, 0, 7, 4, 4, 4
0, 0, 0, 0, 0, 0, 0, 0, 6
0, 0, 0, 0, 0, 0, 0, 0, 6
0, 0, 0, 0, 0, 0, 6, 1, 1
0, 0, 0, 0, 0, 6, 1, 1, 1
0, 0, 0, 0, 0, 6, 1, 1, 1
0, 0, 0, 7, 1, 1, 1, 1, 1
0, 0, 0, 0, 0, 0, 0, 7, 4
0, 0, 0, 7, 1, 1, 1, 1, 1
0, 0, 0, 0, 7, 4, 4, 4, 4
0, 0, 0, 0, 0, 0, 0, 7, 4
0, 0, 0, 7, 1, 1, 1, 1, 1
0, 0, 0, 0, 0, 6, 1, 1, 1
0, 0, 7, 1, 1, 1, 1, 1, 1
0, 5, 1, 1, 1, 1, 1, 1, 1
0, 0, 0, 0, 0, 0, 7, 1, 1
0, 0, 0, 0, 0, 7, 7, 4, 4
0, 0, 0, 0, 0, 0, 0, 6, 3
0, 0, 0, 0, 0, 0, 0, 7, 1
0, 5, 1, 1, 1, 1, 1, 1, 1
0, 0, 5, 5, 5, 5, 5, 5, 5
0, 0, 0, 0, 0, 6, 3, 3, 3
0, 0, 0, 0, 0, 6, 3, 3, 3
0, 0, 0, 0, 0, 0, 0, 6, 6
0, 0, 0, 0, 0, 0, 0, 6, 6
0, 0, 0, 0, 0, 0, 0, 6, 6
0, 0, 0, 0, 6, 3, 3, 3, 3
0, 0, 0, 0, 0, 0, 0, 7, 4
0, 0, 0, 0, 0, 6, 3, 3, 3
0, 0, 0, 0, 0, 0, 0, 6, 6
0, 0, 0, 0, 0, 0, 0, 0, 6
0, 0, 0, 0, 0, 0, 0, 0, 6
0, 0, 0, 0, 0, 0, 0, 6, 6
0, 0, 0, 0, 0, 0, 0, 0, 6
0, 0, 0, 0, 0, 0, 0, 0, 6
0, 0, 0, 0, 0, 0, 0, 6, 6
0, 0, 0, 0, 0, 7, 7, 4, 4
0, 0, 0, 0, 0, 0, 0, 6, 6
0, 0, 0, 7, 1, 1, 1, 1, 1
0, 0, 0, 0, 0, 0, 0, 0, 6
0, 0, 0, 0, 0, 0, 0, 0, 6
0, 0, 0, 0, 0, 0, 0, 0, 6
0, 0, 0, 0, 0, 0, 0, 6, 6
0, 0, 0, 0, 0, 0, 0, 0, 6
0, 0, 0, 0, 0, 6, 6, 3, 3
0, 0, 0, 0, 6, 6, 6, 3, 3
0, 5, 1, 1, 1, 1, 1, 1, 1
0, 0, 0, 0, 0, 0, 0, 0, 6
0, 0, 0, 0, 6, 1, 1, 1, 1
0, 0, 0, 0, 0, 0, 6, 3, 3
0, 0, 0, 0, 6, 6, 6, 3, 3
0, 0, 0, 0, 0, 0, 0, 7, 1
0, 0, 0, 0, 0, 0, 0, 7, 1
0, 0, 0, 0, 0, 0, 0, 7, 1
0, 0, 0, 0, 0, 7, 7, 7, 4
0, 0, 0, 0, 0, 6, 3, 3, 3
0, 0, 0, 0, 6, 1, 1, 1, 1
0, 0, 0, 0, 0, 0, 0, 5, 5
0, 0, 0, 0, 0, 0, 0, 6, 6
0, 0, 0, 0, 6, 3, 3, 3, 3
0, 0, 0, 0, 0, 0, 0, 0, 6
0, 0, 0, 0, 0, 0, 0, 0, 6
0, 0, 0, 0, 0, 0, 0, 7, 1
0, 0, 0, 0, 0, 6, 6, 3, 3
0, 0, 0, 0, 0, 0, 0, 0, 6
0, 0, 0, 0, 0, 0, 0, 7, 4
0, 0, 0, 0, 0, 6, 3, 3, 3
0, 0, 0, 0, 0, 6, 1, 1, 1
0, 0, 0, 0, 0, 0, 0, 7, 1
0, 0, 7, 7, 1, 1, 1, 1, 1
0, 0, 6, 6, 6, 6, 6, 6, 6
0, 0, 0, 0, 0, 6, 1, 1, 1
0, 0, 0, 0, 0, 0, 0, 6, 6
0, 0, 0, 0, 0, 0, 0, 7, 1
0, 0, 0, 0, 0, 0, 0, 7, 1
0, 0, 0, 0, 0, 0, 0, 7, 1
0, 0, 0, 0, 6, 3, 3, 3, 3
0, 0, 0, 0, 0, 0, 7, 4, 4
0, 0, 0, 0, 0, 7, 7, 4, 4
0, 0, 0, 0, 0, 7, 7, 4, 4
0, 0, 0, 6, 6, 3, 3, 3, 3
0, 0, 0, 0, 0, 0, 0, 0, 6
0, 0, 0, 0, 7, 4, 4, 4, 4
0, 0, 0, 0, 0, 0, 0, 0, 6
0, 0, 0, 0, 6, 1, 1, 1, 1
0, 0, 0, 0, 0, 0, 0, 0, 6
0, 0, 0, 0, 0, 0, 0, 0, 6
0, 0, 0, 0, 0, 0, 0, 6, 3
0, 0, 0, 0, 0, 0, 0, 6, 6
0, 0, 0, 0, 0, 7, 4, 4, 4
0, 0, 0, 0, 0, 0, 0, 0, 6
0, 0, 0, 0, 0, 0, 0, 6, 6
0, 0, 0, 0, 7, 4, 4, 4, 4
0, 5, 1, 1, 1, 1, 1, 1, 1
0, 0, 0, 0, 0, 6, 1, 1, 1
0, 0, 0, 0, 0, 0, 0, 0, 6
0, 0, 0, 0, 6, 1, 1, 1, 1
0, 0, 0, 0, 0, 0, 6, 3, 3
0, 0, 0, 0, 7, 4, 4, 4, 4
0, 0, 0, 0, 0, 0, 0, 0, 6
0, 0, 0, 0, 0, 0, 0, 6, 6
0, 0, 0, 0, 6, 6, 6, 3, 3
0, 0, 0, 0, 0, 6, 1, 1, 1
0, 0, 0, 0, 0, 0, 0, 0, 6
0, 0, 0, 0, 0, 0, 0, 6, 6
0, 0, 0, 0, 0, 0, 0, 0, 6
0, 0, 0, 0, 0, 0, 0, 0, 6
0, 0, 0, 0, 0, 0, 0, 7, 1
0, 0, 0, 0, 0, 0, 0, 0, 6
0, 0, 0, 0, 0, 0, 0, 5, 5
0, 0, 5, 5, 5, 5, 5, 5, 5
0, 0, 0, 0, 0, 0, 7, 1, 1
0, 0, 0, 0, 0, 0, 0, 6, 6
0, 0, 0, 0, 0, 0, 0, 0, 6
0, 0, 0, 0, 0, 0, 0, 0, 6
0, 0, 0, 0, 0, 6, 1, 1, 1
0, 0, 0, 0, 0, 0, 0, 0, 6
0, 0, 0, 0, 0, 0, 0, 0, 6
0, 0, 0, 0, 0, 0, 0, 0, 6
0, 0, 0, 0, 0, 6, 1, 1, 1
0, 0, 0, 0, 0, 0, 0, 5, 5
0, 0, 0, 0, 6, 1, 1, 1, 1
0, 0, 0, 0, 0, 0, 0, 7, 1
0, 0, 0, 0, 6, 1, 1, 1, 1
0, 0, 0, 0, 0, 6, 6, 3, 3
0, 0, 0, 0, 0, 0, 0, 0, 6
0, 5, 1, 1, 1, 1, 1, 1, 1
0, 0, 0, 0, 0, 0, 6, 3, 3
0, 0, 0, 0, 0, 6, 1, 1, 1
0, 0, 0, 0, 0, 0, 0, 7, 4
0, 0, 0, 0, 0, 6, 6, 3, 3
0, 0, 0, 0, 0, 0, 0, 0, 6
0, 0, 0, 0, 0, 7, 7, 4, 4
0, 0, 7, 4, 4, 4, 4, 4, 4
0, 0, 0, 0, 0, 6, 1, 1, 1
0, 5, 1, 1, 1, 1, 1, 1, 1
0, 0, 0, 0, 0, 6, 1, 1, 1
0, 0, 0, 0, 0, 0, 0, 6, 6
0, 0, 0, 0, 6, 6, 6, 3, 3
0, 0, 6, 6, 6, 6, 6, 6, 6
0, 0, 0, 0, 0, 0, 0, 7, 1
0, 0, 0, 0, 0, 0, 0, 6, 6
0, 0, 0, 0, 0, 0, 0, 7, 1
0, 0, 0, 0, 0, 0, 0, 6, 3
0, 0, 0, 0, 0, 6, 3, 3, 3
0, 5, 1, 1, 1, 1, 1, 1, 1
0, 0, 0, 0, 6, 3, 3, 3, 3
0, 0, 0, 0, 0, 7, 4, 4, 4
0, 0, 0, 0, 6, 6, 6, 3, 3
0, 0, 0, 0, 0, 0, 7, 4, 4
0, 0, 0, 0, 0, 0, 0, 6, 6
0, 0, 0, 7, 4, 4, 4, 4, 4
0, 0, 0, 0, 0, 6, 1, 1, 1
0, 0, 0, 0, 0, 0, 0, 0, 6
0, 0, 0, 0, 0, 0, 0, 6, 3
0, 0, 0, 0, 0, 0, 0, 7, 1
0, 0, 0, 7, 7, 4, 4, 4, 4
0, 0, 0, 7, 1, 1, 1, 1, 1
0, 0, 0, 0, 0, 0, 0, 5, 5
0, 0, 0, 6, 1, 1, 1, 1, 1
0, 0, 0, 6, 1, 1, 1, 1, 1
0, 0, 0, 6, 1, 1, 1, 1, 1
0, 0, 7, 7, 1, 1, 1, 1, 1
0, 0, 7, 7, 7, 7, 1, 1, 1
0, 0, 0, 0, 6, 1, 1, 1, 1
0, 0, 6, 6, 6, 1, 1, 1, 1
0, 0, 0, 6, 6, 6, 1, 1, 1
0, 0, 6, 6, 6, 6, 1, 1, 1
0, 0, 0, 6, 1, 1, 1, 1, 1
0, 0, 0, 6, 1, 1, 1, 1, 1
0, 0, 0, 6, 1, 1, 1, 1, 1
0, 0, 0, 6, 1, 1, 1, 1, 1
0, 0, 0, 0, 6, 6, 1, 1, 1
0, 0, 0, 0, 0, 6, 1, 1, 1
0, 0, 0, 0, 0, 6, 1, 1, 1
0, 0, 0, 0, 0, 6, 1, 1, 1
0, 0, 0, 0, 0, 6, 1, 1, 1
0, 0, 0, 0, 0, 6, 1, 1, 1
0, 0, 0, 0, 0, 6, 1, 1, 1
0, 0, 0, 0, 0, 6, 1, 1, 1
0, 0, 0, 0, 0, 6, 1, 1, 1
0, 0, 0, 0, 0, 6, 1, 1, 1
0, 0, 0, 0, 0, 6, 1, 1, 1
0, 0, 0, 6, 1, 1, 1, 1, 1
0, 0, 0, 6, 1, 1, 1, 1, 1
0, 0, 0, 6, 1, 1, 1, 1, 1
0, 0, 0, 0, 0, 0, 6, 3, 3
0, 0, 0, 0, 0, 0, 6, 3, 3
0, 0, 0, 0, 0, 0, 6, 1, 1
0, 0, 0, 0, 0, 0, 0, 0, 6
0, 0, 0, 0, 0, 0, 0, 0, 6
0, 0, 0, 0, 6, 3, 3, 3, 3
0, 0, 0, 0, 0, 0, 0, 0, 6
0, 0, 0, 0, 0, 0, 0, 0, 6
0, 0, 0, 0, 0, 0, 0, 7, 1
0, 0, 0, 0, 0, 0, 0, 7, 4
0, 0, 0, 0, 0, 0, 0, 0, 6
0, 0, 0, 0, 0, 6, 3, 3, 3
0, 0, 0, 0, 0, 6, 1, 1, 1
0, 5, 1, 1, 1, 1, 1, 1, 1
0, 0, 0, 0, 0, 0, 0, 0, 6
0, 0, 0, 0, 0, 0, 0, 0, 5
0, 0, 0, 0, 0, 0, 0, 5, 5
0, 0, 0, 0, 0, 6, 1, 1, 1
0, 5, 1, 1, 1, 1, 1, 1, 1
0, 0, 0, 0, 0, 0, 0, 0, 6
0, 5, 5, 5, 5, 5, 5, 5, 5
0, 0, 0, 6, 1, 1, 1, 1, 1
0, 0, 0, 0, 6, 6, 6, 6, 6
0, 5, 1, 1, 1, 1, 1, 1, 1
0, 5, 1, 1, 1, 1, 1, 1, 1
0, 0, 7, 4, 4, 4, 4, 4, 4
0, 0, 0, 0, 6, 6, 6, 6, 6
0, 0, 0, 0, 0, 0, 0, 0, 6
0, 0, 0, 0, 0, 0, 0, 0, 6
0, 0, 0, 0, 0, 0, 0, 6, 6
0, 0, 0, 0, 0, 0, 0, 0, 6
0, 0, 0, 0, 0, 0, 0, 0, 6
0, 0, 0, 0, 0, 0, 0, 5, 5
0, 0, 0, 0, 0, 0, 0, 0, 6
0, 0, 0, 0, 0, 6, 1, 1, 1
0, 0, 0, 0, 0, 0, 0, 0, 6
0, 0, 0, 0, 0, 0, 0, 7, 4
0, 0, 0, 0, 0, 0, 0, 0, 6
0, 0, 0, 0, 0, 6, 1, 1, 1
0, 0, 0, 0, 0, 6, 1, 1, 1
0, 0, 0, 0, 0, 0, 0, 0, 6
0, 0, 0, 0, 0, 0, 0, 0, 6
0, 0, 0, 0, 0, 0, 0, 0, 6
0, 0, 0, 0, 6, 1, 1, 1, 1
0, 0, 0, 0, 7, 7, 4, 4, 4
0, 0, 0, 0, 0, 0, 0, 7, 4
0, 0, 0, 0, 0, 0, 0, 0, 6
0, 5, 1, 1, 1, 1, 1, 1, 1
0, 0, 0, 0, 0, 0, 0, 0, 6
0, 0, 0, 0, 0, 0, 0, 0, 6
0, 0, 0, 0, 0, 0, 0, 6, 6
0, 0, 0, 0, 0, 0, 0, 0, 6
0, 0, 0, 0, 0, 0, 0, 0, 6
0, 0, 0, 0, 0, 0, 0, 0, 6
0, 0, 0, 0, 0, 0, 0, 0, 6
0, 0, 0, 0, 0, 6, 1, 1, 1
0, 0, 0, 0, 0, 0, 0, 0, 6
0, 0, 0, 0, 0, 0, 0, 6, 6
0, 0, 0, 0, 7, 4, 4, 4, 4
0, 0, 0, 0, 0, 0, 0, 0, 6
0, 0, 0, 0, 0, 0, 0, 0, 6
0, 0, 0, 0, 0, 0, 0, 0, 6
0, 0, 0, 0, 0, 0, 0, 0, 6
0, 0, 0, 0, 0, 0, 0, 0, 6
0, 0, 0, 0, 0, 0, 0, 0, 6
0, 0, 0, 0, 0, 0, 0, 0, 6
0, 0, 0, 0, 0, 0, 0, 0, 6
0, 0, 0, 0, 0, 0, 0, 0, 6
0, 0, 0, 0, 0, 0, 0, 0, 6
0, 0, 0, 0, 0, 0, 0, 0, 6
0, 0, 0, 0, 0, 0, 0, 0, 6
0, 0, 0, 0, 0, 0, 0, 0, 6
0, 5, 1, 1, 1, 1, 1, 1, 1
0, 0, 0, 0, 0, 0, 0, 0, 6
0, 0, 0, 0, 0, 0, 0, 0, 6
0, 0, 0, 0, 0, 0, 0, 0, 6
0, 0, 0, 0, 0, 0, 0, 0, 6
0, 0, 0, 0, 0, 0, 0, 0, 6
0, 0, 0, 0, 0, 0, 7, 4, 4
0, 0, 0, 0, 0, 0, 0, 0, 6
0, 0, 0, 0, 0, 6, 1, 1, 1
0, 0, 0, 0, 0, 0, 0, 7, 4
0, 0, 7, 1, 1, 1, 1, 1, 1
0, 0, 0, 0, 0, 0, 0, 0, 6
0, 0, 0, 0, 0, 0, 0, 0, 6
0, 0, 0, 0, 0, 0, 0, 0, 6
0, 0, 0, 0, 0, 0, 0, 0, 6
0, 0, 0, 0, 0, 0, 0, 5, 5
0, 0, 0, 0, 0, 6, 1, 1, 1
0, 0, 0, 7, 7, 7, 7, 7, 4
0, 0, 0, 0, 0, 0, 0, 6, 6
0, 0, 0, 0, 6, 3, 3, 3, 3
0, 0, 0, 0, 0, 0, 0, 7, 4
0, 0, 0, 0, 0, 0, 0, 0, 6
0, 0, 7, 7, 7, 4, 4, 8, 2
