0, 297, 660, 990, 1320, 1650, 1980, 2310, 2640, 2970
0.001, 0.001, 0.001, 0.001, 0.001, 0.115329261499, 0.100446144903, 0.438273324792, 0.418515271394, 0.667901334565
0.001, 0.142391881902, 0.283783763804, 0.12669371554, 0.145794055778, 0.187907522424, 0.279261287375, 0.208483771088, 0.466729634364, 0.135572526498
732.0, 642.0, 584.0, 517.0, 501.0, 361.0, 302.0, 241.0, 99.0, 0.0
0.0, 90.0, 59.0, 99.0, 53.0, 178.0, 85.0, 97.0, 173.0, 113.0
0.0, 0.0, 88.0, 113.0, 171.0, 186.0, 337.0, 380.0, 431.0, 574.0
0.0, 0.0, 1.0, 1.0, 1.0, 1.0, 1.0, 1.0, 3.0, 8.0
0.0, 0.0, 0.0, 0.0, 0.0, 0.0, 0.0, 6.0, 15.0, 18.0
0.0, 0.0, 0.0, 2.0, 6.0, 6.0, 7.0, 7.0, 11.0, 19.0
0, 5, 1, 1, 1, 1, 1, 1, 1, 1
0, 0, 0, 0, 0, 7, 1, 1, 1, 1
0, 0, 0, 0, 0, 0, 0, 0, 6, 1
0, 0, 7, 1, 1, 1, 1, 1, 1, 1
0, 0, 0, 0, 0, 0, 0, 0, 0, 6
0, 5, 1, 1, 1, 1, 1, 1, 1, 1
0, 0, 0, 7, 4, 4, 4, 4, 4, 4
0, 0, 0, 7, 1, 1, 1, 1, 1, 1
0, 0, 0, 7, 1, 1, 1, 1, 1, 1
0, 0, 0, 0, 0, 7, 1, 1, 1, 1
0, 0, 0, 7, 4, 4, 4, 4, 4, 4
0, 0, 0, 0, 0, 0, 0, 0, 0, 6
0, 5, 1, 1, 1, 1, 1, 1, 1, 1
0, 0, 0, 7, 1, 1, 1, 1, 1, 1
0, 5, 1, 1, 1, 1, 1, 1, 1, 1
0, 5, 1, 1, 1, 1, 1, 1, 1, 1
0, 5, 1, 1, 1, 1, 1, 1, 1, 1
0, 5, 1, 1, 1, 1, 1, 1, 1, 1
0, 0, 0, 0, 0, 7, 1, 1, 1, 1
0, 0, 7, 1, 1, 1, 1, 1, 1, 1
0, 0, 0, 0, 0, 0, 0, 0, 6, 1
0, 0, 0, 0, 0, 0, 6, 1, 1, 1
0, 0, 0, 0, 0, 0, 0, 0, 6, 1
0, 0, 0, 0, 0, 0, 0, 0, 6, 1
0, 0, 0, 0, 0, 0, 0, 0, 6, 1
0, 0, 0, 0, 0, 0, 0, 0, 6, 1
0, 0, 0, 0, 0, 0, 0, 0, 6, 1
0, 0, 0, 0, 0, 0, 0, 0, 6, 1
0, 0, 0, 0, 0, 7, 1, 1, 1, 1
0, 0, 0, 0, 0, 0, 6, 1, 1, 1
0, 0, 0, 0, 0, 0, 6, 1, 1, 1
0, 0, 0, 0, 0, 0, 0, 0, 6, 1
0, 0, 0, 0, 0, 0, 0, 0, 6, 1
0, 0, 0, 0, 0, 0, 0, 0, 6, 6
0, 0, 0, 0, 0, 0, 0, 0, 0, 6
0, 0, 0, 0, 0, 0, 0, 0, 0, 6
0, 0, 0, 0, 0, 0, 0, 0, 0, 6
0, 0, 0, 0, 0, 0, 0, 0, 6, 1
0, 0, 0, 0, 0, 0, 0, 0, 6, 1
0, 0, 0, 0, 0, 0, 0, 0, 6, 1
0, 0, 0, 0, 0, 7, 1, 1, 1, 1
0, 0, 0, 0, 0, 0, 0, 0, 6, 1
0, 0, 7, 1, 1, 1, 1, 1, 1, 1
0, 5, 1, 1, 1, 1, 1, 1, 1, 1
0, 0, 0, 0, 0, 0, 0, 0, 6, 6
0, 0, 0, 0, 0, 0, 0, 0, 0, 6
0, 0, 0, 0, 0, 7, 1, 1, 1, 1
0, 5, 1, 1, 1, 1, 1, 1, 1, 1
0, 0, 0, 7, 1, 1, 1, 1, 1, 1
0, 0, 0, 0, 0, 0, 0, 0, 0, 6
0, 0, 0, 7, 1, 1, 1, 1, 1, 1
0, 0, 0, 7, 1, 1, 1, 1, 1, 1
0, 0, 0, 0, 0, 0, 0, 0, 6, 1
0, 0, 0, 0, 0, 7, 1, 1, 1, 1
0, 0, 0, 0, 0, 0, 0, 0, 6, 1
0, 0, 0, 0, 0, 0, 0, 0, 6, 1
0, 5, 1, 1, 1, 1, 1, 1, 1, 1
0, 0, 0, 0, 7, 1, 1, 1, 1, 1
0, 0, 0, 0, 0, 0, 0, 0, 6, 1
0, 0, 0, 0, 0, 0, 7, 7, 7, 1
0, 0, 0, 0, 0, 0, 0, 0, 6, 1
0, 0, 0, 0, 0, 0, 6, 1, 1, 1
0, 0, 0, 0, 0, 0, 0, 6, 3, 3
0, 0, 0, 0, 0, 0, 0, 0, 0, 6
0, 0, 0, 0, 0, 0, 0, 7, 1, 1
0, 0, 0, 0, 0, 0, 7, 7, 7, 4
0, 0, 0, 0, 0, 0, 7, 7, 7, 4
0, 0, 0, 0, 0, 0, 7, 7, 7, 4
0, 0, 7, 1, 1, 1, 1, 1, 1, 1
0, 0, 7, 1, 1, 1, 1, 1, 1, 1
0, 0, 7, 1, 1, 1, 1, 1, 1, 1
0, 0, 0, 7, 7, 7, 1, 1, 1, 1
0, 0, 0, 7, 7, 7, 1, 1, 1, 1
0, 0, 0, 0, 0, 7, 1, 1, 1, 1
0, 0, 0, 0, 0, 7, 1, 1, 1, 1
0, 0, 0, 0, 0, 7, 1, 1, 1, 1
0, 0, 0, 0, 0, 7, 1, 1, 1, 1
0, 0, 0, 0, 0, 7, 1, 1, 1, 1
0, 0, 0, 0, 0, 7, 1, 1, 1, 1
0, 0, 0, 0, 0, 7, 1, 1, 1, 1
0, 0, 0, 0, 0, 7, 1, 1, 1, 1
0, 0, 0, 0, 0, 7, 1, 1, 1, 1
0, 0, 0, 0, 0, 7, 1, 1, 1, 1
0, 0, 0, 0, 0, 7, 1, 1, 1, 1
0, 0, 0, 0, 0, 7, 1, 1, 1, 1
0, 0, 0, 0, 0, 7, 1, 1, 1, 1
0, 0, 0, 0, 0, 7, 1, 1, 1, 1
0, 0, 0, 0, 0, 7, 1, 1, 1, 1
0, 0, 0, 0, 0, 7, 1, 1, 1, 1
0, 0, 7, 7, 7, 1, 1, 1, 1, 1
0, 0, 0, 0, 7, 1, 1, 1, 1, 1
0, 0, 0, 0, 7, 1, 1, 1, 1, 1
0, 0, 7, 7, 7, 7, 1, 1, 1, 1
0, 0, 7, 7, 7, 7, 1, 1, 1, 1
0, 0, 7, 7, 7, 7, 1, 1, 1, 1
0, 0, 7, 7, 7, 7, 1, 1, 1, 1
0, 0, 7, 7, 7, 7, 1, 1, 1, 1
0, 0, 7, 7, 7, 7, 1, 1, 1, 1
0, 0, 7, 7, 7, 7, 1, 1, 1, 1
0, 0, 0, 0, 0, 7, 1, 1, 1, 1
0, 0, 7, 7, 7, 7, 1, 1, 1, 1
0, 0, 7, 7, 7, 7, 1, 1, 1, 1
0, 0, 7, 7, 7, 7, 1, 1, 1, 1
0, 0, 0, 7, 1, 1, 1, 1, 1, 1
0, 0, 0, 7, 1, 1, 1, 1, 1, 1
0, 0, 7, 7, 1, 1, 1, 1, 1, 1
0, 0, 7, 7, 1, 1, 1, 1, 1, 1
0, 0, 0, 7, 1, 1, 1, 1, 1, 1
0, 0, 0, 0, 0, 0, 0, 0, 6, 1
0, 0, 0, 0, 0, 0, 0, 0, 6, 1
0, 5, 1, 1, 1, 1, 1, 1, 1, 1
0, 0, 0, 7, 1, 1, 1, 1, 1, 1
0, 0, 0, 7, 1, 1, 1, 1, 1, 1
0, 0, 0, 0, 0, 0, 0, 7, 1, 1
0, 0, 0, 0, 0, 0, 0, 0, 6, 1
0, 0, 0, 0, 0, 0, 0, 0, 6, 1
0, 5, 1, 1, 1, 1, 1, 1, 1, 1
0, 0, 0, 0, 0, 0, 0, 7, 1, 1
0, 0, 0, 0, 0, 7, 1, 1, 1, 1
0, 0, 0, 0, 0, 7, 1, 1, 1, 1
0, 0, 0, 0, 0, 0, 0, 0, 6, 1
0, 0, 0, 0, 0, 0, 0, 0, 0, 6
0, 5, 1, 1, 1, 1, 1, 1, 1, 1
0, 5, 1, 1, 1, 1, 1, 1, 1, 1
0, 0, 0, 0, 0, 0, 0, 6, 3, 3
0, 0, 7, 1, 1, 1, 1, 1, 1, 1
0, 5, 1, 1, 1, 1, 1, 1, 1, 1
0, 0, 0, 0, 0, 0, 6, 3, 3, 3
0, 5, 1, 1, 1, 1, 1, 1, 1, 1
0, 0, 7, 1, 1, 1, 1, 1, 1, 1
0, 5, 1, 1, 1, 1, 1, 1, 1, 1
0, 5, 1, 1, 1, 1, 1, 1, 1, 1
0, 5, 1, 1, 1, 1, 1, 1, 1, 1
0, 0, 0, 0, 0, 0, 0, 0, 0, 6
0, 0, 0, 0, 0, 0, 0, 7, 1, 1
0, 0, 0, 0, 0, 0, 0, 0, 0, 6
0, 0, 0, 0, 0, 7, 1, 1, 1, 1
0, 5, 1, 1, 1, 1, 1, 1, 1, 1
0, 0, 0, 0, 0, 7, 1, 1, 1, 1
0, 0, 0, 0, 0, 0, 6, 1, 1, 1
0, 0, 0, 7, 7, 1, 1, 1, 1, 1
0, 0, 0, 0, 0, 0, 6, 1, 1, 1
0, 0, 0, 0, 0, 7, 1, 1, 1, 1
0, 0, 0, 0, 5, 5, 5, 1, 1, 1
0, 5, 1, 1, 1, 1, 1, 1, 1, 1
0, 0, 0, 0, 0, 7, 1, 1, 1, 1
0, 0, 0, 0, 0, 0, 0, 7, 1, 1
0, 0, 0, 0, 0, 0, 0, 7, 1, 1
0, 5, 1, 1, 1, 1, 1, 1, 1, 1
0, 0, 0, 0, 0, 0, 0, 0, 6, 1
0, 5, 1, 1, 1, 1, 1, 1, 1, 1
0, 5, 1, 1, 1, 1, 1, 1, 1, 1
0, 0, 0, 0, 0, 0, 6, 3, 3, 3
0, 0, 0, 0, 0, 0, 0, 0, 0, 6
0, 0, 0, 0, 0, 7, 1, 1, 1, 1
0, 5, 1, 1, 1, 1, 1, 1, 1, 1
0, 0, 0, 0, 0, 7, 1, 1, 1, 1
0, 0, 0, 0, 0, 0, 0, 0, 0, 6
0, 0, 0, 0, 0, 0, 0, 0, 0, 6
0, 5, 1, 1, 1, 1, 1, 1, 1, 1
0, 0, 0, 7, 1, 1, 1, 1, 1, 1
0, 0, 0, 7, 1, 1, 1, 1, 1, 1
0, 0, 0, 0, 0, 7, 1, 1, 1, 1
0, 5, 1, 1, 1, 1, 1, 1, 1, 1
0, 5, 1, 1, 1, 1, 1, 1, 1, 1
0, 0, 0, 0, 0, 0, 0, 0, 6, 1
0, 0, 0, 0, 0, 0, 0, 0, 6, 1
0, 0, 0, 0, 0, 0, 7, 1, 1, 1
0, 0, 0, 0, 0, 0, 0, 0, 6, 1
0, 0, 0, 0, 0, 0, 0, 0, 6, 1
0, 0, 0, 0, 0, 7, 1, 1, 1, 1
0, 0, 0, 0, 7, 7, 7, 7, 7, 1
0, 0, 0, 0, 0, 7, 1, 1, 1, 1
0, 0, 0, 0, 0, 0, 0, 0, 0, 6
0, 0, 0, 7, 1, 1, 1, 1, 1, 1
0, 0, 0, 0, 0, 0, 0, 0, 6, 3
0, 0, 0, 0, 0, 7, 1, 1, 1, 1
0, 5, 1, 1, 1, 1, 1, 1, 1, 1
0, 0, 0, 0, 0, 0, 0, 0, 0, 6
0, 0, 0, 0, 0, 7, 1, 1, 1, 1
0, 0, 0, 0, 0, 0, 0, 7, 1, 1
0, 0, 0, 0, 0, 7, 1, 1, 1, 1
0, 0, 0, 0, 0, 0, 0, 7, 1, 1
0, 0, 0, 0, 0, 0, 7, 1, 1, 1
0, 0, 0, 0, 0, 0, 0, 0, 6, 1
0, 0, 0, 0, 0, 0, 0, 0, 6, 1
0, 0, 0, 0, 0, 0, 0, 7, 1, 1
0, 0, 0, 0, 0, 0, 0, 0, 0, 6
0, 0, 0, 0, 0, 0, 0, 0, 0, 6
0, 0, 0, 0, 0, 0, 0, 0, 0, 6
0, 0, 0, 0, 0, 0, 6, 1, 1, 1
0, 0, 0, 0, 0, 0, 0, 0, 6, 1
0, 0, 0, 0, 0, 0, 0, 0, 5, 2
0, 0, 0, 0, 0, 0, 0, 0, 0, 6
0, 0, 0, 0, 0, 0, 0, 0, 0, 6
0, 0, 7, 1, 1, 1, 1, 1, 1, 1
0, 0, 0, 0, 0, 0, 0, 0, 6, 1
0, 0, 0, 0, 0, 7, 1, 1, 1, 1
0, 0, 0, 7, 1, 1, 1, 1, 1, 1
0, 0, 0, 0, 0, 0, 0, 0, 6, 1
0, 0, 0, 7, 1, 1, 1, 1, 1, 1
0, 5, 1, 1, 1, 1, 1, 1, 1, 1
0, 0, 0, 0, 0, 0, 0, 0, 6, 6
0, 0, 0, 0, 0, 7, 1, 1, 1, 1
0, 0, 0, 0, 7, 1, 1, 1, 1, 1
0, 0, 7, 1, 1, 1, 1, 1, 1, 1
0, 0, 0, 0, 0, 0, 6, 1, 1, 1
0, 0, 0, 0, 0, 0, 0, 0, 0, 6
0, 0, 0, 7, 1, 1, 1, 1, 1, 1
0, 0, 0, 0, 0, 0, 0, 0, 0, 6
0, 0, 0, 0, 0, 7, 1, 1, 1, 1
0, 0, 0, 0, 0, 0, 7, 7, 7, 1
0, 0, 0, 0, 0, 7, 1, 1, 1, 1
0, 0, 0, 0, 0, 0, 7, 1, 1, 1
0, 0, 0, 0, 0, 0, 6, 3, 3, 3
0, 0, 0, 0, 0, 0, 0, 0, 0, 6
0, 0, 0, 0, 0, 0, 0, 0, 0, 6
0, 0, 0, 0, 0, 7, 1, 1, 1, 1
0, 0, 0, 0, 0, 0, 0, 0, 6, 1
0, 5, 1, 1, 1, 1, 1, 1, 1, 1
0, 0, 7, 1, 1, 1, 1, 1, 1, 1
0, 0, 0, 0, 0, 0, 0, 0, 6, 1
0, 0, 0, 0, 0, 0, 0, 0, 6, 1
0, 0, 0, 0, 0, 0, 0, 7, 1, 1
0, 0, 0, 0, 0, 0, 0, 0, 0, 6
0, 0, 0, 0, 0, 0, 0, 0, 0, 6
0, 5, 1, 1, 1, 1, 1, 1, 1, 1
0, 0, 0, 0, 0, 0, 0, 0, 6, 1
0, 0, 0, 0, 0, 0, 0, 0, 6, 1
0, 0, 0, 0, 0, 0, 0, 0, 6, 1
0, 0, 0, 0, 0, 0, 0, 0, 6, 1
0, 0, 0, 0, 0, 0, 0, 0, 6, 1
0, 0, 0, 0, 0, 0, 0, 0, 6, 1
0, 0, 0, 0, 0, 0, 0, 0, 0, 6
0, 0, 0, 0, 0, 0, 0, 0, 0, 6
0, 0, 0, 7, 4, 4, 4, 4, 4, 4
0, 0, 0, 0, 0, 0, 0, 0, 6, 6
0, 0, 0, 7, 1, 1, 1, 1, 1, 1
0, 0, 0, 0, 0, 7, 7, 7, 7, 1
0, 0, 0, 0, 7, 1, 1, 1, 1, 1
0, 0, 0, 0, 0, 0, 0, 0, 6, 1
0, 0, 0, 0, 0, 0, 0, 0, 6, 1
0, 0, 0, 0, 0, 0, 0, 0, 0, 6
0, 0, 0, 0, 0, 7, 1, 1, 1, 1
0, 0, 0, 0, 0, 0, 0, 0, 0, 6
0, 5, 1, 1, 1, 1, 1, 1, 1, 1
0, 0, 0, 0, 0, 0, 0, 0, 0, 6
0, 0, 0, 0, 0, 0, 0, 0, 0, 6
0, 0, 7, 7, 1, 1, 1, 1, 1, 1
0, 0, 0, 7, 1, 1, 1, 1, 1, 1
0, 0, 0, 0, 0, 0, 0, 7, 1, 1
0, 0, 0, 0, 0, 7, 1, 1, 1, 1
0, 0, 0, 0, 0, 7, 1, 1, 1, 1
0, 0, 0, 7, 1, 1, 1, 1, 1, 1
0, 0, 0, 0, 0, 7, 1, 1, 1, 1
0, 0, 0, 0, 0, 0, 0, 0, 0, 6
0, 0, 0, 7, 1, 1, 1, 1, 1, 1
0, 0, 0, 7, 1, 1, 1, 1, 1, 1
0, 0, 0, 0, 0, 0, 0, 7, 1, 1
0, 0, 0, 0, 0, 0, 0, 7, 1, 1
0, 0, 0, 0, 0, 0, 0, 7, 1, 1
0, 0, 0, 0, 0, 7, 1, 1, 1, 1
0, 0, 0, 7, 7, 7, 1, 1, 1, 1
0, 0, 0, 0, 0, 7, 1, 1, 1, 1
0, 0, 0, 0, 0, 0, 0, 7, 1, 1
0, 0, 0, 0, 0, 7, 1, 1, 1, 1
0, 0, 0, 0, 0, 7, 1, 1, 1, 1
0, 0, 0, 0, 0, 7, 1, 1, 1, 1
0, 0, 0, 0, 0, 7, 1, 1, 1, 1
0, 0, 0, 0, 0, 7, 1, 1, 1, 1
0, 0, 0, 0, 0, 7, 1, 1, 1, 1
0, 0, 0, 0, 0, 7, 1, 1, 1, 1
0, 0, 0, 0, 0, 7, 1, 1, 1, 1
0, 0, 0, 0, 0, 7, 1, 1, 1, 1
0, 0, 0, 0, 0, 7, 1, 1, 1, 1
0, 0, 0, 0, 0, 7, 1, 1, 1, 1
0, 0, 0, 0, 0, 7, 1, 1, 1, 1
0, 0, 0, 0, 0, 7, 1, 1, 1, 1
0, 0, 0, 0, 0, 7, 1, 1, 1, 1
0, 0, 0, 0, 0, 7, 1, 1, 1, 1
0, 0, 0, 0, 0, 0, 0, 6, 3, 3
0, 0, 0, 7, 1, 1, 1, 1, 1, 1
0, 0, 0, 0, 0, 0, 0, 0, 6, 1
0, 0, 0, 0, 0, 0, 0, 0, 6, 1
0, 0, 0, 0, 7, 7, 1, 1, 1, 1
0, 0, 0, 0, 0, 7, 1, 1, 1, 1
0, 0, 0, 0, 0, 7, 1, 1, 1, 1
0, 0, 0, 0, 0, 0, 6, 1, 1, 1
0, 0, 0, 0, 0, 0, 0, 0, 6, 1
0, 0, 0, 0, 0, 0, 6, 1, 1, 1
0, 5, 1, 1, 1, 1, 1, 1, 1, 1
0, 0, 7, 7, 7, 7, 7, 7, 7, 1
0, 0, 0, 0, 0, 7, 1, 1, 1, 1
0, 0, 0, 0, 0, 7, 1, 1, 1, 1
0, 0, 5, 5, 5, 5, 5, 5, 2, 2
0, 5, 1, 1, 1, 1, 1, 1, 1, 1
0, 0, 0, 0, 0, 7, 1, 1, 1, 1
0, 0, 0, 0, 0, 0, 0, 0, 0, 6
0, 0, 0, 0, 0, 0, 0, 0, 0, 6
0, 0, 0, 0, 7, 1, 1, 1, 1, 1
0, 0, 0, 0, 0, 7, 1, 1, 1, 1
0, 0, 0, 0, 0, 7, 1, 1, 1, 1
0, 0, 0, 0, 0, 0, 0, 0, 6, 1
0, 0, 0, 0, 7, 1, 1, 1, 1, 1
0, 0, 0, 0, 0, 7, 1, 1, 1, 1
0, 5, 1, 1, 1, 1, 1, 1, 1, 1
0, 0, 0, 0, 0, 0, 0, 7, 1, 1
0, 0, 0, 0, 0, 0, 0, 0, 0, 6
0, 0, 0, 0, 0, 0, 0, 0, 6, 1
0, 0, 0, 0, 0, 0, 0, 0, 0, 6
0, 0, 0, 0, 0, 0, 7, 1, 1, 1
0, 0, 0, 0, 0, 0, 0, 0, 0, 6
0, 0, 0, 0, 0, 0, 0, 0, 0, 6
0, 0, 0, 0, 7, 7, 7, 7, 4, 4
0, 0, 0, 0, 0, 0, 0, 0, 6, 3
0, 0, 0, 0, 0, 0, 0, 0, 6, 6
0, 0, 0, 0, 0, 0, 0, 0, 6, 1
0, 0, 0, 0, 0, 7, 4, 4, 4, 4
0, 0, 0, 0, 0, 7, 1, 1, 1, 1
0, 0, 0, 0, 0, 0, 0, 0, 0, 6
0, 0, 0, 0, 0, 0, 0, 7, 1, 1
0, 0, 0, 0, 0, 0, 6, 1, 1, 1
0, 0, 0, 0, 0, 0, 0, 0, 6, 1
0, 0, 0, 0, 0, 0, 7, 1, 1, 1
0, 0, 0, 0, 0, 7, 1, 1, 1, 1
0, 0, 0, 0, 0, 7, 1, 1, 1, 1
0, 0, 0, 0, 7, 7, 7, 7, 4, 4
0, 0, 0, 0, 0, 0, 0, 7, 1, 1
0, 5, 1, 1, 1, 1, 1, 1, 1, 1
0, 5, 1, 1, 1, 1, 1, 1, 1, 1
0, 0, 0, 0, 0, 0, 0, 7, 1, 1
0, 0, 0, 0, 0, 0, 0, 0, 0, 6
0, 5, 1, 1, 1, 1, 1, 1, 1, 1
0, 0, 0, 0, 0, 7, 1, 1, 1, 1
0, 0, 0, 0, 0, 0, 0, 0, 0, 6
0, 0, 0, 0, 0, 0, 0, 0, 0, 6
0, 0, 0, 0, 0, 0, 0, 7, 1, 1
0, 0, 0, 0, 0, 7, 1, 1, 1, 1
0, 5, 1, 1, 1, 1, 1, 1, 1, 1
0, 0, 0, 0, 0, 7, 1, 1, 1, 1
0, 0, 0, 0, 0, 7, 1, 1, 1, 1
0, 5, 1, 1, 1, 1, 1, 1, 1, 1
0, 0, 7, 1, 1, 1, 1, 1, 1, 1
0, 0, 0, 0, 0, 0, 6, 3, 3, 3
0, 0, 0, 0, 0, 0, 0, 7, 1, 1
0, 0, 0, 0, 0, 7, 1, 1, 1, 1
0, 0, 0, 0, 0, 0, 0, 7, 1, 1
0, 0, 0, 0, 0, 0, 0, 0, 0, 6
0, 5, 1, 1, 1, 1, 1, 1, 1, 1
0, 0, 0, 0, 0, 0, 0, 0, 0, 6
0, 0, 0, 0, 0, 0, 0, 0, 0, 6
0, 0, 7, 1, 1, 1, 1, 1, 1, 1
0, 0, 0, 0, 0, 7, 1, 1, 1, 1
0, 0, 0, 0, 0, 7, 1, 1, 1, 1
0, 0, 0, 0, 0, 0, 0, 7, 1, 1
0, 5, 1, 1, 1, 1, 1, 1, 1, 1
0, 0, 0, 0, 0, 0, 0, 7, 1, 1
0, 0, 0, 0, 0, 0, 0, 0, 0, 6
0, 0, 0, 0, 0, 0, 0, 0, 0, 6
0, 0, 0, 0, 0, 0, 7, 7, 7, 1
0, 0, 0, 0, 0, 0, 0, 7, 1, 1
0, 0, 0, 0, 0, 7, 1, 1, 1, 1
0, 0, 0, 0, 0, 0, 0, 0, 0, 6
0, 0, 0, 0, 0, 0, 0, 0, 0, 6
0, 0, 0, 0, 0, 0, 0, 0, 6, 1
0, 0, 5, 5, 5, 5, 5, 5, 5, 2
0, 0, 0, 0, 0, 0, 0, 7, 1, 1
0, 0, 0, 7, 1, 1, 1, 1, 1, 1
0, 0, 7, 7, 7, 7, 7, 7, 7, 1
0, 5, 1, 1, 1, 1, 1, 1, 1, 1
0, 0, 0, 0, 0, 7, 1, 1, 1, 1
0, 0, 0, 0, 0, 7, 1, 1, 1, 1
0, 0, 0, 0, 0, 0, 0, 0, 0, 6
0, 5, 1, 1, 1, 1, 1, 1, 1, 1
0, 0, 0, 0, 0, 0, 0, 0, 0, 6
0, 0, 0, 0, 0, 0, 7, 1, 1, 1
0, 0, 0, 0, 0, 0, 0, 0, 0, 6
0, 0, 0, 0, 0, 0, 0, 0, 6, 1
0, 0, 0, 0, 0, 0, 0, 0, 6, 1
0, 0, 0, 0, 0, 7, 1, 1, 1, 1
0, 0, 0, 0, 0, 0, 6, 3, 3, 3
0, 5, 1, 1, 1, 1, 1, 1, 1, 1
0, 0, 0, 0, 0, 0, 6, 1, 1, 1
0, 0, 0, 0, 0, 7, 1, 1, 1, 1
0, 0, 0, 0, 0, 0, 0, 0, 0, 6
0, 0, 0, 0, 0, 0, 0, 0, 0, 6
0, 0, 0, 7, 1, 1, 1, 1, 1, 1
0, 0, 7, 1, 1, 1, 1, 1, 1, 1
0, 0, 0, 0, 0, 0, 7, 7, 7, 4
0, 0, 7, 1, 1, 1, 1, 1, 1, 1
0, 0, 0, 0, 0, 0, 0, 0, 0, 6
0, 0, 0, 0, 0, 0, 0, 0, 6, 1
0, 0, 0, 0, 0, 0, 0, 0, 0, 6
0, 0, 0, 0, 0, 0, 7, 1, 1, 1
0, 0, 0, 7, 1, 1, 1, 1, 1, 1
0, 5, 1, 1, 1, 1, 1, 1, 1, 1
0, 0, 0, 0, 7, 1, 1, 1, 1, 1
0, 0, 0, 0, 0, 0, 0, 6, 1, 1
0, 0, 0, 0, 0, 0, 0, 7, 1, 1
0, 0, 0, 0, 0, 0, 0, 0, 6, 1
0, 0, 0, 0, 0, 0, 0, 0, 0, 6
0, 0, 0, 0, 0, 7, 1, 1, 1, 1
0, 0, 0, 0, 0, 0, 0, 0, 0, 6
0, 0, 0, 0, 0, 0, 0, 7, 1, 1
0, 0, 0, 0, 0, 0, 6, 1, 1, 1
0, 0, 0, 0, 0, 0, 0, 7, 1, 1
0, 5, 1, 1, 1, 1, 1, 1, 1, 1
0, 0, 0, 7, 1, 1, 1, 1, 1, 1
0, 0, 0, 0, 0, 0, 0, 0, 6, 1
0, 0, 0, 0, 0, 7, 1, 1, 1, 1
0, 0, 0, 0, 0, 7, 1, 1, 1, 1
0, 0, 0, 0, 0, 0, 0, 0, 0, 6
0, 0, 0, 0, 0, 7, 1, 1, 1, 1
0, 0, 0, 0, 0, 0, 0, 0, 6, 1
0, 0, 0, 0, 0, 0, 0, 0, 6, 1
0, 0, 0, 0, 0, 0, 0, 0, 6, 1
0, 0, 0, 0, 0, 0, 0, 0, 6, 1
0, 0, 0, 0, 0, 0, 0, 0, 6, 1
0, 0, 0, 0, 0, 0, 0, 0, 6, 1
0, 5, 1, 1, 1, 1, 1, 1, 1, 1
0, 5, 1, 1, 1, 1, 1, 1, 1, 1
0, 0, 5, 5, 5, 5, 5, 5, 5, 2
0, 0, 0, 7, 1, 1, 1, 1, 1, 1
0, 0, 0, 7, 1, 1, 1, 1, 1, 1
0, 0, 0, 7, 1, 1, 1, 1, 1, 1
0, 0, 0, 7, 1, 1, 1, 1, 1, 1
0, 0, 0, 0, 0, 0, 0, 0, 0, 6
0, 0, 0, 0, 0, 0, 0, 0, 6, 1
0, 0, 0, 0, 0, 0, 7, 7, 7, 4
0, 0, 0, 0, 0, 0, 0, 0, 6, 1
0, 0, 0, 0, 0, 0, 7, 7, 7, 4
0, 0, 0, 0, 0, 0, 0, 0, 6, 1
0, 0, 0, 0, 0, 0, 0, 0, 6, 1
0, 0, 0, 0, 0, 0, 0, 0, 6, 1
0, 0, 0, 0, 0, 0, 0, 0, 6, 1
0, 0, 0, 0, 0, 0, 0, 7, 1, 1
0, 0, 0, 7, 1, 1, 1, 1, 1, 1
0, 0, 0, 0, 0, 0, 0, 0, 6, 1
0, 0, 0, 0, 0, 0, 0, 0, 0, 6
0, 0, 7, 1, 1, 1, 1, 1, 1, 1
0, 0, 7, 1, 1, 1, 1, 1, 1, 1
0, 0, 0, 0, 0, 0, 0, 0, 6, 1
0, 0, 0, 0, 0, 0, 0, 7, 1, 1
0, 0, 7, 1, 1, 1, 1, 1, 1, 1
0, 5, 1, 1, 1, 1, 1, 1, 1, 1
0, 0, 7, 4, 4, 4, 4, 4, 4, 4
0, 0, 0, 7, 1, 1, 1, 1, 1, 1
0, 0, 0, 0, 0, 0, 0, 0, 6, 1
0, 0, 0, 0, 0, 0, 0, 0, 6, 1
0, 0, 0, 0, 0, 0, 0, 0, 6, 1
0, 0, 0, 0, 0, 0, 0, 0, 6, 1
0, 0, 0, 0, 0, 0, 7, 1, 1, 1
0, 0, 0, 0, 0, 0, 0, 0, 6, 1
0, 0, 0, 0, 0, 7, 1, 1, 1, 1
0, 0, 0, 0, 0, 7, 1, 1, 1, 1
0, 0, 0, 0, 0, 7, 1, 1, 1, 1
0, 0, 0, 0, 0, 7, 1, 1, 1, 1
0, 0, 0, 0, 0, 7, 1, 1, 1, 1
0, 0, 0, 0, 0, 7, 1, 1, 1, 1
0, 0, 0, 0, 0, 7, 1, 1, 1, 1
0, 0, 0, 0, 0, 7, 1, 1, 1, 1
0, 0, 0, 0, 0, 7, 1, 1, 1, 1
0, 0, 0, 0, 0, 7, 1, 1, 1, 1
0, 0, 0, 0, 0, 7, 1, 1, 1, 1
0, 0, 0, 0, 0, 7, 1, 1, 1, 1
0, 0, 0, 0, 0, 7, 1, 1, 1, 1
0, 0, 0, 0, 0, 0, 0, 0, 0, 6
0, 0, 0, 0, 0, 0, 0, 0, 6, 1
0, 0, 0, 0, 0, 0, 0, 0, 6, 3
0, 0, 0, 0, 0, 0, 5, 1, 1, 1
0, 0, 0, 0, 0, 7, 1, 1, 1, 1
0, 0, 0, 0, 0, 0, 0, 0, 6, 1
0, 0, 0, 0, 0, 0, 0, 0, 6, 1
0, 0, 0, 0, 0, 0, 0, 0, 6, 1
0, 0, 0, 0, 0, 0, 0, 0, 6, 1
0, 0, 0, 0, 0, 0, 0, 0, 6, 1
0, 0, 0, 0, 0, 0, 0, 7, 1, 1
0, 0, 0, 0, 0, 0, 0, 0, 0, 6
0, 0, 7, 1, 1, 1, 1, 1, 1, 1
0, 0, 7, 7, 7, 7, 7, 7, 7, 1
0, 0, 5, 5, 5, 5, 5, 5, 5, 5
0, 0, 0, 0, 0, 7, 1, 1, 1, 1
0, 0, 0, 0, 0, 0, 0, 0, 0, 6
0, 5, 1, 1, 1, 1, 1, 1, 1, 1
0, 0, 0, 0, 0, 0, 0, 0, 0, 6
0, 5, 1, 1, 1, 1, 1, 1, 1, 1
0, 0, 7, 1, 1, 1, 1, 1, 1, 1
0, 5, 1, 1, 1, 1, 1, 1, 1, 1
0, 0, 0, 7, 4, 4, 4, 4, 4, 4
0, 0, 0, 0, 0, 0, 0, 0, 6, 6
0, 0, 0, 0, 0, 0, 0, 0, 6, 1
0, 0, 0, 0, 0, 0, 0, 0, 0, 6
0, 0, 0, 7, 1, 1, 1, 1, 1, 1
0, 0, 0, 0, 0, 0, 7, 7, 7, 1
0, 0, 0, 0, 0, 0, 6, 3, 3, 3
0, 0, 0, 0, 0, 0, 7, 1, 1, 1
0, 0, 0, 0, 0, 0, 0, 0, 0, 6
0, 5, 1, 1, 1, 1, 1, 1, 1, 1
0, 0, 0, 0, 0, 0, 0, 6, 1, 1
0, 0, 0, 0, 0, 0, 0, 6, 3, 3
0, 0, 0, 0, 0, 7, 1, 1, 1, 1
0, 0, 0, 7, 1, 1, 1, 1, 1, 1
0, 0, 0, 0, 0, 0, 0, 0, 0, 6
0, 0, 0, 0, 0, 7, 1, 1, 1, 1
0, 0, 0, 0, 0, 0, 6, 1, 1, 1
0, 5, 1, 1, 1, 1, 1, 1, 1, 1
0, 0, 0, 0, 0, 0, 0, 6, 1, 1
0, 0, 0, 0, 0, 0, 5, 1, 1, 1
0, 0, 0, 0, 0, 7, 1, 1, 1, 1
0, 0, 0, 0, 0, 0, 0, 0, 6, 1
0, 0, 0, 0, 0, 0, 0, 0, 6, 1
0, 0, 0, 0, 0, 7, 1, 1, 1, 1
0, 0, 0, 0, 0, 0, 0, 0, 0, 6
0, 0, 0, 0, 0, 0, 0, 0, 0, 6
0, 5, 1, 1, 1, 1, 1, 1, 1, 1
0, 5, 1, 1, 1, 1, 1, 1, 1, 1
0, 0, 0, 0, 0, 0, 7, 1, 1, 1
0, 0, 0, 7, 1, 1, 1, 1, 1, 1
0, 0, 0, 0, 0, 0, 5, 1, 1, 1
0, 0, 0, 0, 0, 0, 0, 7, 1, 1
0, 0, 0, 0, 0, 0, 0, 0, 0, 6
0, 0, 0, 0, 0, 0, 6, 1, 1, 1
0, 0, 0, 0, 0, 0, 6, 1, 1, 1
0, 0, 0, 0, 0, 0, 0, 0, 0, 6
0, 0, 0, 0, 0, 0, 0, 7, 1, 1
0, 0, 0, 0, 0, 0, 0, 0, 6, 1
0, 0, 0, 0, 0, 7, 1, 1, 1, 1
0, 5, 1, 1, 1, 1, 1, 1, 1, 1
0, 0, 0, 0, 0, 7, 1, 1, 1, 1
0, 0, 0, 0, 0, 0, 0, 7, 1, 1
0, 0, 0, 0, 0, 0, 0, 0, 6, 1
0, 0, 0, 0, 0, 7, 1, 1, 1, 1
0, 0, 7, 7, 7, 7, 7, 7, 7, 1
0, 0, 0, 0, 0, 0, 0, 6, 3, 3
0, 0, 0, 7, 7, 7, 1, 1, 1, 1
0, 0, 0, 0, 0, 0, 0, 0, 6, 1
0, 0, 0, 0, 0, 0, 0, 0, 6, 1
0, 0, 0, 0, 0, 0, 0, 0, 6, 1
0, 0, 0, 0, 0, 0, 0, 0, 6, 1
0, 0, 0, 0, 0, 0, 0, 0, 0, 6
0, 5, 1, 1, 1, 1, 1, 1, 1, 1
0, 0, 0, 0, 0, 7, 1, 1, 1, 1
0, 0, 7, 1, 1, 1, 1, 1, 1, 1
0, 0, 0, 0, 0, 7, 1, 1, 1, 1
0, 0, 0, 0, 0, 0, 0, 0, 6, 1
0, 5, 1, 1, 1, 1, 1, 1, 1, 1
0, 0, 0, 0, 0, 7, 1, 1, 1, 1
0, 5, 1, 1, 1, 1, 1, 1, 1, 1
0, 0, 0, 0, 0, 0, 6, 1, 1, 1
0, 0, 0, 7, 1, 1, 1, 1, 1, 1
0, 5, 1, 1, 1, 1, 1, 1, 1, 1
0, 0, 0, 0, 0, 0, 0, 0, 6, 1
0, 0, 0, 7, 1, 1, 1, 1, 1, 1
0, 0, 0, 0, 0, 7, 1, 1, 1, 1
0, 0, 0, 0, 0, 0, 0, 0, 6, 1
0, 0, 0, 0, 7, 1, 1, 1, 1, 1
0, 0, 0, 7, 1, 1, 1, 1, 1, 1
0, 0, 0, 0, 0, 5, 5, 1, 1, 1
0, 5, 1, 1, 1, 1, 1, 1, 1, 1
0, 0, 0, 0, 0, 0, 0, 0, 0, 6
0, 0, 0, 0, 0, 0, 0, 0, 7, 1
0, 0, 0, 7, 7, 7, 7, 7, 7, 1
0, 0, 0, 0, 0, 0, 0, 6, 3, 3
0, 0, 0, 0, 0, 0, 0, 0, 6, 1
0, 0, 0, 0, 0, 0, 0, 0, 6, 1
0, 0, 0, 0, 0, 0, 0, 0, 6, 1
0, 0, 0, 0, 0, 0, 0, 0, 6, 1
0, 0, 0, 0, 0, 0, 0, 0, 6, 1
0, 0, 0, 0, 0, 0, 0, 0, 6, 1
0, 0, 0, 0, 0, 0, 0, 0, 6, 1
0, 0, 0, 0, 0, 0, 0, 0, 6, 1
0, 0, 0, 0, 0, 0, 0, 0, 6, 1
0, 0, 0, 0, 0, 0, 0, 0, 6, 1
0, 0, 0, 0, 0, 0, 0, 0, 6, 1
0, 0, 0, 0, 0, 0, 0, 0, 6, 1
0, 0, 0, 0, 7, 7, 7, 7, 7, 4
0, 0, 0, 0, 0, 0, 0, 0, 6, 1
0, 5, 1, 1, 1, 1, 1, 1, 1, 1
0, 0, 0, 0, 0, 0, 0, 7, 1, 1
0, 0, 0, 7, 1, 1, 1, 1, 1, 1
0, 0, 0, 0, 0, 0, 0, 0, 6, 6
0, 0, 0, 0, 0, 7, 1, 1, 1, 1
0, 0, 0, 0, 0, 0, 0, 0, 0, 6
0, 0, 0, 0, 0, 0, 0, 0, 0, 6
0, 0, 0, 7, 1, 1, 1, 1, 1, 1
0, 0, 0, 0, 0, 0, 0, 0, 6, 1
0, 0, 5, 5, 5, 5, 5, 5, 5, 5
0, 5, 1, 1, 1, 1, 1, 1, 1, 1
0, 0, 7, 1, 1, 1, 1, 1, 1, 1
0, 5, 1, 1, 1, 1, 1, 1, 1, 1
0, 0, 0, 0, 7, 1, 1, 1, 1, 1
0, 0, 0, 0, 0, 0, 0, 0, 0, 6
0, 5, 1, 1, 1, 1, 1, 1, 1, 1
0, 0, 5, 5, 5, 1, 0, 6, 3, 3
0, 5, 1, 1, 1, 1, 1, 1, 1, 1
0, 0, 0, 0, 0, 7, 1, 1, 1, 1
0, 5, 1, 1, 1, 1, 1, 1, 1, 1
0, 0, 0, 0, 0, 0, 0, 0, 0, 6
0, 0, 0, 7, 1, 1, 1, 1, 1, 1
0, 0, 0, 0, 0, 0, 0, 7, 1, 1
0, 0, 5, 5, 5, 5, 5, 5, 5, 2
0, 0, 7, 1, 1, 1, 1, 1, 1, 1
0, 0, 7, 1, 1, 1, 1, 1, 1, 1
0, 0, 7, 7, 1, 1, 1, 1, 1, 1
0, 0, 0, 7, 7, 7, 7, 7, 7, 1
0, 0, 0, 0, 0, 0, 0, 0, 0, 6
0, 0, 0, 0, 0, 0, 0, 0, 0, 6
0, 0, 0, 0, 0, 0, 0, 7, 1, 1
0, 0, 0, 0, 0, 0, 0, 0, 6, 1
0, 0, 0, 7, 1, 1, 1, 1, 1, 1
0, 0, 0, 0, 0, 0, 0, 0, 6, 1
0, 0, 0, 0, 0, 0, 0, 7, 1, 1
0, 0, 0, 0, 0, 0, 0, 7, 1, 1
0, 0, 0, 0, 0, 0, 0, 0, 0, 6
0, 0, 0, 0, 0, 7, 1, 1, 1, 1
0, 0, 0, 0, 0, 7, 1, 1, 1, 1
0, 0, 0, 0, 0, 7, 1, 1, 1, 1
0, 0, 0, 0, 0, 7, 1, 1, 1, 1
0, 0, 7, 1, 1, 1, 1, 1, 1, 1
0, 0, 0, 0, 0, 0, 6, 1, 1, 1
0, 0, 0, 0, 0, 0, 0, 0, 6, 1
0, 0, 0, 0, 0, 0, 0, 0, 6, 1
0, 5, 1, 1, 1, 1, 1, 1, 1, 1
0, 0, 0, 0, 0, 0, 0, 7, 1, 1
0, 0, 0, 0, 0, 0, 0, 0, 0, 6
0, 0, 7, 4, 4, 4, 4, 4, 4, 4
0, 0, 0, 7, 1, 1, 1, 1, 1, 1
0, 0, 0, 0, 0, 0, 7, 1, 1, 1
0, 5, 1, 1, 1, 1, 1, 1, 1, 1
0, 0, 5, 5, 5, 5, 5, 5, 5, 5
0, 0, 0, 0, 0, 0, 0, 0, 0, 6
0, 0, 0, 0, 0, 0, 7, 1, 1, 1
0, 0, 0, 0, 0, 0, 0, 0, 0, 6
0, 0, 0, 7, 7, 1, 1, 1, 1, 1
0, 0, 0, 0, 0, 0, 0, 0, 6, 6
0, 5, 1, 1, 1, 1, 1, 1, 1, 1
0, 5, 1, 1, 1, 1, 1, 1, 1, 1
0, 5, 1, 1, 1, 1, 1, 1, 1, 1
0, 0, 5, 5, 5, 5, 5, 5, 2, 2
0, 0, 0, 0, 0, 5, 1, 0, 7, 1
0, 0, 0, 0, 0, 5, 1, 1, 1, 1
0, 0, 0, 0, 0, 5, 1, 1, 1, 1
0, 0, 0, 0, 0, 0, 0, 0, 0, 6
0, 0, 0, 7, 7, 1, 1, 1, 1, 1
0, 0, 0, 0, 0, 7, 1, 1, 1, 1
0, 0, 0, 0, 0, 0, 0, 7, 1, 1
0, 5, 1, 1, 1, 1, 1, 1, 1, 1
0, 0, 0, 0, 0, 0, 0, 7, 1, 1
0, 0, 0, 0, 0, 0, 0, 0, 0, 6
0, 0, 0, 0, 0, 0, 7, 7, 7, 1
0, 5, 1, 1, 1, 1, 1, 1, 1, 1
0, 0, 0, 0, 0, 0, 0, 0, 0, 6
0, 5, 1, 1, 1, 1, 1, 1, 1, 1
0, 0, 0, 0, 0, 0, 0, 0, 6, 1
0, 0, 0, 7, 1, 1, 1, 1, 1, 1
0, 0, 7, 7, 7, 7, 7, 7, 7, 4
0, 0, 0, 0, 0, 0, 0, 0, 0, 6
0, 0, 0, 7, 1, 1, 1, 1, 1, 1
0, 0, 0, 0, 0, 0, 0, 0, 6, 1
0, 0, 0, 0, 0, 0, 0, 0, 6, 1
0, 0, 0, 0, 0, 0, 6, 6, 6, 1
0, 0, 0, 0, 0, 0, 0, 0, 6, 1
0, 0, 0, 0, 0, 7, 1, 1, 1, 1
0, 0, 0, 7, 1, 1, 1, 1, 1, 1
0, 0, 0, 7, 1, 1, 1, 1, 1, 1
0, 0, 0, 7, 1, 1, 1, 1, 1, 1
0, 0, 0, 7, 1, 1, 1, 1, 1, 1
0, 0, 0, 0, 0, 0, 7, 1, 1, 1
0, 0, 0, 0, 0, 0, 0, 0, 6, 1
0, 5, 1, 1, 1, 1, 1, 1, 1, 1
0, 5, 1, 1, 1, 1, 1, 1, 1, 1
0, 0, 0, 0, 0, 0, 0, 7, 1, 1
0, 0, 0, 0, 0, 0, 5, 1, 1, 1
0, 0, 0, 0, 0, 0, 0, 0, 6, 1
0, 0, 0, 0, 0, 0, 0, 0, 0, 6
0, 0, 0, 0, 0, 7, 1, 1, 1, 1
0, 0, 0, 0, 0, 0, 0, 6, 1, 1
0, 0, 7, 7, 7, 7, 1, 1, 1, 1
0, 0, 0, 0, 0, 0, 0, 0, 6, 1
0, 0, 0, 0, 0, 0, 7, 1, 1, 1
0, 0, 0, 0, 0, 0, 0, 0, 0, 6
0, 0, 0, 0, 0, 0, 0, 0, 6, 1
0, 0, 0, 0, 0, 0, 0, 6, 6, 1
0, 0, 0, 0, 0, 0, 0, 0, 6, 1
0, 0, 0, 0, 0, 0, 7, 1, 1, 1
0, 0, 0, 0, 0, 0, 0, 0, 6, 1
0, 0, 0, 0, 0, 0, 0, 0, 6, 1
0, 0, 0, 0, 0, 0, 6, 1, 1, 1
0, 0, 0, 0, 0, 0, 0, 0, 6, 6
0, 0, 0, 0, 0, 0, 0, 0, 0, 6
0, 0, 0, 0, 0, 0, 7, 1, 1, 1
0, 0, 0, 0, 0, 0, 0, 7, 4, 4
0, 0, 0, 0, 0, 0, 0, 6, 3, 3
0, 0, 0, 0, 0, 7, 1, 1, 1, 1
0, 0, 0, 0, 0, 0, 0, 0, 6, 1
0, 0, 0, 0, 0, 7, 7, 7, 1, 1
0, 0, 0, 0, 0, 0, 0, 7, 4, 4
0, 5, 1, 1, 1, 1, 1, 1, 1, 1
0, 5, 1, 1, 1, 1, 1, 1, 1, 1
0, 0, 0, 7, 1, 1, 1, 1, 1, 1
0, 5, 5, 5, 5, 5, 5, 5, 5, 2
0, 0, 0, 7, 1, 1, 1, 1, 1, 1
0, 0, 0, 0, 0, 0, 0, 0, 0, 6
0, 0, 0, 0, 0, 7, 1, 1, 1, 1
0, 0, 0, 0, 0, 0, 0, 0, 6, 6
0, 0, 0, 0, 0, 0, 0, 0, 0, 6
0, 0, 0, 7, 1, 1, 1, 1, 1, 1
0, 0, 0, 0, 0, 0, 0, 7, 1, 1
0, 0, 0, 0, 0, 7, 1, 1, 1, 1
0, 0, 0, 0, 0, 0, 0, 0, 0, 6
0, 0, 0, 0, 0, 0, 0, 7, 1, 1
0, 5, 1, 1, 1, 1, 1, 1, 1, 1
0, 5, 2, 2, 2, 2, 2, 2, 2, 2
0, 5, 1, 1, 1, 1, 1, 1, 1, 1
0, 0, 0, 0, 0, 0, 0, 6, 3, 3
0, 0, 0, 0, 0, 0, 0, 0, 6, 1
0, 5, 1, 1, 1, 1, 1, 1, 1, 1
0, 5, 1, 1, 1, 1, 1, 1, 1, 1
0, 0, 5, 5, 5, 5, 5, 5, 5, 5
0, 0, 0, 0, 0, 7, 1, 1, 1, 1
0, 0, 0, 0, 0, 7, 1, 1, 1, 1
0, 5, 1, 1, 1, 1, 1, 1, 1, 1
0, 0, 0, 0, 0, 0, 0, 0, 0, 6
0, 0, 0, 0, 0, 0, 0, 0, 0, 6
0, 0, 0, 0, 0, 0, 7, 1, 1, 1
0, 0, 0, 0, 0, 0, 7, 1, 1, 1
0, 0, 0, 7, 1, 1, 1, 1, 1, 1
0, 0, 0, 0, 0, 0, 7, 1, 1, 1
0, 0, 0, 0, 0, 0, 0, 0, 0, 5
0, 0, 0, 0, 0, 7, 1, 1, 1, 1
0, 5, 1, 1, 1, 1, 1, 1, 1, 1
0, 0, 0, 0, 0, 7, 1, 1, 1, 1
