0, 297, 660, 990, 1320, 1980, 2310, 2640, 2970
0.001, 0.001, 0.001, 0.999, 0.585748844727, 0.612986162087, 0.474128307651, 0.682457109831, 0.714426215926
0.001, 0.001, 0.001, 0.001, 0.001, 0.001, 0.001, 0.258403839773, 0.285573784074
1083.0, 983.0, 822.0, 825.0, 712.0, 639.0, 618.0, 480.0, 0.0
0.0, 100.0, 168.0, 7.0, 127.0, 118.0, 87.0, 207.0, 683.0
0.0, 0.0, 91.0, 249.0, 242.0, 320.0, 365.0, 380.0, 380.0
0.0, 0.0, 2.0, 2.0, 2.0, 2.0, 2.0, 2.0, 2.0
0.0, 0.0, 0.0, 0.0, 0.0, 4.0, 11.0, 14.0, 18.0
0.0, 0.0, 0.0, 0.0, 0.0, 0.0, 0.0, 0.0, 0.0
0, 0, 0, 0, 0, 0, 0, 0, 6
0, 5, 1, 1, 1, 1, 1, 1, 1
0, 0, 0, 0, 0, 0, 0, 0, 6
0, 0, 0, 0, 0, 0, 0, 0, 6
0, 0, 0, 0, 0, 0, 0, 0, 6
0, 0, 0, 0, 0, 0, 0, 0, 6
0, 0, 0, 0, 0, 0, 0, 0, 6
0, 0, 0, 0, 0, 0, 0, 6, 6
0, 0, 0, 0, 6, 1, 1, 1, 1
0, 5, 1, 1, 1, 1, 1, 1, 1
0, 0, 0, 0, 6, 1, 1, 1, 1
0, 0, 0, 0, 0, 0, 6, 1, 1
0, 0, 0, 0, 0, 0, 0, 6, 6
0, 0, 0, 0, 0, 0, 0, 0, 6
0, 0, 0, 0, 0, 0, 0, 0, 6
0, 5, 1, 1, 1, 1, 1, 1, 1
0, 0, 0, 0, 0, 0, 0, 0, 6
0, 0, 0, 0, 0, 0, 0, 0, 6
0, 0, 0, 0, 0, 0, 0, 0, 6
0, 5, 1, 1, 1, 1, 1, 1, 1
0, 5, 5, 5, 5, 1, 0, 6, 3
0, 0, 0, 0, 0, 0, 0, 0, 6
0, 0, 0, 0, 0, 0, 0, 6, 6
0, 0, 0, 0, 0, 0, 0, 6, 6
0, 5, 1, 1, 1, 1, 1, 1, 1
0, 0, 0, 0, 0, 6, 1, 1, 1
0, 5, 1, 1, 1, 1, 1, 1, 1
0, 0, 0, 0, 0, 0, 0, 6, 6
0, 0, 0, 0, 0, 0, 0, 6, 6
0, 0, 0, 0, 0, 0, 0, 6, 6
0, 0, 0, 0, 0, 0, 0, 6, 6
0, 0, 0, 0, 0, 0, 0, 6, 6
0, 0, 0, 0, 0, 0, 0, 6, 6
0, 0, 0, 0, 0, 0, 0, 6, 6
0, 0, 0, 0, 6, 6, 6, 6, 6
0, 0, 0, 0, 0, 0, 0, 6, 6
0, 0, 0, 0, 0, 0, 0, 6, 6
0, 0, 0, 0, 0, 0, 0, 6, 6
0, 0, 0, 0, 0, 6, 1, 1, 1
0, 0, 0, 0, 0, 0, 0, 6, 6
0, 0, 0, 0, 0, 0, 0, 6, 6
0, 0, 0, 0, 6, 6, 6, 6, 6
0, 0, 0, 0, 0, 6, 1, 1, 1
0, 0, 0, 0, 0, 6, 1, 1, 1
0, 0, 0, 0, 6, 6, 1, 1, 1
0, 0, 0, 0, 6, 1, 1, 1, 1
0, 0, 0, 0, 0, 0, 0, 6, 6
0, 0, 5, 1, 1, 1, 1, 1, 1
0, 0, 5, 1, 1, 1, 1, 1, 1
0, 0, 5, 1, 1, 1, 1, 1, 1
0, 0, 5, 1, 1, 1, 1, 1, 1
0, 0, 5, 1, 1, 1, 1, 1, 1
0, 0, 0, 0, 6, 1, 1, 1, 1
0, 0, 0, 0, 0, 0, 0, 0, 6
0, 0, 0, 0, 0, 0, 0, 0, 6
0, 0, 0, 0, 0, 0, 0, 6, 6
0, 0, 0, 0, 0, 0, 0, 0, 6
0, 0, 0, 0, 0, 0, 0, 0, 6
0, 0, 0, 0, 0, 0, 0, 0, 6
0, 0, 0, 0, 0, 0, 0, 0, 6
0, 0, 0, 0, 0, 0, 0, 0, 6
0, 0, 0, 0, 0, 0, 0, 0, 6
0, 0, 5, 1, 1, 1, 1, 1, 1
0, 0, 0, 0, 0, 0, 0, 0, 6
0, 0, 0, 0, 6, 1, 1, 1, 1
0, 0, 0, 0, 0, 0, 0, 0, 6
0, 0, 0, 0, 0, 0, 0, 0, 6
0, 0, 0, 0, 6, 1, 1, 1, 1
0, 5, 1, 1, 1, 1, 1, 1, 1
0, 0, 0, 0, 6, 6, 1, 1, 1
0, 0, 5, 1, 1, 1, 1, 1, 1
0, 0, 5, 1, 1, 1, 1, 1, 1
0, 0, 5, 1, 1, 1, 1, 1, 1
0, 0, 5, 1, 1, 1, 1, 1, 1
0, 0, 5, 1, 1, 1, 1, 1, 1
0, 0, 5, 1, 1, 1, 1, 1, 1
0, 0, 5, 1, 1, 1, 1, 1, 1
0, 0, 5, 1, 1, 1, 1, 1, 1
0, 0, 0, 0, 0, 0, 0, 0, 6
0, 0, 5, 1, 1, 1, 1, 1, 1
0, 0, 5, 5, 5, 1, 0, 6, 3
0, 0, 0, 0, 0, 0, 0, 0, 6
0, 0, 0, 0, 0, 0, 0, 6, 6
0, 0, 0, 0, 0, 6, 1, 1, 1
0, 0, 0, 0, 0, 6, 1, 1, 1
0, 0, 0, 0, 0, 0, 0, 0, 6
0, 0, 0, 0, 0, 0, 0, 0, 6
0, 0, 0, 0, 6, 6, 6, 6, 6
0, 0, 0, 0, 0, 0, 0, 6, 6
0, 0, 0, 0, 0, 0, 0, 0, 6
0, 0, 0, 0, 6, 1, 1, 1, 1
0, 0, 0, 0, 0, 6, 6, 6, 6
0, 0, 0, 0, 0, 0, 0, 0, 6
0, 0, 0, 0, 0, 0, 0, 6, 6
0, 0, 0, 0, 0, 0, 0, 6, 6
0, 5, 1, 1, 1, 1, 1, 1, 1
0, 0, 0, 0, 0, 0, 0, 0, 6
0, 0, 0, 0, 0, 0, 0, 0, 6
0, 0, 0, 0, 0, 0, 0, 0, 6
0, 0, 0, 0, 0, 6, 1, 1, 1
0, 0, 0, 0, 0, 6, 1, 1, 1
0, 0, 0, 0, 0, 6, 1, 1, 1
0, 0, 0, 0, 0, 6, 1, 1, 1
0, 0, 5, 1, 1, 1, 1, 1, 1
0, 0, 5, 1, 1, 1, 1, 1, 1
0, 0, 5, 1, 1, 1, 1, 1, 1
0, 0, 5, 1, 1, 1, 1, 1, 1
0, 0, 5, 1, 1, 1, 1, 1, 1
0, 0, 5, 1, 1, 1, 1, 1, 1
0, 0, 5, 1, 1, 1, 1, 1, 1
0, 0, 5, 1, 1, 1, 1, 1, 1
0, 0, 5, 1, 1, 1, 1, 1, 1
0, 0, 0, 0, 0, 0, 0, 0, 6
0, 0, 5, 1, 1, 1, 1, 1, 1
0, 0, 5, 1, 1, 1, 1, 1, 1
0, 0, 5, 1, 1, 1, 1, 1, 1
0, 0, 5, 1, 0, 6, 1, 1, 1
0, 0, 5, 1, 0, 6, 1, 1, 1
0, 0, 5, 1, 0, 6, 1, 1, 1
0, 0, 5, 1, 0, 6, 1, 1, 1
0, 0, 5, 1, 1, 1, 1, 1, 1
0, 0, 5, 1, 1, 1, 1, 1, 1
0, 0, 5, 1, 1, 1, 1, 1, 1
0, 0, 0, 0, 0, 0, 0, 0, 6
0, 0, 0, 0, 0, 0, 0, 0, 6
0, 0, 0, 0, 0, 6, 1, 1, 1
0, 0, 0, 0, 0, 0, 0, 0, 6
0, 0, 0, 0, 0, 0, 0, 0, 6
0, 0, 0, 0, 0, 0, 0, 0, 6
0, 0, 0, 0, 0, 0, 0, 0, 6
0, 0, 0, 0, 0, 0, 0, 0, 6
0, 0, 0, 0, 0, 0, 0, 0, 6
0, 0, 0, 0, 6, 1, 1, 1, 1
0, 0, 0, 0, 0, 0, 0, 0, 6
0, 0, 0, 0, 0, 0, 0, 0, 6
0, 0, 0, 0, 0, 0, 0, 0, 6
0, 5, 1, 1, 1, 1, 1, 1, 1
0, 0, 0, 0, 0, 0, 0, 6, 6
0, 0, 0, 0, 0, 0, 0, 6, 6
0, 0, 0, 0, 0, 0, 6, 1, 1
0, 0, 0, 0, 0, 0, 0, 0, 6
0, 5, 1, 1, 1, 1, 1, 1, 1
0, 0, 0, 0, 0, 0, 0, 0, 6
0, 0, 0, 0, 0, 0, 0, 0, 6
0, 0, 0, 0, 0, 0, 0, 0, 6
0, 0, 0, 0, 0, 0, 0, 0, 6
0, 0, 0, 0, 0, 6, 6, 6, 6
0, 0, 0, 0, 0, 0, 0, 0, 6
0, 5, 1, 1, 1, 1, 1, 1, 1
0, 0, 0, 0, 6, 3, 3, 3, 3
0, 0, 0, 0, 6, 6, 6, 6, 6
0, 5, 1, 1, 1, 1, 1, 1, 1
0, 0, 0, 0, 0, 0, 0, 0, 6
0, 5, 1, 1, 1, 1, 1, 0, 6
0, 0, 0, 0, 0, 0, 0, 0, 6
0, 0, 0, 0, 0, 0, 0, 0, 6
0, 5, 1, 1, 1, 1, 1, 1, 1
0, 0, 5, 1, 1, 1, 1, 1, 1
0, 0, 5, 1, 1, 1, 1, 1, 1
0, 0, 5, 1, 1, 1, 1, 1, 1
0, 0, 5, 1, 1, 1, 1, 1, 1
0, 0, 5, 1, 1, 1, 1, 1, 1
0, 0, 5, 1, 1, 1, 1, 1, 1
0, 0, 5, 1, 1, 1, 1, 1, 1
0, 0, 5, 1, 1, 1, 1, 1, 1
0, 0, 5, 1, 1, 1, 1, 1, 1
0, 0, 5, 1, 1, 1, 1, 1, 1
0, 0, 0, 0, 6, 1, 1, 1, 1
0, 5, 1, 1, 1, 1, 1, 1, 1
0, 0, 0, 0, 0, 0, 0, 0, 6
0, 0, 0, 0, 6, 1, 1, 1, 1
0, 0, 0, 0, 0, 0, 0, 6, 6
0, 0, 0, 0, 0, 0, 6, 1, 1
0, 0, 0, 0, 0, 0, 0, 0, 6
0, 0, 0, 0, 0, 0, 0, 0, 6
0, 0, 0, 0, 0, 0, 6, 1, 1
0, 0, 5, 1, 1, 1, 1, 1, 1
0, 0, 0, 0, 0, 0, 0, 0, 6
0, 0, 5, 1, 1, 1, 1, 1, 1
0, 0, 5, 1, 1, 1, 1, 1, 1
0, 0, 5, 1, 1, 1, 1, 1, 1
0, 5, 1, 1, 1, 1, 1, 1, 1
0, 5, 1, 1, 1, 1, 1, 1, 1
0, 0, 0, 0, 0, 6, 1, 1, 1
0, 0, 0, 0, 0, 0, 0, 0, 6
0, 0, 0, 0, 6, 1, 1, 1, 1
0, 0, 0, 0, 0, 0, 0, 6, 6
0, 0, 0, 0, 0, 0, 0, 0, 6
0, 0, 0, 0, 0, 0, 0, 0, 6
0, 0, 0, 0, 0, 0, 0, 0, 6
0, 5, 1, 1, 1, 1, 1, 1, 1
0, 0, 0, 0, 0, 0, 0, 0, 6
0, 0, 0, 0, 0, 0, 0, 0, 6
0, 0, 0, 0, 0, 0, 0, 0, 6
0, 0, 0, 0, 0, 6, 1, 1, 1
0, 0, 5, 1, 1, 1, 1, 1, 1
0, 0, 5, 1, 1, 1, 1, 1, 1
0, 0, 5, 1, 1, 1, 1, 1, 1
0, 0, 5, 1, 1, 1, 1, 1, 1
0, 0, 5, 1, 1, 1, 1, 1, 1
0, 0, 0, 0, 0, 0, 0, 6, 6
0, 0, 0, 0, 0, 0, 0, 6, 6
0, 0, 0, 0, 0, 0, 6, 6, 6
0, 0, 0, 0, 0, 0, 0, 6, 6
0, 0, 0, 0, 0, 0, 6, 6, 6
0, 0, 0, 0, 0, 0, 0, 6, 6
0, 0, 0, 0, 0, 0, 6, 6, 6
0, 0, 0, 0, 0, 0, 0, 6, 6
0, 0, 0, 0, 0, 0, 0, 0, 6
0, 0, 0, 0, 0, 0, 0, 0, 6
0, 0, 0, 0, 0, 0, 0, 0, 6
0, 0, 0, 0, 0, 0, 0, 0, 6
0, 0, 0, 0, 0, 0, 0, 0, 6
0, 0, 0, 0, 0, 0, 0, 0, 6
0, 0, 0, 0, 0, 0, 0, 0, 6
0, 0, 0, 0, 0, 6, 1, 1, 1
0, 0, 0, 0, 0, 0, 0, 6, 6
0, 0, 0, 0, 0, 0, 0, 6, 6
0, 5, 1, 1, 1, 1, 1, 1, 1
0, 0, 0, 0, 0, 0, 0, 0, 6
0, 0, 0, 0, 0, 0, 0, 0, 6
0, 0, 0, 0, 0, 0, 0, 0, 6
0, 0, 0, 0, 6, 1, 1, 1, 1
0, 5, 1, 1, 1, 1, 1, 1, 1
0, 0, 0, 0, 0, 0, 0, 0, 6
0, 0, 0, 0, 0, 0, 0, 0, 6
0, 0, 0, 0, 0, 0, 0, 0, 6
0, 0, 0, 0, 0, 0, 0, 0, 6
0, 0, 0, 0, 0, 0, 0, 0, 6
0, 0, 0, 0, 0, 0, 0, 6, 6
0, 0, 0, 0, 6, 6, 6, 6, 6
0, 0, 0, 0, 6, 1, 1, 1, 1
0, 5, 1, 1, 1, 1, 1, 1, 1
0, 0, 0, 0, 0, 0, 0, 0, 6
0, 5, 1, 1, 1, 1, 1, 1, 1
0, 0, 0, 0, 0, 0, 6, 3, 3
0, 0, 0, 0, 6, 1, 1, 1, 1
0, 0, 0, 0, 0, 0, 0, 0, 5
0, 0, 0, 0, 0, 0, 0, 0, 6
0, 0, 0, 0, 0, 0, 0, 0, 6
0, 0, 0, 0, 0, 6, 1, 1, 1
0, 0, 0, 0, 0, 0, 0, 6, 6
0, 0, 0, 0, 0, 6, 6, 6, 6
0, 0, 0, 0, 6, 1, 1, 1, 1
0, 0, 0, 0, 6, 1, 1, 1, 1
0, 5, 1, 1, 1, 1, 1, 1, 1
0, 5, 1, 1, 1, 1, 1, 1, 1
0, 0, 0, 0, 0, 0, 0, 0, 6
0, 0, 0, 0, 0, 0, 0, 0, 6
0, 0, 0, 0, 0, 6, 1, 1, 1
0, 0, 0, 0, 5, 1, 0, 5, 5
0, 0, 5, 1, 1, 1, 1, 1, 1
0, 0, 0, 0, 0, 6, 1, 1, 1
0, 0, 0, 0, 6, 1, 1, 1, 1
0, 5, 1, 1, 1, 1, 1, 1, 1
0, 0, 0, 0, 0, 0, 0, 0, 6
0, 0, 0, 0, 0, 0, 0, 0, 6
0, 0, 0, 0, 0, 0, 0, 0, 6
0, 0, 0, 0, 0, 0, 0, 0, 6
0, 5, 1, 1, 1, 1, 1, 1, 1
0, 5, 1, 1, 1, 1, 1, 1, 1
0, 0, 0, 0, 0, 0, 0, 0, 6
0, 0, 0, 0, 0, 0, 0, 0, 6
0, 0, 0, 0, 0, 0, 0, 0, 6
0, 0, 0, 0, 0, 0, 0, 0, 6
0, 0, 0, 0, 0, 0, 0, 0, 6
0, 0, 0, 0, 0, 0, 6, 1, 1
0, 0, 0, 0, 0, 0, 0, 0, 6
0, 0, 0, 0, 0, 0, 0, 0, 6
0, 0, 0, 0, 0, 0, 0, 0, 6
0, 0, 0, 0, 0, 0, 0, 0, 6
0, 5, 1, 1, 1, 1, 1, 1, 1
0, 0, 0, 0, 0, 0, 0, 0, 6
0, 0, 0, 0, 0, 0, 0, 0, 6
0, 0, 0, 0, 0, 0, 0, 0, 6
0, 0, 0, 0, 0, 0, 0, 0, 6
0, 0, 0, 0, 0, 0, 0, 0, 6
0, 0, 0, 0, 0, 0, 0, 0, 6
0, 0, 0, 0, 0, 0, 0, 6, 6
0, 5, 1, 1, 1, 1, 1, 1, 1
0, 0, 0, 0, 0, 0, 0, 0, 6
0, 0, 5, 1, 1, 1, 1, 1, 1
0, 0, 0, 0, 0, 0, 0, 0, 6
0, 0, 0, 0, 0, 0, 0, 0, 6
0, 0, 0, 0, 0, 0, 0, 0, 6
0, 0, 0, 0, 0, 0, 0, 0, 6
0, 0, 0, 0, 0, 0, 0, 0, 6
0, 0, 0, 0, 0, 0, 0, 0, 6
0, 0, 0, 0, 6, 1, 1, 1, 1
0, 5, 1, 1, 1, 1, 1, 1, 1
0, 0, 0, 0, 6, 1, 1, 1, 1
0, 0, 0, 0, 0, 0, 0, 6, 6
0, 0, 0, 0, 0, 0, 0, 0, 6
0, 0, 0, 0, 0, 0, 0, 0, 6
0, 0, 0, 0, 0, 6, 1, 1, 1
0, 0, 0, 0, 0, 0, 0, 6, 6
0, 0, 0, 0, 0, 0, 0, 0, 6
0, 0, 0, 0, 6, 6, 6, 6, 6
0, 0, 0, 0, 0, 0, 0, 0, 6
0, 0, 0, 0, 0, 0, 0, 0, 6
0, 0, 0, 0, 0, 0, 6, 1, 1
0, 0, 0, 0, 0, 0, 0, 6, 6
0, 5, 1, 1, 1, 1, 1, 1, 1
0, 5, 1, 1, 1, 1, 1, 1, 1
0, 0, 0, 0, 0, 0, 0, 6, 6
0, 0, 0, 0, 0, 0, 0, 0, 6
0, 0, 0, 0, 0, 0, 0, 0, 6
0, 0, 0, 0, 0, 0, 0, 0, 6
0, 0, 0, 0, 0, 0, 0, 0, 6
0, 0, 0, 0, 0, 0, 0, 0, 6
0, 0, 0, 0, 0, 0, 0, 0, 6
0, 0, 0, 0, 0, 0, 0, 0, 6
0, 0, 0, 0, 0, 0, 0, 0, 6
0, 0, 0, 0, 0, 0, 0, 0, 6
0, 0, 0, 0, 0, 0, 0, 6, 6
0, 0, 0, 0, 6, 6, 6, 6, 6
0, 0, 0, 0, 0, 0, 0, 6, 6
0, 0, 0, 0, 0, 0, 0, 0, 6
0, 0, 0, 0, 0, 0, 0, 0, 6
0, 0, 0, 0, 0, 0, 0, 6, 6
0, 0, 0, 0, 0, 6, 6, 6, 6
0, 0, 0, 0, 0, 6, 1, 1, 1
0, 0, 0, 0, 6, 3, 3, 3, 3
0, 0, 0, 0, 0, 0, 0, 0, 6
0, 0, 0, 0, 6, 1, 1, 1, 1
0, 0, 0, 0, 0, 6, 6, 6, 6
0, 0, 0, 0, 0, 0, 0, 0, 6
0, 0, 0, 0, 0, 0, 0, 0, 6
0, 0, 0, 0, 0, 0, 0, 6, 6
0, 5, 1, 1, 1, 1, 1, 1, 1
0, 0, 0, 0, 0, 0, 0, 0, 6
0, 5, 1, 1, 1, 1, 1, 1, 1
0, 5, 1, 1, 1, 1, 1, 1, 1
0, 0, 0, 0, 0, 0, 0, 0, 6
0, 0, 0, 0, 0, 0, 0, 0, 6
0, 0, 0, 0, 0, 6, 1, 1, 1
0, 0, 0, 0, 0, 0, 0, 0, 6
0, 0, 0, 0, 0, 0, 0, 0, 6
0, 0, 0, 0, 0, 0, 0, 0, 6
0, 5, 1, 1, 1, 1, 1, 1, 1
0, 0, 0, 0, 6, 6, 6, 6, 6
0, 0, 0, 0, 0, 0, 0, 0, 6
0, 0, 0, 0, 6, 6, 6, 6, 6
0, 0, 0, 0, 0, 0, 0, 0, 6
0, 0, 0, 0, 0, 6, 1, 1, 1
0, 0, 0, 0, 0, 0, 0, 0, 6
0, 5, 1, 1, 1, 1, 1, 1, 1
0, 0, 0, 0, 0, 0, 0, 0, 6
0, 0, 0, 0, 6, 1, 1, 1, 1
0, 0, 5, 1, 0, 6, 3, 3, 3
0, 0, 0, 0, 0, 6, 1, 1, 1
0, 0, 5, 1, 1, 1, 1, 1, 1
0, 0, 5, 1, 1, 1, 1, 1, 1
0, 0, 5, 1, 1, 1, 1, 1, 1
0, 0, 5, 1, 1, 1, 1, 1, 1
0, 0, 5, 1, 1, 1, 1, 1, 1
0, 0, 5, 1, 1, 1, 1, 1, 1
0, 0, 5, 1, 1, 1, 1, 1, 1
0, 0, 5, 1, 1, 1, 1, 1, 1
0, 0, 5, 1, 1, 1, 1, 1, 1
0, 0, 5, 1, 1, 1, 1, 1, 1
0, 0, 5, 1, 1, 1, 1, 1, 1
0, 0, 5, 1, 1, 1, 1, 1, 1
0, 0, 5, 1, 1, 1, 1, 1, 1
0, 0, 0, 0, 0, 0, 0, 0, 6
0, 0, 5, 1, 1, 1, 1, 1, 1
0, 0, 5, 1, 1, 1, 1, 1, 1
0, 0, 5, 1, 1, 1, 1, 1, 1
0, 0, 5, 1, 1, 1, 1, 1, 1
0, 0, 5, 1, 1, 1, 1, 1, 1
0, 0, 5, 1, 1, 1, 1, 1, 1
0, 0, 5, 1, 1, 1, 1, 1, 1
0, 0, 5, 1, 1, 1, 1, 1, 1
0, 0, 5, 1, 1, 1, 1, 1, 1
0, 0, 5, 1, 1, 1, 1, 1, 1
0, 0, 5, 1, 1, 1, 1, 1, 1
0, 0, 5, 1, 1, 1, 1, 1, 1
0, 0, 5, 1, 1, 1, 1, 1, 1
0, 0, 0, 0, 0, 0, 0, 6, 6
0, 0, 0, 0, 0, 0, 0, 0, 6
0, 0, 0, 0, 0, 0, 0, 0, 6
0, 0, 0, 0, 6, 6, 6, 6, 6
0, 0, 0, 0, 0, 0, 0, 6, 6
0, 0, 0, 0, 0, 0, 0, 6, 6
0, 0, 0, 0, 0, 0, 0, 6, 6
0, 0, 0, 0, 0, 6, 6, 6, 6
0, 0, 0, 0, 0, 6, 1, 1, 1
0, 0, 0, 0, 0, 6, 6, 6, 6
0, 0, 0, 0, 0, 0, 0, 0, 6
0, 0, 0, 0, 0, 0, 0, 6, 6
0, 0, 0, 0, 0, 0, 0, 6, 6
0, 0, 0, 0, 6, 6, 6, 6, 6
0, 0, 0, 0, 0, 0, 0, 0, 6
0, 0, 0, 0, 0, 0, 0, 0, 6
0, 0, 0, 0, 0, 6, 1, 1, 1
0, 0, 0, 0, 0, 0, 6, 1, 1
0, 0, 5, 1, 1, 1, 1, 1, 1
0, 0, 5, 1, 1, 1, 1, 1, 1
0, 0, 5, 1, 1, 1, 1, 1, 1
0, 0, 5, 1, 1, 1, 1, 1, 1
0, 0, 5, 1, 1, 1, 1, 1, 1
0, 0, 5, 1, 1, 1, 1, 1, 1
0, 0, 5, 1, 1, 1, 1, 1, 1
0, 0, 5, 1, 1, 1, 1, 1, 1
0, 0, 5, 1, 1, 1, 1, 1, 1
0, 0, 5, 1, 1, 1, 1, 1, 1
0, 0, 0, 0, 0, 0, 0, 6, 6
0, 5, 1, 1, 1, 1, 1, 1, 1
0, 0, 0, 0, 0, 0, 0, 0, 6
0, 0, 0, 0, 0, 0, 0, 0, 6
0, 5, 1, 1, 1, 1, 1, 1, 1
0, 0, 0, 0, 0, 6, 1, 1, 1
0, 5, 1, 1, 1, 1, 1, 1, 1
0, 0, 0, 0, 0, 0, 0, 0, 6
0, 0, 0, 0, 0, 0, 0, 6, 6
0, 0, 0, 0, 0, 0, 0, 6, 6
0, 0, 0, 0, 6, 1, 1, 1, 1
0, 0, 5, 1, 1, 1, 1, 1, 1
0, 0, 0, 0, 0, 0, 0, 0, 6
0, 0, 0, 0, 0, 6, 1, 1, 1
0, 0, 0, 0, 0, 0, 0, 0, 6
0, 0, 0, 0, 0, 0, 0, 6, 6
0, 0, 0, 0, 0, 0, 0, 6, 6
0, 0, 0, 0, 6, 6, 6, 6, 6
0, 5, 1, 1, 1, 1, 1, 1, 1
0, 0, 0, 0, 0, 0, 0, 0, 6
0, 0, 0, 0, 0, 0, 0, 0, 6
0, 0, 0, 0, 0, 0, 0, 0, 6
0, 0, 0, 0, 6, 1, 1, 1, 1
0, 0, 0, 0, 0, 6, 1, 1, 1
0, 5, 1, 1, 1, 1, 1, 1, 1
0, 0, 0, 0, 0, 0, 0, 6, 6
0, 0, 0, 0, 0, 0, 0, 6, 6
0, 0, 0, 0, 6, 1, 1, 1, 1
0, 0, 0, 0, 6, 1, 1, 1, 1
0, 0, 0, 0, 0, 0, 0, 0, 6
0, 0, 0, 0, 6, 1, 1, 1, 1
0, 0, 0, 0, 0, 0, 0, 0, 6
0, 0, 0, 0, 0, 0, 0, 0, 6
0, 0, 0, 0, 6, 1, 1, 1, 1
0, 0, 0, 0, 0, 0, 0, 0, 6
0, 0, 0, 0, 0, 0, 0, 0, 6
0, 0, 0, 0, 0, 0, 0, 0, 6
0, 0, 0, 0, 6, 1, 1, 1, 1
0, 0, 0, 0, 0, 0, 0, 0, 6
0, 0, 0, 0, 0, 0, 0, 0, 6
0, 5, 1, 1, 1, 1, 1, 1, 1
0, 0, 0, 0, 0, 0, 0, 0, 6
0, 0, 0, 0, 0, 0, 0, 0, 6
0, 0, 0, 0, 0, 0, 0, 0, 6
0, 0, 0, 0, 0, 0, 0, 0, 6
0, 0, 0, 0, 0, 0, 0, 0, 6
0, 0, 0, 0, 0, 0, 0, 0, 6
0, 0, 0, 0, 0, 0, 0, 0, 6
0, 0, 0, 0, 0, 0, 0, 0, 6
0, 0, 0, 0, 0, 0, 0, 0, 6
0, 0, 0, 0, 0, 0, 0, 0, 6
0, 0, 0, 0, 0, 0, 0, 0, 6
0, 0, 0, 0, 0, 0, 0, 0, 6
0, 5, 1, 1, 1, 1, 1, 1, 1
0, 0, 0, 0, 0, 0, 0, 0, 6
0, 0, 0, 0, 0, 0, 0, 0, 6
0, 0, 0, 0, 0, 0, 0, 0, 6
0, 0, 0, 0, 0, 0, 0, 0, 6
0, 0, 0, 0, 0, 0, 6, 1, 1
0, 0, 0, 0, 6, 6, 6, 6, 6
0, 5, 1, 1, 1, 1, 1, 1, 1
0, 5, 1, 1, 1, 1, 1, 1, 1
0, 0, 0, 0, 0, 0, 0, 0, 6
0, 0, 0, 0, 5, 5, 1, 0, 5
0, 0, 0, 0, 0, 0, 0, 6, 6
0, 0, 0, 0, 0, 0, 0, 6, 6
0, 0, 0, 0, 0, 0, 0, 0, 6
0, 0, 0, 0, 6, 1, 1, 1, 1
0, 0, 0, 0, 6, 1, 1, 1, 1
0, 0, 5, 1, 1, 1, 1, 1, 1
0, 0, 0, 0, 0, 0, 0, 0, 6
0, 0, 0, 0, 0, 0, 0, 0, 6
0, 0, 0, 0, 0, 0, 0, 0, 6
0, 0, 0, 0, 0, 0, 0, 0, 6
0, 0, 0, 0, 0, 0, 0, 0, 6
0, 5, 1, 0, 6, 6, 6, 6, 6
0, 0, 0, 0, 0, 0, 0, 0, 6
0, 0, 0, 0, 6, 6, 6, 6, 6
0, 0, 0, 0, 0, 0, 0, 0, 6
0, 0, 0, 0, 6, 1, 1, 1, 1
0, 0, 0, 0, 6, 1, 1, 1, 1
0, 0, 0, 0, 6, 6, 6, 6, 6
0, 5, 1, 1, 1, 1, 1, 1, 1
0, 0, 0, 0, 0, 0, 0, 0, 6
0, 0, 0, 0, 0, 0, 0, 0, 6
0, 0, 0, 0, 0, 0, 0, 0, 6
0, 0, 5, 1, 1, 1, 1, 1, 1
0, 0, 5, 1, 1, 1, 1, 1, 1
0, 0, 0, 0, 0, 0, 0, 6, 6
0, 0, 0, 0, 0, 0, 0, 0, 6
0, 0, 0, 0, 0, 0, 0, 6, 6
0, 0, 0, 0, 0, 0, 0, 6, 6
0, 0, 0, 0, 0, 0, 0, 6, 6
0, 0, 0, 0, 0, 0, 0, 6, 6
0, 0, 0, 0, 0, 0, 0, 6, 6
0, 0, 0, 0, 0, 0, 0, 6, 6
0, 0, 0, 0, 6, 1, 1, 1, 1
0, 0, 0, 0, 0, 6, 6, 6, 6
0, 0, 0, 0, 6, 6, 6, 6, 6
0, 0, 0, 0, 6, 6, 6, 6, 6
0, 5, 2, 2, 2, 2, 2, 2, 2
0, 0, 0, 0, 0, 0, 0, 0, 6
0, 0, 0, 0, 0, 6, 6, 6, 6
0, 5, 5, 1, 0, 6, 3, 3, 3
0, 0, 0, 0, 0, 0, 0, 0, 6
0, 0, 0, 0, 0, 0, 0, 0, 6
0, 0, 0, 0, 0, 0, 0, 0, 6
0, 0, 0, 0, 0, 0, 0, 0, 6
0, 0, 0, 0, 0, 0, 6, 3, 3
0, 0, 0, 0, 0, 0, 0, 6, 6
0, 0, 5, 1, 1, 1, 1, 1, 1
0, 0, 0, 0, 6, 1, 1, 1, 1
0, 0, 5, 1, 1, 1, 1, 1, 1
0, 0, 0, 0, 0, 0, 0, 0, 6
0, 0, 0, 0, 0, 0, 0, 0, 6
0, 0, 0, 0, 0, 6, 1, 1, 1
0, 0, 0, 0, 0, 0, 0, 0, 6
0, 5, 1, 1, 1, 1, 1, 1, 1
0, 0, 0, 0, 0, 0, 0, 0, 6
0, 0, 0, 0, 0, 0, 0, 0, 6
0, 0, 0, 0, 0, 0, 0, 0, 6
0, 0, 0, 0, 0, 0, 0, 0, 6
0, 0, 0, 0, 0, 0, 0, 0, 6
0, 0, 0, 0, 0, 0, 0, 0, 6
0, 0, 0, 0, 0, 6, 1, 1, 1
0, 0, 0, 0, 0, 0, 0, 0, 6
0, 0, 0, 0, 0, 0, 0, 0, 6
0, 0, 0, 0, 0, 0, 0, 0, 6
0, 5, 1, 1, 1, 1, 1, 1, 1
0, 5, 1, 1, 1, 1, 1, 1, 1
0, 0, 5, 1, 1, 1, 1, 1, 1
0, 0, 0, 0, 0, 0, 0, 0, 6
0, 0, 0, 0, 0, 0, 6, 1, 1
0, 0, 0, 0, 6, 6, 6, 6, 6
0, 0, 0, 0, 6, 1, 1, 1, 1
0, 0, 0, 0, 0, 0, 0, 0, 6
0, 0, 5, 1, 1, 1, 1, 1, 1
0, 0, 5, 1, 1, 1, 1, 1, 1
0, 0, 5, 1, 1, 1, 1, 1, 1
0, 0, 5, 1, 1, 1, 1, 1, 1
0, 0, 0, 0, 0, 0, 0, 0, 6
0, 0, 0, 0, 0, 0, 6, 1, 1
0, 0, 5, 1, 1, 1, 1, 1, 1
0, 0, 5, 1, 1, 1, 1, 1, 1
0, 0, 5, 1, 1, 1, 1, 1, 1
0, 0, 5, 1, 1, 1, 1, 1, 1
0, 0, 5, 1, 1, 1, 1, 1, 1
0, 0, 5, 1, 1, 1, 1, 1, 1
0, 0, 5, 1, 1, 1, 1, 1, 1
0, 0, 0, 0, 0, 6, 6, 6, 6
0, 0, 0, 0, 0, 6, 6, 6, 6
0, 0, 0, 0, 0, 0, 0, 0, 6
0, 0, 0, 0, 0, 0, 0, 0, 6
0, 0, 0, 0, 0, 0, 0, 0, 6
0, 0, 0, 0, 0, 0, 0, 0, 6
0, 5, 1, 1, 1, 1, 1, 1, 1
0, 0, 0, 0, 6, 1, 1, 1, 1
0, 5, 1, 1, 1, 1, 1, 1, 1
0, 0, 0, 0, 0, 0, 0, 0, 6
0, 0, 0, 0, 0, 0, 0, 0, 6
0, 0, 0, 0, 6, 1, 1, 1, 1
0, 0, 0, 0, 0, 0, 0, 0, 6
0, 5, 1, 1, 1, 1, 1, 1, 1
0, 0, 0, 0, 0, 0, 0, 0, 6
0, 0, 0, 0, 0, 0, 0, 0, 6
0, 0, 0, 0, 0, 0, 0, 0, 6
0, 0, 0, 0, 0, 0, 0, 0, 6
0, 0, 0, 0, 0, 0, 0, 0, 6
0, 0, 0, 0, 0, 0, 0, 0, 6
0, 0, 0, 0, 0, 0, 0, 0, 6
0, 0, 0, 0, 0, 0, 0, 0, 6
0, 0, 0, 0, 0, 0, 0, 0, 6
0, 0, 0, 0, 6, 1, 1, 1, 1
0, 0, 0, 0, 0, 0, 0, 0, 6
0, 0, 0, 0, 0, 0, 0, 0, 6
0, 5, 1, 1, 1, 1, 1, 1, 1
0, 0, 0, 0, 0, 0, 0, 6, 6
0, 0, 0, 0, 0, 0, 0, 6, 6
0, 0, 0, 0, 0, 0, 0, 6, 6
0, 0, 0, 0, 0, 0, 0, 6, 6
0, 0, 0, 0, 0, 0, 0, 6, 6
0, 0, 0, 0, 0, 0, 0, 6, 6
0, 0, 0, 0, 0, 0, 0, 6, 6
0, 0, 0, 0, 0, 0, 0, 6, 6
0, 0, 0, 0, 0, 0, 0, 6, 6
0, 0, 0, 0, 0, 0, 0, 6, 6
0, 0, 0, 0, 0, 0, 0, 0, 6
0, 0, 0, 0, 0, 0, 0, 0, 6
0, 0, 0, 0, 0, 0, 0, 0, 6
0, 0, 0, 0, 0, 0, 0, 0, 6
0, 0, 0, 0, 0, 0, 0, 6, 6
0, 5, 1, 1, 1, 1, 1, 1, 1
0, 5, 1, 1, 1, 1, 1, 1, 1
0, 0, 5, 1, 1, 1, 1, 1, 1
0, 0, 0, 0, 0, 0, 0, 0, 6
0, 0, 0, 0, 0, 0, 0, 0, 6
0, 0, 0, 0, 0, 0, 0, 0, 6
0, 0, 5, 1, 1, 1, 1, 1, 1
0, 0, 5, 1, 1, 1, 1, 1, 1
0, 0, 5, 1, 1, 1, 1, 1, 1
0, 0, 5, 1, 1, 1, 1, 1, 1
0, 0, 5, 1, 1, 1, 1, 1, 1
0, 0, 5, 1, 1, 1, 1, 1, 1
0, 0, 5, 1, 1, 1, 1, 1, 1
0, 0, 5, 1, 1, 1, 1, 1, 1
0, 0, 5, 1, 1, 1, 1, 1, 1
0, 0, 0, 0, 0, 6, 1, 1, 1
0, 0, 0, 0, 0, 6, 6, 6, 6
0, 0, 0, 0, 0, 0, 0, 6, 6
0, 0, 0, 0, 0, 6, 6, 6, 6
0, 0, 0, 0, 0, 0, 0, 6, 6
0, 0, 0, 0, 0, 0, 0, 6, 6
0, 0, 0, 0, 0, 6, 6, 6, 6
0, 0, 0, 0, 0, 0, 0, 0, 6
0, 0, 0, 0, 0, 0, 0, 0, 6
0, 0, 0, 0, 0, 0, 0, 6, 6
0, 5, 1, 1, 1, 1, 1, 1, 1
0, 0, 5, 1, 1, 1, 1, 1, 1
0, 0, 0, 0, 0, 0, 0, 0, 6
0, 0, 0, 0, 0, 6, 1, 1, 1
0, 0, 0, 0, 0, 0, 0, 0, 6
0, 0, 0, 0, 0, 0, 0, 0, 6
0, 0, 0, 0, 0, 0, 0, 0, 6
0, 0, 0, 0, 0, 0, 0, 0, 6
0, 0, 0, 0, 0, 0, 0, 0, 6
0, 0, 0, 0, 0, 0, 6, 1, 1
0, 0, 5, 1, 1, 1, 1, 1, 1
0, 5, 1, 1, 1, 1, 1, 1, 1
0, 5, 1, 1, 1, 1, 1, 1, 1
0, 0, 0, 0, 0, 0, 0, 0, 6
0, 0, 0, 0, 0, 0, 0, 0, 6
0, 5, 1, 1, 1, 1, 1, 1, 1
0, 0, 5, 1, 1, 1, 1, 1, 1
0, 0, 0, 0, 0, 0, 0, 6, 6
0, 0, 0, 0, 0, 0, 0, 0, 6
0, 0, 0, 0, 6, 1, 1, 1, 1
0, 0, 0, 0, 6, 1, 1, 1, 1
0, 0, 0, 0, 0, 0, 0, 0, 6
0, 0, 0, 0, 0, 0, 0, 0, 6
0, 0, 0, 0, 0, 0, 0, 0, 6
0, 0, 0, 0, 0, 0, 0, 0, 6
0, 0, 0, 0, 0, 0, 0, 0, 6
0, 0, 0, 0, 6, 1, 1, 1, 1
0, 0, 0, 0, 0, 0, 0, 0, 6
0, 5, 1, 1, 1, 1, 1, 1, 1
0, 0, 5, 1, 1, 1, 1, 1, 1
0, 5, 1, 1, 1, 1, 1, 1, 1
0, 0, 5, 1, 1, 1, 1, 1, 1
0, 0, 5, 1, 1, 1, 1, 1, 1
0, 0, 5, 1, 1, 1, 1, 1, 1
0, 0, 5, 1, 1, 1, 1, 1, 1
0, 0, 5, 1, 1, 1, 1, 1, 1
0, 0, 0, 0, 0, 0, 0, 0, 6
0, 0, 0, 0, 0, 0, 0, 6, 6
0, 0, 0, 0, 0, 0, 0, 0, 6
0, 0, 0, 0, 0, 0, 0, 6, 6
0, 0, 0, 0, 0, 6, 6, 6, 6
0, 0, 0, 0, 0, 0, 0, 6, 6
0, 0, 0, 0, 0, 0, 0, 6, 6
0, 0, 0, 0, 0, 0, 0, 6, 6
0, 0, 0, 0, 0, 0, 0, 0, 6
0, 0, 0, 0, 6, 1, 1, 1, 1
0, 0, 0, 0, 0, 0, 0, 0, 6
0, 0, 0, 0, 0, 0, 0, 0, 6
0, 0, 0, 0, 0, 0, 0, 0, 6
0, 0, 0, 0, 0, 0, 0, 0, 6
0, 5, 1, 1, 1, 1, 1, 1, 1
0, 5, 5, 5, 5, 5, 5, 5, 5
0, 0, 0, 0, 6, 6, 1, 1, 1
0, 0, 0, 0, 0, 0, 0, 0, 6
0, 0, 0, 0, 0, 0, 0, 0, 6
0, 0, 0, 0, 6, 1, 1, 1, 1
0, 0, 0, 0, 0, 0, 0, 0, 6
0, 5, 1, 1, 1, 1, 1, 1, 1
0, 0, 0, 0, 0, 0, 0, 0, 6
0, 0, 0, 0, 0, 6, 3, 3, 3
0, 0, 0, 0, 0, 0, 0, 0, 6
0, 0, 0, 0, 0, 0, 0, 0, 6
0, 0, 0, 0, 0, 0, 0, 0, 6
0, 0, 0, 0, 0, 0, 0, 0, 6
0, 0, 0, 0, 0, 0, 0, 0, 6
0, 0, 0, 0, 0, 0, 0, 0, 6
0, 0, 0, 0, 0, 0, 0, 0, 6
0, 0, 0, 0, 0, 0, 0, 0, 6
0, 0, 0, 0, 0, 0, 0, 0, 6
0, 0, 0, 0, 0, 0, 0, 0, 6
0, 0, 0, 0, 0, 0, 0, 0, 6
0, 0, 0, 0, 0, 0, 0, 0, 6
0, 0, 0, 0, 0, 0, 0, 0, 6
0, 0, 0, 0, 0, 0, 0, 0, 6
0, 0, 0, 0, 0, 0, 0, 0, 6
0, 0, 0, 0, 0, 0, 0, 6, 6
0, 5, 5, 5, 5, 5, 5, 5, 5
0, 0, 0, 0, 0, 0, 0, 0, 6
0, 0, 0, 0, 0, 0, 0, 0, 6
0, 0, 0, 0, 0, 6, 3, 3, 3
0, 0, 0, 0, 0, 0, 0, 0, 6
0, 0, 0, 0, 0, 0, 0, 0, 6
0, 0, 0, 0, 0, 0, 0, 0, 6
0, 0, 0, 0, 0, 6, 1, 1, 1
0, 0, 0, 0, 0, 0, 0, 0, 6
0, 0, 0, 0, 6, 3, 3, 3, 3
0, 0, 0, 0, 0, 0, 0, 6, 6
0, 0, 0, 0, 0, 6, 1, 1, 1
0, 0, 0, 0, 6, 6, 6, 6, 6
0, 0, 0, 0, 0, 0, 0, 0, 6
0, 0, 0, 0, 0, 0, 0, 0, 6
0, 0, 0, 0, 0, 0, 0, 0, 6
0, 0, 0, 0, 0, 0, 0, 0, 6
0, 0, 0, 0, 0, 0, 0, 0, 6
0, 0, 0, 0, 0, 0, 0, 0, 6
0, 0, 0, 0, 0, 0, 0, 0, 6
0, 0, 0, 0, 0, 0, 0, 0, 6
0, 0, 0, 0, 0, 0, 0, 0, 6
0, 0, 0, 0, 0, 0, 0, 0, 6
0, 0, 0, 0, 0, 0, 0, 0, 6
0, 0, 0, 0, 0, 0, 0, 6, 6
0, 0, 0, 0, 0, 0, 0, 0, 6
0, 0, 0, 0, 6, 6, 6, 6, 6
0, 0, 0, 0, 0, 0, 0, 0, 6
0, 0, 0, 0, 0, 6, 1, 1, 1
0, 0, 0, 0, 6, 1, 1, 1, 1
0, 5, 1, 1, 1, 1, 1, 1, 1
0, 0, 0, 0, 6, 1, 1, 1, 1
0, 0, 5, 1, 1, 1, 1, 1, 1
0, 0, 0, 0, 0, 0, 0, 0, 6
0, 0, 0, 0, 0, 6, 1, 1, 1
0, 0, 0, 0, 0, 0, 0, 6, 6
0, 0, 0, 0, 0, 0, 0, 6, 6
0, 0, 0, 0, 0, 0, 0, 6, 6
0, 0, 0, 0, 6, 1, 1, 1, 1
0, 0, 0, 0, 6, 1, 1, 1, 1
0, 0, 0, 0, 0, 0, 0, 6, 6
0, 0, 0, 0, 0, 0, 0, 0, 6
0, 0, 0, 0, 0, 0, 0, 0, 6
0, 0, 0, 0, 0, 0, 0, 0, 6
0, 0, 5, 1, 1, 1, 1, 1, 1
0, 0, 5, 1, 1, 1, 1, 1, 1
0, 0, 5, 1, 1, 1, 1, 1, 1
0, 0, 5, 1, 1, 1, 1, 1, 1
0, 0, 0, 0, 0, 0, 0, 0, 6
0, 0, 0, 0, 0, 0, 0, 6, 6
0, 0, 0, 0, 0, 0, 0, 0, 6
0, 0, 0, 0, 0, 0, 0, 0, 6
0, 5, 1, 1, 1, 1, 1, 1, 1
0, 0, 0, 0, 0, 0, 6, 1, 1
0, 0, 0, 0, 0, 0, 0, 0, 6
0, 0, 0, 0, 0, 0, 0, 0, 6
0, 0, 0, 0, 0, 0, 0, 0, 6
0, 0, 0, 0, 0, 0, 0, 6, 6
0, 0, 0, 0, 0, 0, 0, 0, 6
0, 0, 0, 0, 0, 0, 0, 0, 6
0, 0, 0, 0, 0, 0, 0, 0, 6
0, 0, 0, 0, 0, 0, 0, 0, 6
0, 0, 0, 0, 0, 0, 0, 0, 6
0, 0, 0, 0, 0, 0, 0, 0, 6
0, 0, 0, 0, 0, 0, 0, 0, 6
0, 0, 0, 0, 0, 0, 0, 0, 6
0, 0, 0, 0, 0, 0, 0, 0, 6
0, 0, 0, 0, 0, 0, 0, 6, 6
0, 0, 0, 0, 0, 0, 0, 0, 6
0, 0, 0, 0, 6, 1, 1, 1, 1
0, 0, 0, 0, 6, 1, 1, 1, 1
0, 0, 0, 0, 0, 0, 0, 0, 6
0, 0, 0, 0, 0, 0, 0, 0, 6
0, 0, 0, 0, 0, 0, 0, 0, 6
0, 0, 0, 0, 6, 1, 1, 1, 1
0, 0, 0, 0, 0, 0, 0, 0, 6
0, 0, 0, 0, 0, 0, 0, 0, 6
0, 0, 0, 0, 0, 0, 0, 6, 6
0, 0, 0, 0, 0, 6, 1, 1, 1
0, 0, 0, 0, 0, 6, 1, 1, 1
0, 0, 0, 0, 6, 6, 6, 6, 6
0, 0, 0, 0, 6, 1, 1, 1, 1
0, 0, 0, 0, 0, 6, 6, 6, 6
0, 0, 0, 0, 0, 0, 0, 0, 6
0, 0, 0, 0, 0, 0, 0, 0, 6
0, 0, 0, 0, 0, 0, 0, 0, 6
0, 0, 0, 0, 0, 0, 0, 6, 6
0, 0, 0, 0, 0, 0, 0, 0, 6
0, 5, 1, 1, 1, 1, 1, 1, 1
0, 0, 0, 0, 0, 0, 0, 0, 6
0, 0, 0, 0, 0, 0, 0, 0, 6
0, 0, 0, 0, 0, 0, 0, 0, 6
0, 0, 0, 0, 0, 0, 0, 0, 6
0, 0, 0, 0, 0, 0, 0, 0, 6
0, 0, 0, 0, 0, 0, 0, 0, 6
0, 0, 0, 0, 0, 0, 0, 0, 6
0, 0, 0, 0, 0, 0, 0, 0, 6
0, 0, 0, 0, 0, 0, 0, 0, 6
0, 0, 0, 0, 0, 0, 0, 0, 6
0, 0, 0, 0, 6, 1, 1, 1, 1
0, 0, 0, 0, 6, 1, 1, 1, 1
0, 0, 0, 0, 0, 0, 0, 0, 6
0, 0, 0, 0, 0, 0, 0, 0, 6
0, 0, 0, 0, 0, 0, 0, 0, 6
0, 5, 1, 1, 1, 1, 1, 1, 1
0, 0, 0, 0, 6, 6, 6, 6, 6
0, 0, 0, 0, 6, 1, 1, 1, 1
0, 0, 0, 0, 0, 0, 0, 0, 6
0, 0, 0, 0, 0, 0, 0, 0, 6
0, 0, 0, 0, 0, 0, 6, 1, 1
0, 0, 0, 0, 6, 1, 1, 1, 1
0, 0, 0, 0, 0, 6, 6, 6, 6
0, 0, 0, 0, 0, 6, 6, 6, 6
0, 0, 0, 0, 0, 0, 6, 6, 6
0, 0, 0, 0, 0, 0, 0, 6, 6
0, 0, 0, 0, 0, 0, 6, 6, 6
0, 0, 0, 0, 0, 0, 6, 6, 6
0, 0, 0, 0, 0, 0, 6, 6, 6
0, 0, 0, 0, 0, 0, 0, 6, 6
0, 0, 0, 0, 0, 0, 0, 6, 6
0, 0, 0, 0, 0, 0, 0, 6, 6
0, 0, 0, 0, 0, 0, 6, 6, 6
0, 0, 0, 0, 0, 0, 0, 6, 6
0, 0, 0, 0, 0, 0, 0, 6, 6
0, 0, 0, 0, 0, 0, 0, 6, 6
0, 0, 0, 0, 0, 0, 0, 6, 6
0, 0, 0, 0, 0, 0, 0, 6, 6
0, 0, 0, 0, 0, 0, 0, 6, 6
0, 0, 0, 0, 0, 0, 0, 0, 6
0, 5, 1, 1, 1, 1, 1, 1, 1
0, 0, 0, 0, 0, 0, 0, 0, 6
0, 0, 0, 0, 6, 1, 1, 1, 1
0, 0, 0, 0, 0, 0, 0, 0, 6
0, 0, 0, 0, 6, 6, 6, 6, 6
0, 0, 0, 0, 0, 0, 0, 0, 6
0, 0, 0, 0, 0, 0, 0, 0, 6
0, 0, 0, 0, 0, 0, 0, 0, 6
0, 0, 0, 0, 0, 0, 0, 0, 6
0, 0, 0, 0, 0, 0, 0, 0, 6
0, 0, 0, 0, 0, 0, 0, 0, 6
0, 0, 0, 0, 0, 0, 0, 0, 6
0, 0, 0, 0, 0, 0, 6, 1, 1
0, 5, 1, 1, 1, 1, 1, 1, 1
0, 0, 0, 0, 6, 1, 1, 1, 1
0, 0, 5, 1, 1, 1, 1, 1, 1
0, 0, 5, 1, 1, 1, 1, 1, 1
0, 0, 0, 0, 0, 0, 0, 0, 6
0, 0, 0, 0, 0, 0, 0, 6, 6
0, 0, 0, 0, 0, 0, 0, 6, 6
0, 0, 0, 0, 0, 0, 0, 6, 6
0, 0, 0, 0, 0, 0, 0, 6, 6
0, 0, 0, 0, 0, 0, 0, 6, 6
0, 0, 0, 0, 0, 0, 0, 6, 6
0, 0, 0, 0, 6, 1, 1, 1, 1
0, 0, 0, 0, 0, 6, 1, 1, 1
0, 0, 0, 0, 6, 6, 6, 6, 6
0, 0, 0, 0, 0, 6, 6, 3, 3
0, 0, 0, 0, 0, 0, 0, 0, 6
0, 0, 0, 0, 0, 0, 0, 0, 6
0, 0, 0, 0, 6, 6, 6, 6, 6
0, 0, 0, 0, 0, 0, 0, 0, 6
0, 5, 1, 1, 1, 1, 1, 0, 6
0, 0, 0, 0, 6, 1, 1, 1, 1
0, 0, 0, 0, 0, 0, 0, 0, 6
0, 0, 0, 0, 0, 0, 0, 0, 6
0, 0, 0, 0, 0, 0, 0, 0, 6
0, 0, 0, 0, 0, 0, 0, 0, 6
0, 0, 0, 0, 0, 0, 0, 0, 6
0, 0, 5, 1, 1, 1, 1, 1, 1
0, 0, 5, 1, 1, 1, 1, 1, 1
0, 0, 0, 0, 0, 0, 0, 6, 6
0, 0, 0, 0, 6, 1, 1, 1, 1
0, 0, 0, 0, 6, 3, 3, 3, 3
0, 0, 0, 0, 0, 0, 0, 0, 6
0, 0, 0, 0, 0, 0, 0, 0, 6
0, 0, 0, 0, 0, 0, 0, 0, 6
0, 5, 2, 2, 2, 2, 2, 2, 2
0, 5, 5, 5, 5, 1, 0, 6, 3
0, 0, 0, 0, 0, 0, 0, 0, 6
0, 0, 0, 0, 6, 6, 6, 6, 6
0, 5, 1, 1, 1, 1, 1, 1, 1
0, 0, 0, 0, 6, 1, 1, 1, 1
0, 5, 1, 1, 1, 1, 1, 1, 1
0, 0, 0, 0, 0, 0, 0, 0, 6
0, 5, 1, 1, 1, 1, 1, 1, 1
0, 0, 0, 0, 0, 0, 0, 0, 6
0, 0, 0, 0, 0, 0, 0, 0, 6
0, 0, 0, 0, 0, 0, 0, 0, 6
0, 0, 0, 0, 0, 0, 0, 0, 6
0, 0, 0, 0, 6, 1, 1, 1, 1
0, 0, 0, 0, 0, 0, 0, 0, 6
0, 0, 0, 0, 0, 0, 0, 0, 6
0, 0, 0, 0, 0, 0, 0, 0, 6
0, 0, 0, 0, 0, 0, 0, 0, 6
0, 0, 0, 0, 0, 0, 0, 0, 6
0, 5, 1, 1, 1, 1, 1, 1, 1
0, 0, 0, 0, 0, 0, 0, 0, 6
0, 0, 5, 1, 0, 6, 3, 3, 3
0, 0, 0, 0, 6, 6, 6, 6, 6
0, 0, 0, 0, 0, 0, 0, 0, 6
0, 0, 0, 0, 6, 1, 1, 1, 1
0, 0, 0, 0, 6, 1, 1, 1, 1
0, 0, 0, 0, 0, 0, 0, 6, 6
0, 0, 0, 0, 0, 0, 0, 6, 6
0, 0, 0, 0, 0, 0, 0, 0, 6
0, 0, 0, 0, 0, 0, 0, 0, 6
0, 5, 1, 1, 1, 1, 1, 1, 1
0, 0, 0, 0, 6, 1, 1, 1, 1
0, 0, 0, 0, 6, 6, 6, 6, 6
0, 0, 0, 0, 0, 0, 0, 0, 6
0, 0, 0, 0, 0, 0, 0, 6, 6
0, 0, 5, 1, 1, 1, 1, 1, 1
0, 0, 0, 0, 0, 0, 0, 0, 6
0, 0, 0, 0, 0, 0, 0, 0, 6
0, 0, 0, 0, 0, 0, 0, 0, 6
0, 0, 0, 0, 0, 0, 0, 0, 6
0, 0, 0, 0, 6, 6, 6, 6, 6
0, 0, 0, 0, 0, 0, 0, 0, 6
0, 0, 0, 0, 0, 0, 0, 0, 6
0, 0, 0, 0, 0, 0, 0, 0, 6
0, 0, 0, 0, 0, 0, 0, 0, 6
0, 0, 0, 0, 0, 0, 0, 0, 6
0, 0, 0, 0, 0, 6, 1, 1, 1
0, 0, 0, 0, 6, 1, 1, 1, 1
0, 0, 0, 0, 6, 6, 6, 6, 6
0, 0, 0, 0, 6, 6, 6, 6, 6
0, 0, 0, 0, 0, 0, 0, 0, 6
0, 0, 0, 0, 0, 0, 6, 1, 1
0, 0, 0, 0, 0, 0, 0, 6, 6
0, 0, 0, 0, 0, 0, 0, 0, 6
0, 0, 0, 0, 0, 0, 0, 0, 6
0, 0, 0, 0, 0, 0, 0, 0, 6
0, 0, 0, 0, 0, 0, 0, 0, 6
0, 5, 1, 1, 1, 1, 1, 1, 1
0, 5, 1, 1, 1, 1, 1, 1, 1
0, 0, 0, 0, 0, 0, 0, 6, 6
0, 0, 0, 0, 0, 0, 0, 0, 6
0, 0, 0, 0, 0, 0, 0, 0, 6
0, 0, 0, 0, 0, 0, 0, 0, 6
0, 0, 0, 0, 0, 0, 0, 0, 6
0, 0, 0, 0, 0, 0, 0, 0, 6
0, 5, 1, 1, 1, 1, 1, 1, 1
0, 5, 1, 1, 1, 1, 1, 1, 1
0, 0, 0, 0, 6, 6, 6, 6, 6
0, 0, 0, 0, 6, 1, 1, 1, 1
0, 0, 0, 0, 0, 6, 3, 3, 3
0, 0, 0, 0, 0, 0, 0, 0, 6
0, 0, 0, 0, 0, 0, 0, 0, 6
0, 0, 0, 0, 0, 0, 0, 0, 6
0, 0, 0, 0, 0, 0, 0, 0, 6
0, 0, 0, 0, 0, 0, 0, 0, 6
0, 0, 0, 0, 0, 0, 0, 0, 6
0, 0, 0, 0, 0, 0, 0, 0, 6
0, 0, 0, 0, 0, 0, 0, 0, 6
0, 0, 0, 0, 0, 0, 0, 0, 6
0, 0, 0, 0, 0, 0, 0, 0, 6
0, 5, 1, 1, 1, 1, 1, 1, 1
0, 0, 0, 0, 0, 0, 0, 0, 6
0, 5, 1, 1, 1, 1, 1, 1, 1
0, 0, 0, 0, 0, 0, 0, 0, 6
0, 0, 0, 0, 0, 0, 0, 0, 6
0, 5, 1, 1, 1, 1, 1, 1, 1
0, 0, 0, 0, 0, 0, 0, 0, 6
0, 0, 0, 0, 0, 0, 0, 0, 6
0, 0, 0, 0, 6, 6, 6, 6, 6
0, 0, 0, 0, 0, 0, 0, 0, 6
0, 0, 0, 0, 0, 0, 0, 0, 6
0, 0, 0, 0, 0, 0, 0, 0, 6
0, 5, 1, 0, 6, 6, 6, 6, 6
0, 0, 0, 0, 0, 0, 0, 6, 6
0, 0, 0, 0, 6, 6, 1, 1, 1
0, 0, 5, 1, 1, 1, 1, 1, 1
0, 0, 0, 0, 0, 6, 1, 1, 1
0, 0, 0, 0, 0, 0, 0, 6, 6
0, 0, 0, 0, 0, 0, 6, 1, 1
0, 0, 0, 0, 0, 0, 0, 0, 6
0, 0, 0, 0, 0, 0, 0, 0, 6
0, 0, 0, 0, 0, 0, 0, 0, 6
0, 0, 0, 0, 0, 6, 1, 1, 1
0, 0, 0, 0, 0, 0, 0, 6, 6
0, 0, 0, 0, 0, 0, 0, 6, 6
0, 0, 0, 0, 0, 0, 0, 6, 6
0, 5, 1, 1, 1, 1, 1, 1, 1
0, 0, 5, 1, 1, 1, 1, 1, 1
0, 0, 0, 0, 0, 0, 0, 0, 6
0, 0, 0, 0, 0, 0, 0, 0, 6
0, 0, 0, 0, 0, 0, 0, 0, 6
0, 0, 0, 0, 0, 0, 0, 0, 6
0, 0, 0, 0, 0, 0, 0, 0, 6
0, 0, 0, 0, 0, 6, 1, 1, 1
0, 0, 0, 0, 6, 1, 1, 1, 1
0, 0, 0, 0, 0, 0, 0, 6, 6
0, 0, 0, 0, 0, 0, 0, 0, 6
0, 0, 0, 0, 0, 0, 0, 0, 6
0, 0, 0, 0, 0, 0, 0, 0, 6
0, 0, 0, 0, 0, 0, 0, 0, 6
0, 0, 0, 0, 0, 0, 0, 6, 6
0, 5, 1, 1, 1, 1, 1, 1, 1
0, 0, 0, 0, 6, 6, 6, 6, 6
0, 0, 0, 0, 0, 0, 0, 0, 6
0, 0, 0, 0, 0, 0, 0, 0, 6
0, 0, 0, 0, 0, 0, 0, 0, 6
0, 0, 0, 0, 0, 0, 0, 6, 6
0, 0, 0, 0, 0, 0, 0, 0, 6
0, 0, 0, 0, 0, 0, 0, 0, 6
0, 0, 0, 0, 0, 0, 0, 0, 6
0, 0, 0, 0, 6, 1, 1, 1, 1
0, 0, 0, 0, 6, 6, 6, 6, 6
0, 5, 1, 1, 1, 1, 1, 1, 1
0, 0, 0, 0, 6, 1, 1, 1, 1
0, 0, 0, 0, 0, 0, 0, 0, 6
0, 5, 1, 1, 1, 1, 1, 1, 1
0, 0, 5, 1, 1, 1, 1, 1, 1
0, 0, 5, 1, 1, 1, 1, 1, 1
0, 0, 5, 1, 1, 1, 1, 1, 1
0, 0, 5, 1, 1, 1, 1, 1, 1
0, 0, 0, 0, 0, 0, 0, 0, 6
0, 0, 5, 1, 1, 1, 1, 1, 1
0, 0, 5, 1, 1, 1, 1, 1, 1
0, 0, 5, 1, 1, 1, 1, 1, 1
0, 0, 5, 1, 1, 1, 1, 1, 1
0, 0, 0, 0, 0, 6, 6, 1, 1
0, 0, 5, 1, 1, 1, 1, 1, 1
0, 0, 5, 1, 1, 1, 1, 1, 1
0, 0, 5, 1, 1, 1, 1, 1, 1
0, 0, 0, 0, 0, 0, 0, 0, 6
0, 5, 1, 1, 1, 1, 1, 1, 1
0, 0, 0, 0, 6, 1, 1, 1, 1
0, 0, 0, 0, 0, 0, 0, 0, 6
0, 0, 0, 0, 6, 1, 1, 1, 1
0, 0, 0, 0, 0, 0, 0, 6, 6
0, 5, 5, 5, 5, 1, 0, 6, 3
0, 0, 0, 0, 0, 0, 0, 0, 6
0, 5, 1, 0, 6, 6, 6, 6, 6
0, 5, 5, 5, 5, 1, 0, 6, 6
0, 0, 0, 0, 0, 0, 0, 0, 6
0, 0, 0, 0, 0, 0, 0, 0, 6
0, 0, 0, 0, 0, 0, 0, 6, 6
0, 0, 0, 0, 0, 0, 0, 0, 6
0, 0, 0, 0, 0, 0, 0, 0, 6
0, 0, 0, 0, 0, 0, 0, 0, 6
0, 0, 0, 0, 0, 0, 0, 0, 6
0, 0, 0, 0, 0, 0, 0, 0, 6
0, 0, 0, 0, 0, 0, 0, 0, 6
0, 0, 0, 0, 0, 0, 0, 0, 6
0, 0, 0, 0, 0, 0, 0, 0, 6
0, 0, 0, 0, 0, 0, 0, 6, 6
0, 0, 0, 0, 0, 0, 0, 0, 6
0, 0, 0, 0, 0, 0, 0, 6, 6
0, 0, 0, 0, 0, 0, 0, 0, 6
0, 0, 0, 0, 0, 0, 0, 0, 6
0, 0, 0, 0, 0, 0, 0, 0, 6
0, 0, 0, 0, 0, 0, 0, 0, 6
0, 0, 0, 0, 0, 0, 0, 0, 6
0, 0, 0, 0, 0, 0, 0, 0, 6
0, 0, 0, 0, 0, 0, 0, 0, 6
0, 0, 0, 0, 0, 0, 0, 0, 6
0, 0, 0, 0, 0, 0, 0, 0, 6
0, 0, 0, 0, 0, 0, 0, 6, 6
0, 0, 0, 0, 0, 0, 0, 0, 6
0, 0, 0, 0, 0, 0, 0, 0, 6
0, 0, 0, 0, 0, 0, 0, 0, 6
0, 0, 0, 0, 0, 0, 0, 0, 6
0, 0, 0, 0, 0, 0, 0, 0, 6
0, 0, 0, 0, 0, 0, 0, 0, 6
0, 0, 0, 0, 0, 0, 0, 0, 6
0, 0, 0, 0, 0, 0, 0, 0, 6
0, 0, 0, 0, 0, 0, 0, 0, 6
0, 0, 0, 0, 0, 0, 0, 0, 6
0, 0, 0, 0, 0, 0, 0, 0, 6
0, 0, 0, 0, 0, 0, 0, 0, 6
0, 0, 0, 0, 0, 0, 0, 0, 6
0, 0, 0, 0, 0, 0, 0, 0, 6
0, 0, 5, 1, 1, 1, 1, 1, 1
0, 0, 5, 1, 1, 1, 1, 1, 1
0, 0, 5, 1, 1, 1, 1, 1, 1
0, 0, 0, 0, 0, 0, 0, 0, 6
0, 0, 0, 0, 0, 0, 0, 0, 6
0, 0, 0, 0, 0, 0, 0, 0, 6
0, 0, 5, 1, 1, 1, 1, 1, 1
0, 0, 5, 1, 1, 1, 1, 1, 1
0, 0, 0, 0, 0, 0, 6, 1, 1
0, 0, 5, 1, 1, 1, 1, 1, 1
0, 0, 5, 1, 1, 1, 1, 1, 1
0, 0, 0, 0, 0, 6, 3, 3, 3
