Position, Gene, Allele, Annotation, Test statistic, P-value, Deletion index, Fold reduction, Deletion P-value, Duplication index, Fold increase, Duplication pvalue, Passed?, AC:0, DP:0, AC:297, DP:297, AC:660, DP:660, AC:990, DP:990, AC:1320, DP:1320, AC:2310, DP:2310, AC:2640, DP:2640, AC:2970, DP:2970
0, intergenic, Depth, unknown, 0.0, 1.0, 0, 0.0, 1.0, 0, 0.0, 1.0, FAIL, 0.0, 100.0, 0.0, 13.0, 0.0, 38.0, 0.0, 34.0, 0.0, 29.0, 0.0, 37.0, 0.0, 216.0, 0.0, 130.0
43832, fixB, A->G, synonymous, 999, 999, 999, 999, 999, 999, 999, 999, PASS, 0.0, 100.0, 0.0, 10.0, 0.0, 41.0, 0.0, 23.0, 0.0, 16.0, 0.0, 36.0, 0.0, 171.0, 17.0, 153.0
57235, lptD/djlA, MOB_57235, sv, 999, 999, 999, 999, 999, 999, 999, 999, PASS, 0.0, 100.0, 0.0, 15.0, 0.0, 53.0, 1.0, 3.0, 5.0, 10.0, 5.0, 8.0, 27.0, 50.0, 21.0, 36.0
107554, lpxC/secM, G->T, intergenic, 999, 999, 999, 999, 999, 999, 999, 999, PASS, 0.0, 100.0, 0.0, 17.0, 0.0, 36.0, 0.0, 30.0, 0.0, 26.0, 0.0, 17.0, 19.0, 288.0, 0.0, 80.0
125820, aceF, C->T, synonymous, 999, 999, 999, 999, 999, 999, 999, 999, PASS, 0.0, 100.0, 0.0, 8.0, 0.0, 20.0, 0.0, 30.0, 0.0, 32.0, 0.0, 25.0, 8.0, 125.0, 0.0, 95.0
125836, aceF, T->G, nonsynonymous, 999, 999, 999, 999, 999, 999, 999, 999, PASS, 0.0, 100.0, 0.0, 8.0, 0.0, 18.0, 0.0, 29.0, 0.0, 31.0, 0.0, 26.0, 13.0, 114.0, 0.0, 86.0
126037, aceF, A->G, nonsynonymous, 999, 999, 999, 999, 999, 999, 999, 999, PASS, 0.0, 100.0, 0.0, 9.0, 0.0, 24.0, 0.0, 23.0, 0.0, 14.0, 0.0, 12.0, 9.0, 85.0, 0.0, 84.0
126060, aceF, A->G, synonymous, 999, 999, 999, 999, 999, 999, 999, 999, PASS, 0.0, 100.0, 0.0, 8.0, 0.0, 27.0, 0.0, 26.0, 0.0, 14.0, 0.0, 14.0, 0.0, 73.0, 4.0, 84.0
126064, aceF, C->A, nonsynonymous, 999, 999, 999, 999, 999, 999, 999, 999, PASS, 0.0, 100.0, 0.0, 8.0, 0.0, 27.0, 0.0, 27.0, 0.0, 13.0, 0.0, 14.0, 0.0, 75.0, 13.0, 85.0
126069, aceF, G->C, synonymous, 999, 999, 999, 999, 999, 999, 999, 999, PASS, 0.0, 100.0, 0.0, 8.0, 0.0, 27.0, 0.0, 28.0, 0.0, 13.0, 0.0, 14.0, 0.0, 79.0, 7.0, 88.0
126075, aceF, T->G, synonymous, 999, 999, 999, 999, 999, 999, 999, 999, PASS, 0.0, 100.0, 0.0, 8.0, 0.0, 28.0, 0.0, 31.0, 0.0, 11.0, 0.0, 15.0, 16.0, 84.0, 17.0, 93.0
126081, aceF, T->C, synonymous, 999, 999, 999, 999, 999, 999, 999, 999, PASS, 0.0, 100.0, 0.0, 8.0, 0.0, 29.0, 0.0, 32.0, 0.0, 11.0, 0.0, 16.0, 16.0, 83.0, 17.0, 89.0
126089, aceF, A->C, nonsynonymous, 999, 999, 999, 999, 999, 999, 999, 999, PASS, 0.0, 100.0, 0.0, 8.0, 0.0, 28.0, 0.0, 31.0, 0.0, 11.0, 0.0, 16.0, 9.0, 86.0, 8.0, 83.0
126093, aceF, T->C, synonymous, 999, 999, 999, 999, 999, 999, 999, 999, PASS, 0.0, 100.0, 0.0, 8.0, 0.0, 28.0, 0.0, 30.0, 0.0, 12.0, 0.0, 16.0, 0.0, 87.0, 6.0, 81.0
126102, aceF, G->A, synonymous, 999, 999, 999, 999, 999, 999, 999, 999, PASS, 0.0, 100.0, 0.0, 8.0, 0.0, 29.0, 0.0, 30.0, 0.0, 11.0, 0.0, 17.0, 0.0, 88.0, 6.0, 72.0
126292, aceF, C->G, nonsynonymous, 999, 999, 999, 999, 999, 999, 999, 999, PASS, 0.0, 100.0, 0.0, 8.0, 0.0, 24.0, 0.0, 20.0, 0.0, 8.0, 0.0, 19.0, 12.0, 78.0, 0.0, 62.0
126384, aceF, C->T, synonymous, 999, 999, 999, 999, 999, 999, 999, 999, PASS, 0.0, 100.0, 0.0, 11.0, 0.0, 31.0, 0.0, 20.0, 0.0, 8.0, 0.0, 17.0, 6.0, 105.0, 0.0, 72.0
126392, aceF, C->A, nonsynonymous, 999, 999, 999, 999, 999, 999, 999, 999, PASS, 0.0, 100.0, 0.0, 11.0, 0.0, 32.0, 0.0, 21.0, 0.0, 8.0, 0.0, 17.0, 11.0, 107.0, 0.0, 66.0
126393, aceF, C->A, synonymous, 999, 999, 999, 999, 999, 999, 999, 999, PASS, 0.0, 100.0, 0.0, 11.0, 0.0, 32.0, 0.0, 20.0, 0.0, 8.0, 0.0, 17.0, 10.0, 107.0, 0.0, 66.0
129767, yacH, G->A, synonymous, 999, 999, 999, 999, 999, 999, 999, 999, PASS, 0.0, 100.0, 0.0, 10.0, 0.0, 40.0, 0.0, 18.0, 0.0, 21.0, 0.0, 45.0, 0.0, 128.0, 10.0, 128.0
150320, yadC, MOB_150320, sv, 999, 999, 999, 999, 999, 999, 999, 999, PASS, 0.0, 100.0, 0.0, 13.0, 0.0, 63.0, 0.0, 50.0, 0.0, 56.0, 3.0, 7.0, 27.0, 67.0, 19.0, 36.0
156519, yadN, G->T, nonsynonymous, 999, 999, 999, 999, 999, 999, 999, 999, PASS, 0.0, 100.0, 0.0, 14.0, 0.0, 58.0, 0.0, 49.0, 0.0, 39.0, 0.0, 31.0, 20.0, 323.0, 0.0, 122.0
184240, yaeH/yaeI, G->T, intergenic, 999, 999, 999, 999, 999, 999, 999, 999, PASS, 0.0, 100.0, 0.0, 5.0, 0.0, 19.0, 0.0, 23.0, 0.0, 24.0, 0.0, 18.0, 13.0, 90.0, 0.0, 53.0
196086, cdsA, C->T, nonsynonymous, 999, 999, 999, 999, 999, 999, 999, 999, PASS, 0.0, 100.0, 0.0, 8.0, 0.0, 42.0, 0.0, 40.0, 0.0, 19.0, 11.0, 32.0, 53.0, 172.0, 28.0, 128.0
255930, pepD/gpt, C->A, intergenic, 999, 999, 999, 999, 999, 999, 999, 999, PASS, 0.0, 100.0, 0.0, 7.0, 0.0, 35.0, 0.0, 44.0, 0.0, 43.0, 0.0, 45.0, 0.0, 283.0, 8.0, 143.0
267343, yafZ, G->A, synonymous, 999, 999, 999, 999, 999, 999, 999, 999, PASS, 0.0, 100.0, 0.0, 13.0, 0.0, 38.0, 0.0, 46.0, 4.0, 28.0, 0.0, 49.0, 0.0, 159.0, 0.0, 178.0
267346, yafZ, C->G, synonymous, 999, 999, 999, 999, 999, 999, 999, 999, PASS, 0.0, 100.0, 0.0, 14.0, 0.0, 39.0, 0.0, 47.0, 4.0, 28.0, 0.0, 47.0, 0.0, 160.0, 0.0, 175.0
302469, paoA, T->G, synonymous, 999, 999, 999, 999, 999, 999, 999, 999, PASS, 0.0, 100.0, 0.0, 9.0, 0.0, 37.0, 0.0, 31.0, 0.0, 26.0, 0.0, 22.0, 21.0, 211.0, 0.0, 118.0
302504, paoA, T->G, nonsynonymous, 999, 999, 999, 999, 999, 999, 999, 999, PASS, 0.0, 100.0, 0.0, 10.0, 0.0, 31.0, 0.0, 32.0, 0.0, 27.0, 0.0, 21.0, 0.0, 197.0, 13.0, 110.0
329089, betI, G->T, synonymous, 999, 999, 999, 999, 999, 999, 999, 999, PASS, 0.0, 100.0, 0.0, 15.0, 0.0, 33.0, 0.0, 32.0, 4.0, 32.0, 0.0, 46.0, 0.0, 215.0, 0.0, 158.0
357606, codA/cynR, C->A, intergenic, 999, 999, 999, 999, 999, 999, 999, 999, PASS, 0.0, 100.0, 0.0, 7.0, 0.0, 25.0, 0.0, 24.0, 0.0, 31.0, 0.0, 33.0, 20.0, 122.0, 0.0, 103.0
365519, lacZ, G->A, nonsense, 999, 999, 999, 999, 999, 999, 999, 999, PASS, 0.0, 100.0, 0.0, 8.0, 0.0, 29.0, 0.0, 32.0, 0.0, 19.0, 0.0, 29.0, 0.0, 143.0, 9.0, 136.0
366499, lacI, indel;+A, indel, 999, 999, 999, 999, 999, 999, 999, 999, PASS, 0.0, 100.0, 0.0, 10.0, 0.0, 25.0, 0.0, 44.0, 0.0, 25.0, 0.0, 37.0, 9.0, 155.0, 6.0, 115.0
374944, mhpE/mhpT, G->A, intergenic, 999, 999, 999, 999, 999, 999, 999, 999, PASS, 0.0, 100.0, 0.0, 13.0, 0.0, 29.0, 5.0, 53.0, 0.0, 58.0, 0.0, 30.0, 0.0, 176.0, 0.0, 130.0
374966, mhpE/mhpT, A->G, intergenic, 999, 999, 999, 999, 999, 999, 999, 999, PASS, 0.0, 100.0, 0.0, 11.0, 0.0, 33.0, 6.0, 54.0, 18.0, 56.0, 0.0, 24.0, 0.0, 184.0, 14.0, 127.0
374972, mhpE/mhpT, T->C, intergenic, 999, 999, 999, 999, 999, 999, 999, 999, PASS, 0.0, 100.0, 0.0, 10.0, 0.0, 33.0, 15.0, 53.0, 28.0, 54.0, 0.0, 23.0, 0.0, 180.0, 16.0, 129.0
374986, mhpE/mhpT, T->C, intergenic, 999, 999, 999, 999, 999, 999, 999, 999, PASS, 0.0, 100.0, 0.0, 7.0, 0.0, 29.0, 0.0, 49.0, 26.0, 49.0, 0.0, 25.0, 0.0, 171.0, 14.0, 123.0
375073, mhpE/mhpT, C->T, intergenic, 999, 999, 999, 999, 999, 999, 999, 999, PASS, 0.0, 100.0, 0.0, 4.0, 8.0, 65.0, 0.0, 35.0, 0.0, 33.0, 0.0, 24.0, 0.0, 134.0, 0.0, 114.0
375075, mhpE/mhpT, G->A, intergenic, 999, 999, 999, 999, 999, 999, 999, 999, PASS, 0.0, 100.0, 0.0, 4.0, 12.0, 65.0, 0.0, 35.0, 0.0, 35.0, 0.0, 24.0, 0.0, 135.0, 0.0, 114.0
375247, mhpE/mhpT, A->G, intergenic, 999, 999, 999, 999, 999, 999, 999, 999, PASS, 0.0, 100.0, 0.0, 14.0, 13.0, 62.0, 0.0, 50.0, 5.0, 49.0, 0.0, 39.0, 0.0, 178.0, 0.0, 124.0
375269, mhpE/mhpT, A->G, intergenic, 999, 999, 999, 999, 999, 999, 999, 999, PASS, 0.0, 100.0, 0.0, 15.0, 7.0, 56.0, 0.0, 49.0, 0.0, 80.0, 0.0, 38.0, 0.0, 185.0, 0.0, 116.0
375277, mhpE/mhpT, G->A, intergenic, 999, 999, 999, 999, 999, 999, 999, 999, PASS, 0.0, 100.0, 0.0, 15.0, 7.0, 53.0, 0.0, 48.0, 0.0, 65.0, 0.0, 37.0, 0.0, 184.0, 0.0, 117.0
377351, yaiL/frmB, indel;-1, indel, 999, 999, 999, 999, 999, 999, 999, 999, PASS, 0.0, 100.0, 0.0, 17.0, 9.0, 95.0, 0.0, 59.0, 0.0, 88.0, 0.0, 48.0, 0.0, 242.0, 21.0, 236.0
377352, yaiL/frmB, G->A, intergenic, 999, 999, 999, 999, 999, 999, 999, 999, PASS, 0.0, 100.0, 0.0, 16.0, 9.0, 93.0, 0.0, 50.0, 0.0, 81.0, 0.0, 43.0, 0.0, 241.0, 21.0, 228.0
377374, yaiL/frmB, T->C, intergenic, 999, 999, 999, 999, 999, 999, 999, 999, PASS, 0.0, 100.0, 0.0, 16.0, 0.0, 93.0, 0.0, 56.0, 16.0, 70.0, 0.0, 39.0, 0.0, 238.0, 17.0, 231.0
377378, yaiL/frmB, T->C, intergenic, 999, 999, 999, 999, 999, 999, 999, 999, PASS, 0.0, 100.0, 0.0, 16.0, 0.0, 88.0, 0.0, 50.0, 17.0, 70.0, 0.0, 38.0, 0.0, 208.0, 16.0, 232.0
377392, yaiL/frmB, A->G, intergenic, 999, 999, 999, 999, 999, 999, 999, 999, PASS, 0.0, 100.0, 0.0, 19.0, 0.0, 86.0, 0.0, 47.0, 4.0, 61.0, 0.0, 38.0, 0.0, 225.0, 12.0, 223.0
377450, yaiL/frmB, T->A, intergenic, 999, 999, 999, 999, 999, 999, 999, 999, PASS, 0.0, 100.0, 0.0, 17.0, 8.0, 60.0, 0.0, 39.0, 0.0, 51.0, 0.0, 36.0, 0.0, 233.0, 0.0, 206.0
377474, yaiL/frmB, C->T, intergenic, 999, 999, 999, 999, 999, 999, 999, 999, PASS, 0.0, 100.0, 0.0, 17.0, 11.0, 59.0, 0.0, 45.0, 6.0, 47.0, 0.0, 44.0, 0.0, 239.0, 0.0, 204.0
377478, yaiL/frmB, C->T, intergenic, 999, 999, 999, 999, 999, 999, 999, 999, PASS, 0.0, 100.0, 0.0, 14.0, 11.0, 56.0, 0.0, 42.0, 6.0, 49.0, 0.0, 45.0, 0.0, 242.0, 0.0, 199.0
377492, yaiL/frmB, G->A, intergenic, 999, 999, 999, 999, 999, 999, 999, 999, PASS, 0.0, 100.0, 0.0, 18.0, 0.0, 54.0, 0.0, 56.0, 7.0, 46.0, 0.0, 37.0, 0.0, 244.0, 0.0, 190.0
394166, yaiT, C->A, pseudogene, 999, 999, 999, 999, 999, 999, 999, 999, PASS, 0.0, 100.0, 0.0, 10.0, 0.0, 59.0, 0.0, 41.0, 0.0, 36.0, 0.0, 49.0, 20.0, 221.0, 0.0, 173.0
394172, yaiT, C->A, pseudogene, 999, 999, 999, 999, 999, 999, 999, 999, PASS, 0.0, 100.0, 0.0, 10.0, 0.0, 61.0, 0.0, 45.0, 0.0, 36.0, 0.0, 51.0, 20.0, 233.0, 0.0, 184.0
422429, proY/malZ, T->G, intergenic, 999, 999, 999, 999, 999, 999, 999, 999, PASS, 0.0, 100.0, 0.0, 14.0, 0.0, 40.0, 0.0, 38.0, 0.0, 17.0, 0.0, 38.0, 20.0, 181.0, 21.0, 82.0
431849, tsx, MOB_431849, sv, 999, 999, 999, 999, 999, 999, 999, 999, PASS, 0.0, 100.0, 0.0, 12.0, 0.0, 43.0, 0.0, 32.0, 0.0, 32.0, 0.0, 38.0, 0.0, 251.0, 1.0, 6.0
439855, dxs, G->T, nonsynonymous, 999, 999, 999, 999, 999, 999, 999, 999, PASS, 0.0, 100.0, 0.0, 11.0, 0.0, 42.0, 0.0, 28.0, 0.0, 17.0, 0.0, 36.0, 0.0, 165.0, 7.0, 109.0
467796, cof, C->A, nonsynonymous, 999, 999, 999, 999, 999, 999, 999, 999, PASS, 0.0, 100.0, 0.0, 5.0, 0.0, 17.0, 0.0, 22.0, 0.0, 20.0, 0.0, 26.0, 21.0, 118.0, 0.0, 78.0
467802, cof, C->A, nonsynonymous, 999, 999, 999, 999, 999, 999, 999, 999, PASS, 0.0, 100.0, 0.0, 5.0, 0.0, 17.0, 0.0, 23.0, 0.0, 18.0, 0.0, 23.0, 19.0, 110.0, 0.0, 80.0
473784, amtB, G->A, synonymous, 999, 999, 999, 999, 999, 999, 999, 999, PASS, 0.0, 100.0, 0.0, 7.0, 0.0, 23.0, 4.0, 37.0, 0.0, 21.0, 0.0, 39.0, 0.0, 123.0, 0.0, 99.0
481375, acrB, C->T, nonsynonymous, 999, 999, 999, 999, 999, 999, 999, 999, PASS, 0.0, 100.0, 0.0, 12.0, 11.0, 46.0, 0.0, 27.0, 0.0, 33.0, 0.0, 33.0, 0.0, 278.0, 0.0, 118.0
481916, acrB, G->A, nonsense, 999, 999, 999, 999, 999, 999, 999, 999, PASS, 0.0, 100.0, 0.0, 10.0, 0.0, 28.0, 0.0, 26.0, 10.0, 17.0, 22.0, 39.0, 76.0, 154.0, 49.0, 122.0
482887, acrB, C->A, nonsynonymous, 999, 999, 999, 999, 999, 999, 999, 999, PASS, 0.0, 100.0, 0.0, 13.0, 0.0, 55.0, 0.0, 35.0, 0.0, 22.0, 0.0, 42.0, 0.0, 191.0, 9.0, 130.0
483286, acrB, G->A, nonsynonymous, 999, 999, 999, 999, 999, 999, 999, 999, PASS, 0.0, 100.0, 0.0, 19.0, 0.0, 31.0, 7.0, 40.0, 0.0, 25.0, 0.0, 38.0, 0.0, 186.0, 0.0, 102.0
484370, acrB, C->T, nonsynonymous, 999, 999, 999, 999, 999, 999, 999, 999, PASS, 0.0, 100.0, 0.0, 10.0, 0.0, 32.0, 0.0, 27.0, 0.0, 38.0, 19.0, 40.0, 80.0, 219.0, 40.0, 148.0
496988, htpG, T->C, synonymous, 999, 999, 999, 999, 999, 999, 999, 999, PASS, 0.0, 100.0, 0.0, 5.0, 0.0, 19.0, 0.0, 21.0, 0.0, 26.0, 0.0, 29.0, 0.0, 204.0, 4.0, 73.0
553317, lpxH, C->T, synonymous, 999, 999, 999, 999, 999, 999, 999, 999, PASS, 0.0, 100.0, 0.0, 11.0, 0.0, 34.0, 4.0, 23.0, 0.0, 28.0, 0.0, 33.0, 0.0, 177.0, 0.0, 131.0
557737, folD, G->T, nonsynonymous, 999, 999, 999, 999, 999, 999, 999, 999, PASS, 0.0, 100.0, 0.0, 14.0, 0.0, 48.0, 0.0, 36.0, 0.0, 26.0, 0.0, 31.0, 0.0, 323.0, 8.0, 117.0
581476, aaaD, G->C, pseudogene, 999, 999, 999, 999, 999, 999, 999, 999, PASS, 0.0, 100.0, 5.0, 12.0, 0.0, 38.0, 0.0, 37.0, 0.0, 24.0, 0.0, 37.0, 0.0, 174.0, 0.0, 131.0
581482, aaaD, A->G, pseudogene, 999, 999, 999, 999, 999, 999, 999, 999, PASS, 0.0, 100.0, 4.0, 10.0, 0.0, 39.0, 0.0, 37.0, 0.0, 26.0, 0.0, 37.0, 0.0, 184.0, 0.0, 126.0
581485, aaaD, C->G, pseudogene, 999, 999, 999, 999, 999, 999, 999, 999, PASS, 0.0, 100.0, 4.0, 10.0, 0.0, 38.0, 0.0, 35.0, 0.0, 25.0, 0.0, 34.0, 0.0, 183.0, 0.0, 122.0
581488, aaaD, A->C, pseudogene, 999, 999, 999, 999, 999, 999, 999, 999, PASS, 0.0, 100.0, 4.0, 13.0, 0.0, 42.0, 0.0, 39.0, 0.0, 27.0, 0.0, 35.0, 0.0, 198.0, 0.0, 127.0
581512, aaaD, A->G, pseudogene, 999, 999, 999, 999, 999, 999, 999, 999, PASS, 0.0, 100.0, 5.0, 13.0, 0.0, 32.0, 0.0, 37.0, 0.0, 29.0, 0.0, 41.0, 0.0, 208.0, 0.0, 139.0
581513, aaaD, C->T, pseudogene, 999, 999, 999, 999, 999, 999, 999, 999, PASS, 0.0, 100.0, 5.0, 13.0, 0.0, 32.0, 0.0, 36.0, 0.0, 29.0, 0.0, 41.0, 0.0, 207.0, 0.0, 139.0
581518, aaaD, C->G, pseudogene, 999, 999, 999, 999, 999, 999, 999, 999, PASS, 0.0, 100.0, 5.0, 13.0, 0.0, 36.0, 0.0, 39.0, 0.0, 28.0, 0.0, 43.0, 0.0, 210.0, 0.0, 142.0
581524, aaaD, G->A, pseudogene, 999, 999, 999, 999, 999, 999, 999, 999, PASS, 0.0, 100.0, 5.0, 12.0, 0.0, 34.0, 0.0, 38.0, 0.0, 26.0, 0.0, 41.0, 0.0, 204.0, 0.0, 136.0
581527, aaaD, G->C, pseudogene, 999, 999, 999, 999, 999, 999, 999, 999, PASS, 0.0, 100.0, 5.0, 12.0, 0.0, 34.0, 0.0, 34.0, 0.0, 26.0, 0.0, 38.0, 0.0, 196.0, 0.0, 130.0
581530, aaaD, C->G, pseudogene, 999, 999, 999, 999, 999, 999, 999, 999, PASS, 0.0, 100.0, 5.0, 12.0, 0.0, 35.0, 0.0, 34.0, 0.0, 26.0, 0.0, 38.0, 0.0, 196.0, 0.0, 130.0
581548, aaaD, C->T, pseudogene, 999, 999, 999, 999, 999, 999, 999, 999, PASS, 0.0, 100.0, 5.0, 13.0, 0.0, 36.0, 0.0, 33.0, 0.0, 24.0, 0.0, 40.0, 0.0, 207.0, 0.0, 138.0
581550, aaaD, G->A, pseudogene, 999, 999, 999, 999, 999, 999, 999, 999, PASS, 0.0, 100.0, 5.0, 13.0, 0.0, 35.0, 0.0, 36.0, 0.0, 24.0, 0.0, 40.0, 0.0, 210.0, 0.0, 137.0
581554, aaaD, C->T, pseudogene, 999, 999, 999, 999, 999, 999, 999, 999, PASS, 0.0, 100.0, 5.0, 13.0, 0.0, 36.0, 0.0, 37.0, 0.0, 26.0, 0.0, 41.0, 0.0, 213.0, 0.0, 138.0
581560, aaaD, C->A, pseudogene, 999, 999, 999, 999, 999, 999, 999, 999, PASS, 0.0, 100.0, 5.0, 13.0, 0.0, 38.0, 0.0, 38.0, 0.0, 27.0, 0.0, 44.0, 0.0, 218.0, 0.0, 140.0
603571, ybdG, C->A, nonsynonymous, 999, 999, 999, 999, 999, 999, 999, 999, PASS, 0.0, 100.0, 0.0, 11.0, 0.0, 38.0, 0.0, 33.0, 0.0, 30.0, 0.0, 32.0, 23.0, 146.0, 0.0, 117.0
635095, ybdM, C->A, synonymous, 999, 999, 999, 999, 999, 999, 999, 999, PASS, 0.0, 100.0, 0.0, 9.0, 0.0, 33.0, 0.0, 25.0, 0.0, 22.0, 0.0, 22.0, 0.0, 197.0, 8.0, 107.0
640874, ahpF, G->T, synonymous, 999, 999, 999, 999, 999, 999, 999, 999, PASS, 0.0, 100.0, 0.0, 11.0, 0.0, 27.0, 0.0, 36.0, 0.0, 20.0, 0.0, 36.0, 0.0, 126.0, 6.0, 91.0
641876, uspG/ybdR, MOB_641876, sv, 999, 999, 999, 999, 999, 999, 999, 999, PASS, 0.0, 100.0, 0.0, 18.0, 0.0, 48.0, 0.0, 41.0, 0.0, 37.0, 0.0, 45.0, 1.0, 11.0, 2.0, 8.0
641904, uspG/ybdR, MOB_641904, sv, 999, 999, 999, 999, 999, 999, 999, 999, PASS, 0.0, 100.0, 0.0, 18.0, 0.0, 41.0, 0.0, 40.0, 0.0, 33.0, 0.0, 44.0, 2.0, 13.0, 0.0, 104.0
682049, hscC, C->A, nonsynonymous, 999, 999, 999, 999, 999, 999, 999, 999, PASS, 0.0, 100.0, 0.0, 4.0, 0.0, 21.0, 0.0, 18.0, 0.0, 8.0, 0.0, 18.0, 0.0, 92.0, 8.0, 77.0
690152, lnt, T->C, nonsynonymous, 999, 999, 999, 999, 999, 999, 999, 999, PASS, 0.0, 100.0, 0.0, 13.0, 0.0, 38.0, 0.0, 26.0, 0.0, 26.0, 0.0, 30.0, 0.0, 181.0, 11.0, 116.0
696472, glnX, G->A, noncoding, 999, 999, 999, 999, 999, 999, 999, 999, PASS, 0.0, 100.0, 0.0, 4.0, 0.0, 23.0, 0.0, 26.0, 0.0, 28.0, 0.0, 20.0, 0.0, 134.0, 7.0, 78.0
736347, ybfC/ybfQ, A->C, intergenic, 999, 999, 999, 999, 999, 999, 999, 999, PASS, 0.0, 100.0, 0.0, 4.0, 0.0, 36.0, 0.0, 50.0, 0.0, 42.0, 0.0, 37.0, 39.0, 585.0, 0.0, 83.0
736354, ybfC/ybfQ, A->T, intergenic, 999, 999, 999, 999, 999, 999, 999, 999, PASS, 0.0, 100.0, 0.0, 3.0, 0.0, 36.0, 0.0, 48.0, 0.0, 42.0, 0.0, 37.0, 55.0, 590.0, 0.0, 86.0
736358, ybfC/ybfQ, C->T, intergenic, 999, 999, 999, 999, 999, 999, 999, 999, PASS, 0.0, 100.0, 0.0, 3.0, 0.0, 36.0, 0.0, 47.0, 0.0, 44.0, 0.0, 37.0, 55.0, 591.0, 0.0, 86.0
736372, ybfC/ybfQ, C->T, intergenic, 999, 999, 999, 999, 999, 999, 999, 999, PASS, 0.0, 100.0, 0.0, 5.0, 0.0, 37.0, 0.0, 49.0, 0.0, 45.0, 0.0, 38.0, 48.0, 546.0, 0.0, 92.0
736374, ybfC/ybfQ, A->C, intergenic, 999, 999, 999, 999, 999, 999, 999, 999, PASS, 0.0, 100.0, 0.0, 5.0, 0.0, 37.0, 0.0, 49.0, 0.0, 45.0, 0.0, 37.0, 45.0, 546.0, 0.0, 92.0
736381, ybfC/ybfQ, G->A, intergenic, 999, 999, 999, 999, 999, 999, 999, 999, PASS, 0.0, 100.0, 0.0, 5.0, 0.0, 38.0, 0.0, 49.0, 0.0, 46.0, 0.0, 37.0, 43.0, 541.0, 0.0, 94.0
736382, ybfC/ybfQ, T->C, intergenic, 999, 999, 999, 999, 999, 999, 999, 999, PASS, 0.0, 100.0, 0.0, 5.0, 0.0, 39.0, 0.0, 51.0, 0.0, 47.0, 0.0, 37.0, 47.0, 549.0, 0.0, 100.0
751505, ybgQ, G->A, nonsynonymous, 999, 999, 999, 999, 999, 999, 999, 999, PASS, 0.0, 100.0, 0.0, 13.0, 0.0, 40.0, 0.0, 31.0, 0.0, 25.0, 0.0, 43.0, 0.0, 197.0, 6.0, 121.0
781238, lysY/lysZ, T->A, intergenic, 999, 999, 999, 999, 999, 999, 999, 999, PASS, 0.0, 100.0, 0.0, 16.0, 0.0, 39.0, 0.0, 24.0, 0.0, 27.0, 0.0, 32.0, 16.0, 153.0, 0.0, 109.0
781254, lysY/lysZ, A->T, intergenic, 999, 999, 999, 999, 999, 999, 999, 999, PASS, 0.0, 100.0, 0.0, 13.0, 0.0, 37.0, 0.0, 24.0, 0.0, 26.0, 0.0, 23.0, 12.0, 158.0, 7.0, 109.0
781548, lysZ/lysQ, G->T, intergenic, 999, 999, 999, 999, 999, 999, 999, 999, PASS, 0.0, 100.0, 0.0, 6.0, 0.0, 33.0, 0.0, 23.0, 0.0, 21.0, 0.0, 22.0, 25.0, 136.0, 0.0, 77.0
781551, lysZ/lysQ, T->A, intergenic, 999, 999, 999, 999, 999, 999, 999, 999, PASS, 0.0, 100.0, 0.0, 6.0, 0.0, 32.0, 0.0, 24.0, 0.0, 21.0, 0.0, 23.0, 18.0, 136.0, 0.0, 77.0
836859, ybiC, C->A, nonsynonymous, 999, 999, 999, 999, 999, 999, 999, 999, PASS, 0.0, 100.0, 0.0, 8.0, 0.0, 15.0, 0.0, 19.0, 0.0, 13.0, 0.0, 38.0, 0.0, 168.0, 7.0, 126.0
844278, ybiO, G->T, synonymous, 999, 999, 999, 999, 999, 999, 999, 999, PASS, 0.0, 100.0, 0.0, 6.0, 0.0, 32.0, 0.0, 30.0, 0.0, 16.0, 0.0, 23.0, 0.0, 146.0, 7.0, 114.0
861556, ybiW, C->A, nonsynonymous, 999, 999, 999, 999, 999, 999, 999, 999, PASS, 0.0, 100.0, 0.0, 10.0, 0.0, 43.0, 0.0, 31.0, 0.0, 25.0, 0.0, 40.0, 0.0, 115.0, 6.0, 94.0
863522, ybiY/fsaA, C->A, intergenic, 999, 999, 999, 999, 999, 999, 999, 999, PASS, 0.0, 100.0, 0.0, 6.0, 0.0, 41.0, 0.0, 29.0, 0.0, 19.0, 0.0, 45.0, 0.0, 232.0, 8.0, 120.0
872718, gsiD, C->A, nonsynonymous, 999, 999, 999, 999, 999, 999, 999, 999, PASS, 0.0, 100.0, 0.0, 11.0, 0.0, 37.0, 0.0, 26.0, 0.0, 21.0, 0.0, 26.0, 0.0, 217.0, 7.0, 95.0
875393, yliF, C->A, nonsense, 999, 999, 999, 999, 999, 999, 999, 999, PASS, 0.0, 100.0, 0.0, 12.0, 0.0, 43.0, 0.0, 43.0, 0.0, 34.0, 0.0, 53.0, 15.0, 181.0, 0.0, 109.0
875395, yliF, G->T, nonsynonymous, 999, 999, 999, 999, 999, 999, 999, 999, PASS, 0.0, 100.0, 0.0, 12.0, 0.0, 43.0, 0.0, 44.0, 0.0, 33.0, 0.0, 53.0, 14.0, 181.0, 0.0, 110.0
893424, ybjN, C->A, nonsynonymous, 999, 999, 999, 999, 999, 999, 999, 999, PASS, 0.0, 100.0, 0.0, 14.0, 0.0, 34.0, 0.0, 21.0, 0.0, 31.0, 0.0, 48.0, 0.0, 273.0, 6.0, 104.0
897384, potI, G->C, nonsynonymous, 999, 999, 999, 999, 999, 999, 999, 999, PASS, 0.0, 100.0, 0.0, 8.0, 0.0, 30.0, 0.0, 31.0, 0.0, 23.0, 0.0, 37.0, 0.0, 160.0, 4.0, 86.0
913339, hcp, A->G, nonsynonymous, 999, 999, 999, 999, 999, 999, 999, 999, PASS, 0.0, 100.0, 0.0, 17.0, 0.0, 30.0, 0.0, 19.0, 0.0, 23.0, 4.0, 33.0, 0.0, 172.0, 0.0, 111.0
935584, ftsK, A->T, synonymous, 999, 999, 999, 999, 999, 999, 999, 999, PASS, 0.0, 100.0, 0.0, 6.0, 0.0, 19.0, 0.0, 22.0, 0.0, 13.0, 0.0, 52.0, 17.0, 92.0, 0.0, 53.0
972843, ycbC, C->T, nonsynonymous, 999, 999, 999, 999, 999, 999, 999, 999, PASS, 0.0, 100.0, 0.0, 5.0, 0.0, 31.0, 0.0, 24.0, 0.0, 20.0, 5.0, 21.0, 75.0, 165.0, 53.0, 115.0
998569, elfD, C->T, nonsynonymous, 999, 999, 999, 999, 999, 999, 999, 999, PASS, 0.0, 100.0, 0.0, 5.0, 0.0, 39.0, 4.0, 55.0, 0.0, 45.0, 0.0, 30.0, 0.0, 397.0, 0.0, 125.0
1019734, ompA, G->T, nonsynonymous, 999, 999, 999, 999, 999, 999, 999, 999, PASS, 0.0, 100.0, 0.0, 6.0, 0.0, 29.0, 0.0, 36.0, 0.0, 29.0, 0.0, 39.0, 0.0, 96.0, 15.0, 115.0
1063264, cbpA, C->A, nonsynonymous, 999, 999, 999, 999, 999, 999, 999, 999, PASS, 0.0, 100.0, 0.0, 3.0, 0.0, 29.0, 0.0, 16.0, 0.0, 15.0, 0.0, 34.0, 10.0, 127.0, 0.0, 64.0
1063279, cbpA, G->T, nonsynonymous, 999, 999, 999, 999, 999, 999, 999, 999, PASS, 0.0, 100.0, 0.0, 3.0, 0.0, 35.0, 0.0, 16.0, 0.0, 14.0, 0.0, 34.0, 14.0, 125.0, 0.0, 72.0
1097158, ycdU/serX, C->A, intergenic, 999, 999, 999, 999, 999, 999, 999, 999, PASS, 0.0, 100.0, 0.0, 8.0, 0.0, 29.0, 0.0, 23.0, 0.0, 21.0, 0.0, 22.0, 12.0, 124.0, 0.0, 50.0
1162795, lpoB, C->A, nonsynonymous, 999, 999, 999, 999, 999, 999, 999, 999, PASS, 0.0, 100.0, 0.0, 2.0, 0.0, 24.0, 0.0, 26.0, 0.0, 12.0, 0.0, 27.0, 0.0, 83.0, 6.0, 88.0
1172471, mfd, C->T, synonymous, 999, 999, 999, 999, 999, 999, 999, 999, PASS, 0.0, 100.0, 0.0, 8.0, 0.0, 38.0, 0.0, 22.0, 0.0, 19.0, 0.0, 40.0, 0.0, 147.0, 10.0, 117.0
1174345, ycfT, C->A, nonsynonymous, 999, 999, 999, 999, 999, 999, 999, 999, PASS, 0.0, 100.0, 0.0, 7.0, 0.0, 32.0, 0.0, 29.0, 0.0, 20.0, 0.0, 37.0, 0.0, 153.0, 14.0, 120.0
1176829, lolD, C->A, nonsynonymous, 999, 999, 999, 999, 999, 999, 999, 999, PASS, 0.0, 100.0, 0.0, 1.0, 0.0, 11.0, 0.0, 11.0, 0.0, 7.0, 0.0, 20.0, 0.0, 39.0, 11.0, 49.0
1176831, lolD, G->T, nonsynonymous, 999, 999, 999, 999, 999, 999, 999, 999, PASS, 0.0, 100.0, 0.0, 1.0, 0.0, 11.0, 0.0, 11.0, 0.0, 7.0, 0.0, 20.0, 0.0, 39.0, 10.0, 48.0
1196220, icd, C->T, synonymous, 999, 999, 999, 999, 999, 999, 999, 999, PASS, 0.0, 100.0, 0.0, 7.0, 0.0, 42.0, 0.0, 29.0, 0.0, 29.0, 9.0, 32.0, 114.0, 218.0, 40.0, 104.0
1196232, icd, C->T, synonymous, 999, 999, 999, 999, 999, 999, 999, 999, PASS, 0.0, 100.0, 0.0, 10.0, 0.0, 44.0, 0.0, 30.0, 0.0, 34.0, 5.0, 30.0, 107.0, 225.0, 35.0, 108.0
1196245, icd, T->C, synonymous, 999, 999, 999, 999, 999, 999, 999, 999, PASS, 0.0, 100.0, 0.0, 10.0, 0.0, 43.0, 0.0, 25.0, 0.0, 35.0, 6.0, 29.0, 87.0, 208.0, 31.0, 103.0
1196247, icd, A->G, synonymous, 999, 999, 999, 999, 999, 999, 999, 999, PASS, 0.0, 100.0, 0.0, 10.0, 0.0, 42.0, 0.0, 25.0, 0.0, 35.0, 6.0, 29.0, 89.0, 208.0, 31.0, 103.0
1196277, icd, C->T, synonymous, 999, 999, 999, 999, 999, 999, 999, 999, PASS, 0.0, 100.0, 0.0, 12.0, 0.0, 39.0, 0.0, 32.0, 0.0, 37.0, 0.0, 30.0, 59.0, 195.0, 20.0, 99.0
1196280, icd, G->C, synonymous, 999, 999, 999, 999, 999, 999, 999, 999, PASS, 0.0, 100.0, 0.0, 12.0, 0.0, 40.0, 0.0, 32.0, 0.0, 38.0, 0.0, 30.0, 59.0, 195.0, 20.0, 99.0
1196283, icd, A->G, synonymous, 999, 999, 999, 999, 999, 999, 999, 999, PASS, 0.0, 100.0, 0.0, 12.0, 0.0, 40.0, 0.0, 33.0, 0.0, 38.0, 0.0, 28.0, 56.0, 189.0, 16.0, 93.0
1196292, icd, C->T, synonymous, 999, 999, 999, 999, 999, 999, 999, 999, PASS, 0.0, 100.0, 0.0, 12.0, 0.0, 43.0, 0.0, 31.0, 0.0, 43.0, 0.0, 28.0, 39.0, 167.0, 9.0, 84.0
1196304, icd, G->A, synonymous, 999, 999, 999, 999, 999, 999, 999, 999, PASS, 0.0, 100.0, 0.0, 11.0, 0.0, 45.0, 0.0, 32.0, 0.0, 44.0, 0.0, 25.0, 35.0, 169.0, 0.0, 83.0
1196316, icd, T->A, nonsynonymous, 999, 999, 999, 999, 999, 999, 999, 999, PASS, 0.0, 100.0, 0.0, 11.0, 0.0, 42.0, 0.0, 31.0, 0.0, 45.0, 0.0, 25.0, 19.0, 147.0, 0.0, 80.0
1196325, icd, A->G, synonymous, 999, 999, 999, 999, 999, 999, 999, 999, PASS, 0.0, 100.0, 0.0, 12.0, 0.0, 41.0, 0.0, 28.0, 0.0, 46.0, 0.0, 20.0, 14.0, 147.0, 0.0, 80.0
1215902, ycgZ, MOB_1215902, sv, 999, 999, 999, 999, 999, 999, 999, 999, PASS, 0.0, 100.0, 0.0, 8.0, 0.0, 51.0, 0.0, 36.0, 0.0, 36.0, 0.0, 36.0, 1.0, 14.0, 2.0, 7.0
1221169, ycgH, MOB_1221169, sv, 999, 999, 999, 999, 999, 999, 999, 999, PASS, 0.0, 100.0, 0.0, 10.0, 1.0, 4.0, 0.0, 27.0, 0.0, 25.0, 2.0, 6.0, 11.0, 35.0, 3.0, 12.0
1241785, cvrA, G->A, nonsynonymous, 999, 999, 999, 999, 999, 999, 999, 999, PASS, 0.0, 100.0, 0.0, 5.0, 0.0, 28.0, 0.0, 30.0, 4.0, 29.0, 0.0, 29.0, 0.0, 174.0, 0.0, 92.0
1249485, dhaL, G->T, synonymous, 999, 999, 999, 999, 999, 999, 999, 999, PASS, 0.0, 100.0, 0.0, 15.0, 0.0, 30.0, 0.0, 27.0, 0.0, 20.0, 0.0, 30.0, 0.0, 196.0, 7.0, 119.0
1264959, hemA, G->T, nonsynonymous, 999, 999, 999, 999, 999, 999, 999, 999, PASS, 0.0, 100.0, 0.0, 5.0, 0.0, 33.0, 0.0, 17.0, 0.0, 19.0, 0.0, 39.0, 0.0, 211.0, 8.0, 104.0
1270480, ldrC/chaA, C->T, intergenic, 999, 999, 999, 999, 999, 999, 999, 999, PASS, 0.0, 100.0, 0.0, 12.0, 0.0, 58.0, 0.0, 33.0, 0.0, 35.0, 15.0, 38.0, 62.0, 179.0, 23.0, 104.0
1286793, narI/tpr, A->G, intergenic, 999, 999, 999, 999, 999, 999, 999, 999, PASS, 0.0, 100.0, 0.0, 6.0, 0.0, 26.0, 0.0, 22.0, 0.0, 20.0, 0.0, 26.0, 16.0, 112.0, 0.0, 64.0
1286805, narI/tpr, G->A, intergenic, 999, 999, 999, 999, 999, 999, 999, 999, PASS, 0.0, 100.0, 0.0, 6.0, 0.0, 25.0, 0.0, 23.0, 0.0, 19.0, 0.0, 24.0, 0.0, 107.0, 6.0, 56.0
1286831, narI/tpr, T->A, intergenic, 999, 999, 999, 999, 999, 999, 999, 999, PASS, 0.0, 100.0, 0.0, 5.0, 0.0, 24.0, 0.0, 23.0, 0.0, 19.0, 0.0, 18.0, 16.0, 83.0, 0.0, 44.0
1286846, narI/tpr, G->T, intergenic, 999, 999, 999, 999, 999, 999, 999, 999, PASS, 0.0, 100.0, 0.0, 3.0, 0.0, 26.0, 0.0, 24.0, 0.0, 22.0, 0.0, 17.0, 18.0, 70.0, 0.0, 43.0
1287161, tpr, G->A, nonsense, 999, 999, 999, 999, 999, 999, 999, 999, PASS, 0.0, 100.0, 0.0, 4.0, 0.0, 26.0, 0.0, 18.0, 0.0, 20.0, 0.0, 14.0, 11.0, 95.0, 0.0, 62.0
1287215, tpr/tyrV, T->C, intergenic, 999, 999, 999, 999, 999, 999, 999, 999, PASS, 0.0, 100.0, 0.0, 3.0, 0.0, 25.0, 0.0, 25.0, 0.0, 18.0, 0.0, 23.0, 0.0, 137.0, 7.0, 74.0
1287329, tyrV/tyrT, indel;+C, indel, 999, 999, 999, 999, 999, 999, 999, 999, PASS, 0.0, 100.0, 0.0, 4.0, 0.0, 18.0, 0.0, 25.0, 0.0, 25.0, 0.0, 23.0, 9.0, 89.0, 0.0, 53.0
1293196, hns/tdk, MOB_1293196, sv, 999, 999, 999, 999, 999, 999, 999, 999, PASS, 0.0, 100.0, 0.0, 21.0, 1.0, 4.0, 3.0, 7.0, 0.0, 45.0, 0.0, 37.0, 0.0, 337.0, 0.0, 5.0
1296246, adhE, C->T, nonsynonymous, 999, 999, 999, 999, 999, 999, 999, 999, PASS, 0.0, 100.0, 0.0, 13.0, 0.0, 31.0, 0.0, 30.0, 0.0, 22.0, 5.0, 32.0, 25.0, 176.0, 18.0, 116.0
1315178, yciE, G->T, nonsynonymous, 999, 999, 999, 999, 999, 999, 999, 999, PASS, 0.0, 100.0, 0.0, 4.0, 0.0, 32.0, 0.0, 38.0, 0.0, 24.0, 0.0, 38.0, 0.0, 282.0, 6.0, 83.0
1319118, trpC, A->G, nonsynonymous, 999, 999, 999, 999, 999, 999, 999, 999, PASS, 0.0, 100.0, 0.0, 9.0, 0.0, 31.0, 0.0, 28.0, 0.0, 31.0, 0.0, 27.0, 0.0, 170.0, 9.0, 126.0
1334973, cysB/ymiA, C->A, intergenic, 999, 999, 999, 999, 999, 999, 999, 999, PASS, 0.0, 100.0, 0.0, 4.0, 0.0, 46.0, 0.0, 60.0, 0.0, 43.0, 0.0, 39.0, 0.0, 396.0, 6.0, 102.0
1380154, ycjU, C->A, nonsynonymous, 999, 999, 999, 999, 999, 999, 999, 999, PASS, 0.0, 100.0, 0.0, 4.0, 0.0, 22.0, 0.0, 18.0, 4.0, 20.0, 0.0, 32.0, 0.0, 142.0, 0.0, 115.0
1393457, mppA, MOB_1393457, sv, 999, 999, 999, 999, 999, 999, 999, 999, PASS, 0.0, 100.0, 0.0, 14.0, 5.0, 6.0, 4.0, 5.0, 0.0, 2.0, 0.0, 24.0, 21.0, 28.0, 6.0, 11.0
1397617, ynaJ, C->T, nonsense, 999, 999, 999, 999, 999, 999, 999, 999, PASS, 0.0, 100.0, 0.0, 12.0, 0.0, 35.0, 0.0, 35.0, 0.0, 25.0, 0.0, 25.0, 0.0, 230.0, 13.0, 112.0
1411075, ttcA, G->T, nonsynonymous, 999, 999, 999, 999, 999, 999, 999, 999, PASS, 0.0, 100.0, 0.0, 10.0, 0.0, 39.0, 0.0, 22.0, 0.0, 22.0, 0.0, 29.0, 0.0, 193.0, 7.0, 122.0
1428370, insH1, A->G, pseudogene, 999, 999, 999, 999, 999, 999, 999, 999, PASS, 0.0, 100.0, 0.0, 14.0, 0.0, 59.0, 4.0, 77.0, 0.0, 34.0, 0.0, 55.0, 0.0, 157.0, 0.0, 204.0
1428700, insH1, A->G, pseudogene, 999, 999, 999, 999, 999, 999, 999, 999, PASS, 0.0, 100.0, 0.0, 9.0, 5.0, 39.0, 0.0, 44.0, 0.0, 33.0, 0.0, 48.0, 0.0, 191.0, 0.0, 131.0
1428712, insH1, G->A, pseudogene, 999, 999, 999, 999, 999, 999, 999, 999, PASS, 0.0, 100.0, 0.0, 10.0, 4.0, 41.0, 0.0, 40.0, 0.0, 32.0, 0.0, 48.0, 0.0, 183.0, 0.0, 119.0
1435222, uspF, MOB_1435222, sv, 999, 999, 999, 999, 999, 999, 999, 999, PASS, 0.0, 100.0, 0.0, 9.0, 0.0, 42.0, 0.0, 40.0, 0.0, 13.0, 5.0, 7.0, 28.0, 51.0, 15.0, 26.0
1452013, paaZ, G->T, nonsynonymous, 999, 999, 999, 999, 999, 999, 999, 999, PASS, 0.0, 100.0, 0.0, 9.0, 0.0, 30.0, 0.0, 32.0, 0.0, 19.0, 0.0, 41.0, 0.0, 195.0, 9.0, 126.0
1466138, ydbA, G->A, pseudogene, 999, 999, 999, 999, 999, 999, 999, 999, PASS, 0.0, 100.0, 0.0, 19.0, 0.0, 45.0, 0.0, 41.0, 0.0, 37.0, 0.0, 53.0, 23.0, 235.0, 13.0, 142.0
1466144, ydbA, G->T, pseudogene, 999, 999, 999, 999, 999, 999, 999, 999, PASS, 0.0, 100.0, 0.0, 19.0, 0.0, 45.0, 0.0, 41.0, 0.0, 38.0, 0.0, 50.0, 24.0, 227.0, 0.0, 143.0
1466210, ydbA, G->A, pseudogene, 999, 999, 999, 999, 999, 999, 999, 999, PASS, 0.0, 100.0, 0.0, 18.0, 0.0, 32.0, 0.0, 38.0, 0.0, 27.0, 0.0, 49.0, 13.0, 183.0, 7.0, 104.0
1466432, ydbA, A->T, pseudogene, 999, 999, 999, 999, 999, 999, 999, 999, PASS, 0.0, 100.0, 0.0, 13.0, 0.0, 26.0, 0.0, 31.0, 0.0, 17.0, 0.0, 30.0, 25.0, 113.0, 0.0, 107.0
1466495, ydbA, C->T, pseudogene, 999, 999, 999, 999, 999, 999, 999, 999, PASS, 0.0, 100.0, 0.0, 8.0, 0.0, 30.0, 0.0, 32.0, 0.0, 27.0, 0.0, 30.0, 6.0, 119.0, 0.0, 95.0
1466639, ydbA, C->T, pseudogene, 999, 999, 999, 999, 999, 999, 999, 999, PASS, 0.0, 100.0, 0.0, 8.0, 0.0, 33.0, 0.0, 33.0, 0.0, 27.0, 0.0, 26.0, 0.0, 114.0, 11.0, 90.0
1466873, ydbA, C->G, pseudogene, 999, 999, 999, 999, 999, 999, 999, 999, PASS, 0.0, 100.0, 0.0, 14.0, 0.0, 50.0, 0.0, 43.0, 0.0, 28.0, 0.0, 49.0, 0.0, 223.0, 14.0, 137.0
1466876, ydbA, C->A, pseudogene, 999, 999, 999, 999, 999, 999, 999, 999, PASS, 0.0, 100.0, 0.0, 14.0, 0.0, 51.0, 0.0, 43.0, 0.0, 29.0, 0.0, 49.0, 27.0, 225.0, 0.0, 137.0
1477048, ydbD, G->A, synonymous, 999, 999, 999, 999, 999, 999, 999, 999, PASS, 0.0, 100.0, 0.0, 15.0, 0.0, 34.0, 0.0, 40.0, 0.0, 22.0, 4.0, 47.0, 0.0, 207.0, 0.0, 91.0
1494354, ydcI, MOB_1494354, sv, 999, 999, 999, 999, 999, 999, 999, 999, PASS, 0.0, 100.0, 2.0, 4.0, 0.0, 24.0, 0.0, 33.0, 0.0, 34.0, 0.0, 32.0, 0.0, 168.0, 0.0, 127.0
1494408, ydcI, G->A, nonsense, 999, 999, 999, 999, 999, 999, 999, 999, PASS, 0.0, 100.0, 0.0, 14.0, 10.0, 27.0, 0.0, 30.0, 7.0, 30.0, 16.0, 30.0, 36.0, 149.0, 19.0, 105.0
1497108, opgD, MOB_1497108, sv, 999, 999, 999, 999, 999, 999, 999, 999, PASS, 0.0, 100.0, 0.0, 9.0, 0.0, 42.0, 0.0, 33.0, 0.0, 27.0, 2.0, 5.0, 6.0, 25.0, 4.0, 13.0
1537972, narY, G->T, synonymous, 999, 999, 999, 999, 999, 999, 999, 999, PASS, 0.0, 100.0, 0.0, 6.0, 0.0, 26.0, 0.0, 27.0, 0.0, 16.0, 0.0, 34.0, 16.0, 116.0, 0.0, 98.0
1537973, narY, C->A, nonsynonymous, 999, 999, 999, 999, 999, 999, 999, 999, PASS, 0.0, 100.0, 0.0, 7.0, 0.0, 27.0, 0.0, 28.0, 0.0, 17.0, 0.0, 34.0, 16.0, 120.0, 0.0, 98.0
1544820, yddK, MOB_1544820, sv, 999, 999, 999, 999, 999, 999, 999, 999, PASS, 0.0, 100.0, 0.0, 11.0, 0.0, 47.0, 0.0, 55.0, 0.0, 48.0, 0.0, 40.0, 1.0, 11.0, 1.0, 8.0
1552191, fdnI/yddM, C->A, intergenic, 999, 999, 999, 999, 999, 999, 999, 999, PASS, 0.0, 100.0, 0.0, 6.0, 0.0, 29.0, 0.0, 30.0, 0.0, 29.0, 0.0, 32.0, 32.0, 255.0, 0.0, 108.0
1619057, marC/marR, T->G, intergenic, 999, 999, 999, 999, 999, 999, 999, 999, PASS, 0.0, 100.0, 0.0, 13.0, 0.0, 30.0, 0.0, 23.0, 0.0, 43.0, 0.0, 46.0, 91.0, 213.0, 69.0, 144.0
1641523, cspB, C->T, nonsense, 999, 999, 999, 999, 999, 999, 999, 999, PASS, 0.0, 100.0, 0.0, 20.0, 0.0, 46.0, 0.0, 56.0, 0.0, 43.0, 0.0, 30.0, 0.0, 442.0, 6.0, 114.0
1652022, intQ, MOB_1652022, sv, 999, 999, 999, 999, 999, 999, 999, 999, PASS, 0.0, 100.0, 0.0, 8.0, 0.0, 36.0, 0.0, 44.0, 0.0, 26.0, 0.0, 38.0, 0.0, 280.0, 0.0, 3.0
1655803, ynfA/ynfB, MOB_1655803, sv, 999, 999, 999, 999, 999, 999, 999, 999, PASS, 0.0, 100.0, 0.0, 14.0, 0.0, 53.0, 0.0, 37.0, 0.0, 33.0, 0.0, 58.0, 23.0, 55.0, 12.0, 28.0
1656194, speG, MOB_1656194, sv, 999, 999, 999, 999, 999, 999, 999, 999, PASS, 0.0, 100.0, 0.0, 11.0, 0.0, 52.0, 0.0, 42.0, 0.0, 32.0, 1.0, 5.0, 10.0, 31.0, 2.0, 12.0
1664147, ynfH, C->A, nonsynonymous, 999, 999, 999, 999, 999, 999, 999, 999, PASS, 0.0, 100.0, 0.0, 8.0, 4.0, 40.0, 0.0, 43.0, 0.0, 26.0, 0.0, 44.0, 0.0, 176.0, 0.0, 143.0
1711760, nth, G->A, nonsynonymous, 999, 999, 999, 999, 999, 999, 999, 999, PASS, 0.0, 100.0, 0.0, 4.0, 0.0, 35.0, 0.0, 21.0, 0.0, 15.0, 9.0, 22.0, 97.0, 218.0, 47.0, 85.0
1783359, fadK, G->T, nonsynonymous, 999, 999, 999, 999, 999, 999, 999, 999, PASS, 0.0, 100.0, 0.0, 7.0, 0.0, 34.0, 0.0, 33.0, 0.0, 19.0, 0.0, 32.0, 0.0, 177.0, 7.0, 101.0
1784137, fadK, G->T, synonymous, 999, 999, 999, 999, 999, 999, 999, 999, PASS, 0.0, 100.0, 0.0, 9.0, 0.0, 34.0, 0.0, 21.0, 0.0, 27.0, 0.0, 23.0, 9.0, 167.0, 0.0, 116.0
1807181, pfkB, C->A, nonsynonymous, 999, 999, 999, 999, 999, 999, 999, 999, PASS, 0.0, 100.0, 0.0, 12.0, 0.0, 27.0, 0.0, 38.0, 0.0, 16.0, 0.0, 27.0, 0.0, 150.0, 7.0, 122.0
1811281, ydjN, G->A, synonymous, 999, 999, 999, 999, 999, 999, 999, 999, PASS, 0.0, 100.0, 0.0, 9.0, 0.0, 43.0, 0.0, 26.0, 0.0, 34.0, 4.0, 48.0, 0.0, 215.0, 0.0, 126.0
1834635, ydjY, C->A, nonsynonymous, 999, 999, 999, 999, 999, 999, 999, 999, PASS, 0.0, 100.0, 0.0, 5.0, 0.0, 21.0, 0.0, 15.0, 0.0, 23.0, 0.0, 38.0, 13.0, 116.0, 0.0, 112.0
1837428, ynjC, C->A, nonsynonymous, 999, 999, 999, 999, 999, 999, 999, 999, PASS, 0.0, 100.0, 0.0, 3.0, 0.0, 25.0, 0.0, 24.0, 0.0, 17.0, 0.0, 29.0, 0.0, 113.0, 6.0, 97.0
1860774, ydjL, C->A, nonsynonymous, 999, 999, 999, 999, 999, 999, 999, 999, PASS, 0.0, 100.0, 0.0, 10.0, 0.0, 34.0, 0.0, 31.0, 0.0, 21.0, 0.0, 28.0, 0.0, 153.0, 6.0, 102.0
1865456, yeaE, C->T, nonsynonymous, 999, 999, 999, 999, 999, 999, 999, 999, PASS, 0.0, 100.0, 0.0, 11.0, 0.0, 36.0, 0.0, 35.0, 0.0, 29.0, 4.0, 42.0, 0.0, 214.0, 0.0, 131.0
1878309, yeaP, G->T, nonsynonymous, 999, 999, 999, 999, 999, 999, 999, 999, PASS, 0.0, 100.0, 0.0, 11.0, 0.0, 37.0, 0.0, 38.0, 0.0, 18.0, 0.0, 53.0, 0.0, 282.0, 7.0, 112.0
1939812, lpxM, G->T, nonsynonymous, 999, 999, 999, 999, 999, 999, 999, 999, PASS, 0.0, 100.0, 0.0, 4.0, 0.0, 22.0, 0.0, 32.0, 0.0, 12.0, 0.0, 28.0, 0.0, 124.0, 7.0, 76.0
1951203, yecD, A->T, synonymous, 999, 999, 999, 999, 999, 999, 999, 999, PASS, 0.0, 100.0, 5.0, 13.0, 0.0, 32.0, 0.0, 35.0, 0.0, 28.0, 0.0, 38.0, 0.0, 173.0, 0.0, 101.0
1951320, yecD, G->A, synonymous, 999, 999, 999, 999, 999, 999, 999, 999, PASS, 0.0, 100.0, 10.0, 16.0, 0.0, 28.0, 0.0, 33.0, 0.0, 25.0, 0.0, 45.0, 0.0, 186.0, 0.0, 113.0
1951332, yecD, T->C, synonymous, 999, 999, 999, 999, 999, 999, 999, 999, PASS, 0.0, 100.0, 7.0, 12.0, 0.0, 29.0, 0.0, 33.0, 0.0, 27.0, 0.0, 51.0, 0.0, 183.0, 0.0, 124.0
1951335, yecD, C->T, synonymous, 999, 999, 999, 999, 999, 999, 999, 999, PASS, 0.0, 100.0, 7.0, 12.0, 0.0, 31.0, 0.0, 34.0, 0.0, 27.0, 0.0, 51.0, 0.0, 181.0, 0.0, 120.0
1951338, yecD, C->T, synonymous, 999, 999, 999, 999, 999, 999, 999, 999, PASS, 0.0, 100.0, 7.0, 12.0, 0.0, 31.0, 0.0, 35.0, 0.0, 28.0, 0.0, 52.0, 0.0, 190.0, 0.0, 129.0
1951386, yecD, C->T, synonymous, 999, 999, 999, 999, 999, 999, 999, 999, PASS, 0.0, 100.0, 5.0, 12.0, 0.0, 21.0, 0.0, 28.0, 0.0, 20.0, 0.0, 48.0, 0.0, 145.0, 0.0, 135.0
1951387, yecD, A->C, nonsynonymous, 999, 999, 999, 999, 999, 999, 999, 999, PASS, 0.0, 100.0, 5.0, 12.0, 0.0, 21.0, 0.0, 28.0, 0.0, 22.0, 0.0, 48.0, 0.0, 148.0, 0.0, 135.0
1951412, yecE, A->G, synonymous, 999, 999, 999, 999, 999, 999, 999, 999, PASS, 0.0, 100.0, 4.0, 10.0, 0.0, 25.0, 0.0, 28.0, 0.0, 24.0, 0.0, 47.0, 0.0, 162.0, 0.0, 145.0
1968930, cheR, G->T, synonymous, 999, 999, 999, 999, 999, 999, 999, 999, PASS, 0.0, 100.0, 0.0, 8.0, 0.0, 35.0, 0.0, 22.0, 0.0, 17.0, 0.0, 44.0, 0.0, 194.0, 6.0, 114.0
2001877, fliA/fliC, G->T, intergenic, 999, 999, 999, 999, 999, 999, 999, 999, PASS, 0.0, 100.0, 0.0, 3.0, 0.0, 19.0, 0.0, 24.0, 0.0, 19.0, 0.0, 31.0, 0.0, 231.0, 7.0, 129.0
2030420, yedA, C->A, synonymous, 999, 999, 999, 999, 999, 999, 999, 999, PASS, 0.0, 100.0, 0.0, 6.0, 0.0, 35.0, 0.0, 27.0, 0.0, 26.0, 0.0, 33.0, 0.0, 151.0, 8.0, 106.0
2058577, yeeO, C->A, nonsynonymous, 999, 999, 999, 999, 999, 999, 999, 999, PASS, 0.0, 100.0, 0.0, 8.0, 0.0, 28.0, 0.0, 31.0, 0.0, 30.0, 0.0, 27.0, 0.0, 183.0, 6.0, 92.0
2104450, wbbK, G->T, synonymous, 999, 999, 999, 999, 999, 999, 999, 999, PASS, 0.0, 100.0, 0.0, 12.0, 0.0, 32.0, 0.0, 26.0, 0.0, 20.0, 0.0, 27.0, 0.0, 309.0, 8.0, 91.0
2112491, rfbB, MOB_2112491, sv, 999, 999, 999, 999, 999, 999, 999, 999, PASS, 0.0, 100.0, 0.0, 19.0, 0.0, 69.0, 0.0, 50.0, 0.0, 43.0, 0.0, 42.0, 0.0, 377.0, 0.0, 2.0
2118871, wzxC, C->A, nonsynonymous, 999, 999, 999, 999, 999, 999, 999, 999, PASS, 0.0, 100.0, 0.0, 4.0, 0.0, 19.0, 0.0, 13.0, 0.0, 8.0, 0.0, 12.0, 8.0, 41.0, 0.0, 53.0
2153498, ibsA/ibsB, C->A, intergenic, 999, 999, 999, 999, 999, 999, 999, 999, PASS, 0.0, 100.0, 0.0, 18.0, 0.0, 36.0, 0.0, 29.0, 0.0, 28.0, 0.0, 27.0, 35.0, 273.0, 0.0, 69.0
2153501, ibsA/ibsB, A->C, intergenic, 999, 999, 999, 999, 999, 999, 999, 999, PASS, 0.0, 100.0, 0.0, 18.0, 0.0, 39.0, 0.0, 30.0, 0.0, 28.0, 0.0, 28.0, 16.0, 267.0, 0.0, 73.0
2153503, ibsA/ibsB, T->A, intergenic, 999, 999, 999, 999, 999, 999, 999, 999, PASS, 0.0, 100.0, 0.0, 17.0, 0.0, 40.0, 0.0, 29.0, 0.0, 29.0, 0.0, 27.0, 32.0, 269.0, 0.0, 73.0
2153524, ibsA/ibsB, G->A, intergenic, 999, 999, 999, 999, 999, 999, 999, 999, PASS, 0.0, 100.0, 0.0, 16.0, 0.0, 36.0, 0.0, 34.0, 0.0, 30.0, 0.0, 27.0, 25.0, 251.0, 0.0, 81.0
2153525, ibsA/ibsB, A->G, intergenic, 999, 999, 999, 999, 999, 999, 999, 999, PASS, 0.0, 100.0, 0.0, 16.0, 0.0, 36.0, 0.0, 34.0, 0.0, 31.0, 0.0, 27.0, 13.0, 239.0, 0.0, 81.0
2154172, mdtA, G->T, nonsynonymous, 999, 999, 999, 999, 999, 999, 999, 999, PASS, 0.0, 100.0, 0.0, 18.0, 0.0, 40.0, 0.0, 34.0, 0.0, 23.0, 0.0, 34.0, 0.0, 192.0, 6.0, 77.0
2174653, gatA, MOB_2174653, sv, 999, 999, 999, 999, 999, 999, 999, 999, PASS, 0.0, 100.0, 5.0, 6.0, 0.0, 19.0, 0.0, 32.0, 0.0, 35.0, 0.0, 37.0, 0.0, 320.0, 0.0, 88.0
2174874, gatA, MOB_2174874, sv, 999, 999, 999, 999, 999, 999, 999, 999, PASS, 0.0, 100.0, 0.0, 15.0, 0.0, 22.0, 1.0, 3.0, 0.0, 38.0, 0.0, 30.0, 1.0, 12.0, 2.0, 9.0
2174992, gatA, MOB_2174992, sv, 999, 999, 999, 999, 999, 999, 999, 999, PASS, 0.0, 100.0, 0.0, 14.0, 4.0, 7.0, 0.0, 24.0, 0.0, 33.0, 2.0, 5.0, 8.0, 30.0, 2.0, 12.0
2175399, gatZ, MOB_2175399, sv, 999, 999, 999, 999, 999, 999, 999, 999, PASS, 0.0, 100.0, 0.0, 11.0, 2.0, 5.0, 0.0, 27.0, 0.0, 32.0, 0.0, 24.0, 0.0, 252.0, 0.0, 96.0
2177222, gatY/fbaB, MOB_2177222, sv, 999, 999, 999, 999, 999, 999, 999, 999, PASS, 0.0, 100.0, 0.0, 4.0, 0.0, 19.0, 3.0, 6.0, 4.0, 6.0, 1.0, 3.0, 27.0, 52.0, 20.0, 30.0
2185873, rcnR/rcnA, G->T, intergenic, 999, 999, 999, 999, 999, 999, 999, 999, PASS, 0.0, 100.0, 0.0, 23.0, 0.0, 34.0, 0.0, 21.0, 0.0, 25.0, 0.0, 30.0, 0.0, 186.0, 6.0, 71.0
2202794, yehI, G->T, nonsynonymous, 999, 999, 999, 999, 999, 999, 999, 999, PASS, 0.0, 100.0, 0.0, 9.0, 0.0, 45.0, 0.0, 41.0, 0.0, 27.0, 0.0, 29.0, 0.0, 215.0, 7.0, 122.0
2224364, pbpG, C->A, synonymous, 999, 999, 999, 999, 999, 999, 999, 999, PASS, 0.0, 100.0, 0.0, 9.0, 0.0, 22.0, 0.0, 28.0, 0.0, 23.0, 0.0, 20.0, 0.0, 161.0, 8.0, 103.0
2233401, sanA, MOB_2233401, sv, 999, 999, 999, 999, 999, 999, 999, 999, PASS, 0.0, 100.0, 0.0, 10.0, 0.0, 39.0, 0.0, 40.0, 0.0, 41.0, 0.0, 38.0, 0.0, 8.0, 0.0, 109.0
2258771, psuK, C->A, nonsynonymous, 999, 999, 999, 999, 999, 999, 999, 999, PASS, 0.0, 100.0, 0.0, 4.0, 0.0, 35.0, 0.0, 29.0, 0.0, 22.0, 0.0, 31.0, 11.0, 204.0, 0.0, 115.0
2265750, yeiP, MOB_2265750, sv, 999, 999, 999, 999, 999, 999, 999, 999, PASS, 0.0, 100.0, 0.0, 7.0, 0.0, 30.0, 0.0, 33.0, 0.0, 31.0, 0.0, 35.0, 0.0, 213.0, 0.0, 3.0
2304680, eco/mqo, T->C, intergenic, 999, 999, 999, 999, 999, 999, 999, 999, PASS, 0.0, 100.0, 0.0, 9.0, 0.0, 32.0, 0.0, 37.0, 0.0, 36.0, 0.0, 33.0, 5.0, 28.0, 0.0, 191.0
2304763, eco/mqo, G->T, intergenic, 999, 999, 999, 999, 999, 999, 999, 999, PASS, 0.0, 100.0, 0.0, 8.0, 0.0, 30.0, 0.0, 34.0, 0.0, 30.0, 0.0, 32.0, 0.0, 155.0, 9.0, 87.0
2312349, ompC, T->C, nonsynonymous, 999, 999, 999, 999, 999, 999, 999, 999, PASS, 0.0, 100.0, 0.0, 20.0, 0.0, 29.0, 0.0, 24.0, 0.0, 15.0, 0.0, 34.0, 0.0, 187.0, 5.0, 98.0
2312373, ompC, T->C, nonsynonymous, 999, 999, 999, 999, 999, 999, 999, 999, PASS, 0.0, 100.0, 0.0, 18.0, 0.0, 31.0, 4.0, 21.0, 0.0, 15.0, 0.0, 35.0, 0.0, 172.0, 8.0, 105.0
2312505, ompC, T->C, nonsynonymous, 999, 999, 999, 999, 999, 999, 999, 999, PASS, 0.0, 100.0, 0.0, 12.0, 0.0, 42.0, 0.0, 43.0, 0.0, 28.0, 0.0, 43.0, 0.0, 233.0, 7.0, 111.0
2313474, ompC/rcsD, G->A, intergenic, 999, 999, 999, 999, 999, 999, 999, 999, PASS, 0.0, 100.0, 0.0, 15.0, 0.0, 52.0, 7.0, 46.0, 0.0, 51.0, 11.0, 45.0, 44.0, 318.0, 21.0, 125.0
2326687, atoB, C->T, synonymous, 999, 999, 999, 999, 999, 999, 999, 999, PASS, 0.0, 100.0, 0.0, 14.0, 0.0, 42.0, 0.0, 29.0, 0.0, 22.0, 0.0, 43.0, 0.0, 214.0, 8.0, 134.0
2345504, nrdA, G->T, nonsynonymous, 999, 999, 999, 999, 999, 999, 999, 999, PASS, 0.0, 100.0, 0.0, 10.0, 0.0, 26.0, 0.0, 20.0, 0.0, 13.0, 0.0, 29.0, 15.0, 117.0, 0.0, 73.0
2357653, yfaD, A->G, synonymous, 999, 999, 999, 999, 999, 999, 999, 999, PASS, 0.0, 100.0, 0.0, 9.0, 0.0, 33.0, 0.0, 39.0, 0.0, 34.0, 0.0, 41.0, 0.0, 226.0, 6.0, 108.0
2357764, yfaD, A->C, synonymous, 999, 999, 999, 999, 999, 999, 999, 999, PASS, 0.0, 100.0, 0.0, 10.0, 0.0, 38.0, 0.0, 29.0, 0.0, 32.0, 0.0, 25.0, 18.0, 115.0, 0.0, 65.0
2357874, ypaA, indel;-12, indel, 999, 999, 999, 999, 999, 999, 999, 999, PASS, 0.0, 100.0, 0.0, 17.0, 0.0, 37.0, 0.0, 30.0, 0.0, 25.0, 0.0, 39.0, 0.0, 4.0, 0.0, 134.0
2357885, ypaA, T->A, nonsynonymous, 999, 999, 999, 999, 999, 999, 999, 999, PASS, 0.0, 100.0, 0.0, 17.0, 0.0, 32.0, 0.0, 30.0, 0.0, 23.0, 0.0, 36.0, 0.0, 152.0, 9.0, 127.0
2367941, arnC, C->A, nonsynonymous, 999, 999, 999, 999, 999, 999, 999, 999, PASS, 0.0, 100.0, 0.0, 9.0, 0.0, 43.0, 0.0, 29.0, 0.0, 23.0, 0.0, 26.0, 6.0, 94.0, 0.0, 51.0
2372442, arnT, MOB_2372442, sv, 999, 999, 999, 999, 999, 999, 999, 999, PASS, 0.0, 100.0, 0.0, 8.0, 0.0, 35.0, 0.0, 38.0, 0.0, 21.0, 0.0, 44.0, 0.0, 5.0, 0.0, 85.0
2388237, yfbN, MOB_2388237, sv, 999, 999, 999, 999, 999, 999, 999, 999, PASS, 0.0, 100.0, 0.0, 16.0, 0.0, 66.0, 0.0, 47.0, 0.0, 41.0, 0.0, 30.0, 1.0, 11.0, 1.0, 7.0
2397900, nuoG, C->T, nonsynonymous, 999, 999, 999, 999, 999, 999, 999, 999, PASS, 0.0, 100.0, 0.0, 8.0, 0.0, 47.0, 0.0, 24.0, 0.0, 14.0, 4.0, 27.0, 0.0, 127.0, 0.0, 116.0
2446171, mepA, G->A, nonsynonymous, 999, 999, 999, 999, 999, 999, 999, 999, PASS, 0.0, 100.0, 0.0, 9.0, 0.0, 19.0, 0.0, 14.0, 0.0, 14.0, 4.0, 32.0, 0.0, 150.0, 0.0, 109.0
2481596, emrY, MOB_2481596, sv, 999, 999, 999, 999, 999, 999, 999, 999, PASS, 0.0, 100.0, 0.0, 17.0, 0.0, 50.0, 0.0, 45.0, 0.0, 35.0, 0.0, 38.0, 0.0, 404.0, 0.0, 4.0
2518121, alaX/alaW, T->A, intergenic, 999, 999, 999, 999, 999, 999, 999, 999, PASS, 0.0, 100.0, 0.0, 17.0, 0.0, 53.0, 0.0, 39.0, 0.0, 29.0, 0.0, 42.0, 28.0, 189.0, 0.0, 68.0
2518123, alaX/alaW, C->A, intergenic, 999, 999, 999, 999, 999, 999, 999, 999, PASS, 0.0, 100.0, 0.0, 18.0, 0.0, 52.0, 0.0, 42.0, 0.0, 30.0, 0.0, 45.0, 23.0, 192.0, 0.0, 72.0
2518132, alaX/alaW, A->T, intergenic, 999, 999, 999, 999, 999, 999, 999, 999, PASS, 0.0, 100.0, 0.0, 20.0, 0.0, 46.0, 0.0, 40.0, 0.0, 27.0, 0.0, 47.0, 28.0, 191.0, 0.0, 75.0
2518141, alaX/alaW, G->C, intergenic, 999, 999, 999, 999, 999, 999, 999, 999, PASS, 0.0, 100.0, 0.0, 20.0, 0.0, 47.0, 0.0, 41.0, 0.0, 27.0, 0.0, 46.0, 15.0, 199.0, 0.0, 75.0
2518142, alaX/alaW, C->G, intergenic, 999, 999, 999, 999, 999, 999, 999, 999, PASS, 0.0, 100.0, 0.0, 20.0, 0.0, 47.0, 0.0, 42.0, 0.0, 27.0, 0.0, 46.0, 37.0, 199.0, 0.0, 75.0
2518150, alaX/alaW, A->T, intergenic, 999, 999, 999, 999, 999, 999, 999, 999, PASS, 0.0, 100.0, 0.0, 18.0, 0.0, 48.0, 0.0, 46.0, 0.0, 25.0, 0.0, 45.0, 48.0, 205.0, 0.0, 75.0
2521114, valX, T->C, noncoding, 999, 999, 999, 999, 999, 999, 999, 999, PASS, 0.0, 100.0, 0.0, 11.0, 0.0, 36.0, 0.0, 32.0, 0.0, 24.0, 0.0, 10.0, 6.0, 109.0, 0.0, 12.0
2538475, yfeS, G->T, nonsense, 999, 999, 999, 999, 999, 999, 999, 999, PASS, 0.0, 100.0, 0.0, 4.0, 0.0, 30.0, 0.0, 26.0, 0.0, 26.0, 0.0, 20.0, 19.0, 169.0, 0.0, 98.0
2538549, yfeS/cysM, A->G, intergenic, 999, 999, 999, 999, 999, 999, 999, 999, PASS, 0.0, 100.0, 0.0, 7.0, 8.0, 37.0, 0.0, 33.0, 0.0, 31.0, 0.0, 20.0, 0.0, 181.0, 0.0, 105.0
2560967, yffL/yffM, T->A, intergenic, 999, 999, 999, 999, 999, 999, 999, 999, PASS, 0.0, 100.0, 0.0, 16.0, 0.0, 37.0, 0.0, 36.0, 0.0, 41.0, 0.0, 33.0, 15.0, 196.0, 0.0, 105.0
2560985, yffL/yffM, C->A, intergenic, 999, 999, 999, 999, 999, 999, 999, 999, PASS, 0.0, 100.0, 0.0, 11.0, 0.0, 35.0, 0.0, 33.0, 0.0, 34.0, 0.0, 28.0, 35.0, 180.0, 18.0, 95.0
2560996, yffL/yffM, G->T, intergenic, 999, 999, 999, 999, 999, 999, 999, 999, PASS, 0.0, 100.0, 0.0, 10.0, 0.0, 36.0, 0.0, 32.0, 0.0, 35.0, 0.0, 25.0, 32.0, 179.0, 0.0, 88.0
2638553, bamB, G->T, nonsynonymous, 999, 999, 999, 999, 999, 999, 999, 999, PASS, 0.0, 100.0, 0.0, 8.0, 0.0, 30.0, 0.0, 22.0, 0.0, 16.0, 0.0, 39.0, 0.0, 140.0, 8.0, 112.0
2656141, pepB, G->A, nonsynonymous, 999, 999, 999, 999, 999, 999, 999, 999, PASS, 0.0, 100.0, 0.0, 11.0, 0.0, 33.0, 10.0, 35.0, 12.0, 23.0, 16.0, 44.0, 64.0, 145.0, 71.0, 131.0
2658029, hscA, G->A, synonymous, 999, 999, 999, 999, 999, 999, 999, 999, PASS, 0.0, 100.0, 0.0, 10.0, 0.0, 29.0, 0.0, 27.0, 0.0, 12.0, 0.0, 45.0, 0.0, 151.0, 5.0, 95.0
2682154, yphG, C->A, nonsynonymous, 999, 999, 999, 999, 999, 999, 999, 999, PASS, 0.0, 100.0, 0.0, 13.0, 0.0, 41.0, 0.0, 37.0, 0.0, 21.0, 0.0, 40.0, 0.0, 153.0, 7.0, 104.0
2708361, rseB, C->T, nonsynonymous, 999, 999, 999, 999, 999, 999, 999, 999, PASS, 0.0, 100.0, 0.0, 15.0, 7.0, 29.0, 9.0, 39.0, 0.0, 18.0, 22.0, 51.0, 65.0, 209.0, 39.0, 136.0
2718314, yfiF, A->C, nonsynonymous, 999, 999, 999, 999, 999, 999, 999, 999, PASS, 0.0, 100.0, 0.0, 11.0, 0.0, 30.0, 0.0, 19.0, 0.0, 29.0, 0.0, 17.0, 0.0, 172.0, 10.0, 62.0
2803715, nrdF, G->T, nonsynonymous, 999, 999, 999, 999, 999, 999, 999, 999, PASS, 0.0, 100.0, 0.0, 7.0, 0.0, 38.0, 0.0, 25.0, 0.0, 14.0, 0.0, 25.0, 6.0, 111.0, 0.0, 72.0
2804528, nrdF/proV, C->A, intergenic, 999, 999, 999, 999, 999, 999, 999, 999, PASS, 0.0, 100.0, 0.0, 10.0, 0.0, 44.0, 0.0, 37.0, 0.0, 35.0, 0.0, 27.0, 10.0, 191.0, 0.0, 60.0
2804531, nrdF/proV, G->T, intergenic, 999, 999, 999, 999, 999, 999, 999, 999, PASS, 0.0, 100.0, 0.0, 10.0, 0.0, 44.0, 0.0, 36.0, 0.0, 35.0, 0.0, 26.0, 11.0, 188.0, 0.0, 60.0
2817916, argQ/argZ, T->G, intergenic, 999, 999, 999, 999, 999, 999, 999, 999, PASS, 0.0, 100.0, 0.0, 21.0, 0.0, 46.0, 0.0, 39.0, 0.0, 35.0, 0.0, 19.0, 24.0, 161.0, 0.0, 74.0
2817991, argQ/argZ, A->C, intergenic, 999, 999, 999, 999, 999, 999, 999, 999, PASS, 0.0, 100.0, 0.0, 22.0, 0.0, 40.0, 0.0, 39.0, 0.0, 36.0, 0.0, 24.0, 13.0, 153.0, 0.0, 74.0
2818011, argQ/argZ, A->T, intergenic, 999, 999, 999, 999, 999, 999, 999, 999, PASS, 0.0, 100.0, 0.0, 21.0, 0.0, 47.0, 0.0, 36.0, 0.0, 39.0, 0.0, 30.0, 10.0, 176.0, 0.0, 77.0
2818013, argQ/argZ, T->A, intergenic, 999, 999, 999, 999, 999, 999, 999, 999, PASS, 0.0, 100.0, 0.0, 21.0, 0.0, 47.0, 0.0, 36.0, 0.0, 39.0, 0.0, 30.0, 10.0, 175.0, 0.0, 77.0
2818049, argQ/argZ, T->A, intergenic, 999, 999, 999, 999, 999, 999, 999, 999, PASS, 0.0, 100.0, 0.0, 21.0, 0.0, 44.0, 0.0, 45.0, 0.0, 41.0, 0.0, 37.0, 20.0, 209.0, 0.0, 78.0
2818145, argZ/argY, T->C, intergenic, 999, 999, 999, 999, 999, 999, 999, 999, PASS, 0.0, 100.0, 0.0, 22.0, 0.0, 36.0, 0.0, 40.0, 0.0, 33.0, 0.0, 22.0, 11.0, 109.0, 0.0, 41.0
2818158, argZ/argY, T->A, intergenic, 999, 999, 999, 999, 999, 999, 999, 999, PASS, 0.0, 100.0, 0.0, 21.0, 0.0, 30.0, 0.0, 41.0, 0.0, 34.0, 0.0, 21.0, 14.0, 95.0, 0.0, 38.0
2818162, argZ/argY, A->T, intergenic, 999, 999, 999, 999, 999, 999, 999, 999, PASS, 0.0, 100.0, 0.0, 21.0, 0.0, 31.0, 0.0, 47.0, 0.0, 34.0, 0.0, 21.0, 9.0, 87.0, 0.0, 40.0
2857019, ygbA/mutS, MOB_2857019, sv, 999, 999, 999, 999, 999, 999, 999, 999, PASS, 0.0, 100.0, 0.0, 7.0, 0.0, 37.0, 0.0, 31.0, 0.0, 19.0, 0.0, 33.0, 0.0, 209.0, 0.0, 4.0
2867589, rpoS/nlpD, MOB_2867589, sv, 999, 999, 999, 999, 999, 999, 999, 999, PASS, 0.0, 100.0, 5.0, 5.0, 0.0, 35.0, 0.0, 31.0, 0.0, 28.0, 0.0, 37.0, 0.0, 240.0, 0.0, 118.0
2867609, [nlpD], indel;-90, indel, 999, 999, 999, 999, 999, 999, 999, 999, PASS, 0.0, 100.0, 0.0, 9.0, 12.0, 13.0, 13.0, 13.0, 7.0, 9.0, 10.0, 12.0, 70.0, 83.0, 35.0, 40.0
2928175, ygdH/sdaC, MOB_2928175, sv, 999, 999, 999, 999, 999, 999, 999, 999, PASS, 0.0, 100.0, 0.0, 15.0, 0.0, 48.0, 0.0, 49.0, 0.0, 59.0, 0.0, 49.0, 0.0, 432.0, 1.0, 8.0
2931918, fucO, G->T, nonsynonymous, 999, 999, 999, 999, 999, 999, 999, 999, PASS, 0.0, 100.0, 0.0, 11.0, 0.0, 38.0, 0.0, 15.0, 0.0, 30.0, 9.0, 29.0, 95.0, 202.0, 66.0, 134.0
2949019, amiC/argA, C->A, intergenic, 999, 999, 999, 999, 999, 999, 999, 999, PASS, 0.0, 100.0, 0.0, 14.0, 0.0, 36.0, 0.0, 28.0, 0.0, 31.0, 0.0, 24.0, 0.0, 265.0, 7.0, 126.0
2970741, ygdQ, C->A, nonsynonymous, 999, 999, 999, 999, 999, 999, 999, 999, PASS, 0.0, 100.0, 0.0, 13.0, 0.0, 45.0, 0.0, 25.0, 0.0, 22.0, 0.0, 22.0, 0.0, 226.0, 6.0, 96.0
2986089, yqeG, MOB_2986089, sv, 999, 999, 999, 999, 999, 999, 999, 999, PASS, 0.0, 100.0, 0.0, 26.0, 0.0, 47.0, 0.0, 56.0, 0.0, 52.0, 0.0, 46.0, 2.0, 18.0, 0.0, 148.0
2986566, yqeG, MOB_2986566, sv, 999, 999, 999, 999, 999, 999, 999, 999, PASS, 0.0, 100.0, 0.0, 16.0, 0.0, 47.0, 0.0, 51.0, 0.0, 24.0, 0.0, 37.0, 0.0, 348.0, 3.0, 10.0
3035546, prfB, T->A, nonsynonymous, 999, 999, 999, 999, 999, 999, 999, 999, PASS, 0.0, 100.0, 0.0, 9.0, 0.0, 40.0, 0.0, 29.0, 0.0, 7.0, 12.0, 37.0, 60.0, 143.0, 73.0, 157.0
3039559, xerD, C->A, nonsynonymous, 999, 999, 999, 999, 999, 999, 999, 999, PASS, 0.0, 100.0, 0.0, 4.0, 0.0, 36.0, 0.0, 26.0, 0.0, 26.0, 0.0, 46.0, 10.0, 114.0, 0.0, 95.0
3044521, bglA, G->T, nonsynonymous, 999, 999, 999, 999, 999, 999, 999, 999, PASS, 0.0, 100.0, 0.0, 10.0, 0.0, 47.0, 0.0, 34.0, 0.0, 16.0, 0.0, 34.0, 0.0, 128.0, 10.0, 102.0
3054146, pepP, G->T, nonsynonymous, 999, 999, 999, 999, 999, 999, 999, 999, PASS, 0.0, 100.0, 0.0, 3.0, 0.0, 27.0, 0.0, 25.0, 0.0, 10.0, 0.0, 32.0, 18.0, 102.0, 0.0, 90.0
3107939, speC, C->A, nonsynonymous, 999, 999, 999, 999, 999, 999, 999, 999, PASS, 0.0, 100.0, 0.0, 8.0, 0.0, 31.0, 0.0, 34.0, 0.0, 15.0, 0.0, 43.0, 0.0, 114.0, 8.0, 108.0
3121169, glcA, C->A, synonymous, 999, 999, 999, 999, 999, 999, 999, 999, PASS, 0.0, 100.0, 0.0, 13.0, 0.0, 61.0, 0.0, 53.0, 0.0, 56.0, 0.0, 51.0, 0.0, 379.0, 11.0, 149.0
3133302, yghS, T->C, nonsynonymous, 999, 999, 999, 999, 999, 999, 999, 999, PASS, 0.0, 100.0, 0.0, 8.0, 0.0, 31.0, 0.0, 33.0, 4.0, 24.0, 0.0, 46.0, 0.0, 170.0, 0.0, 101.0
3143980, hybB, C->A, nonsynonymous, 999, 999, 999, 999, 999, 999, 999, 999, PASS, 0.0, 100.0, 0.0, 14.0, 0.0, 35.0, 0.0, 33.0, 0.0, 24.0, 0.0, 32.0, 0.0, 109.0, 14.0, 176.0
3175029, parE, G->T, nonsense, 999, 999, 999, 999, 999, 999, 999, 999, PASS, 0.0, 100.0, 0.0, 8.0, 0.0, 35.0, 0.0, 34.0, 0.0, 12.0, 0.0, 29.0, 12.0, 172.0, 0.0, 126.0
3176309, cpdA, G->T, synonymous, 999, 999, 999, 999, 999, 999, 999, 999, PASS, 0.0, 100.0, 0.0, 11.0, 0.0, 45.0, 0.0, 40.0, 0.0, 27.0, 0.0, 44.0, 8.0, 155.0, 0.0, 160.0
3176335, cpdA, G->A, nonsynonymous, 999, 999, 999, 999, 999, 999, 999, 999, PASS, 0.0, 100.0, 0.0, 10.0, 0.0, 44.0, 0.0, 35.0, 0.0, 20.0, 0.0, 40.0, 9.0, 168.0, 0.0, 158.0
3176353, cpdA, indel;-3, indel, 999, 999, 999, 999, 999, 999, 999, 999, PASS, 0.0, 100.0, 0.0, 13.0, 0.0, 50.0, 0.0, 42.0, 0.0, 18.0, 0.0, 42.0, 0.0, 190.0, 2.0, 11.0
3192141, glgS/yqiJ, A->G, intergenic, 999, 999, 999, 999, 999, 999, 999, 999, PASS, 0.0, 100.0, 0.0, 7.0, 0.0, 67.0, 0.0, 56.0, 0.0, 45.0, 0.0, 47.0, 28.0, 444.0, 0.0, 141.0
3194702, yqiK/ibsD, T->G, intergenic, 999, 999, 999, 999, 999, 999, 999, 999, PASS, 0.0, 100.0, 0.0, 11.0, 0.0, 44.0, 0.0, 46.0, 0.0, 22.0, 0.0, 22.0, 10.0, 175.0, 0.0, 85.0
3195189, ibsE, C->G, nonsynonymous, 999, 999, 999, 999, 999, 999, 999, 999, PASS, 0.0, 100.0, 0.0, 14.0, 0.0, 36.0, 0.0, 31.0, 0.0, 31.0, 0.0, 37.0, 11.0, 200.0, 0.0, 134.0
3195197, ibsE, C->T, synonymous, 999, 999, 999, 999, 999, 999, 999, 999, PASS, 0.0, 100.0, 0.0, 15.0, 0.0, 37.0, 0.0, 32.0, 0.0, 32.0, 0.0, 39.0, 14.0, 208.0, 0.0, 133.0
3195203, ibsE/hldE, A->G, intergenic, 999, 999, 999, 999, 999, 999, 999, 999, PASS, 0.0, 100.0, 0.0, 15.0, 0.0, 37.0, 0.0, 34.0, 0.0, 32.0, 0.0, 38.0, 14.0, 205.0, 0.0, 116.0
3195205, ibsE/hldE, T->C, intergenic, 999, 999, 999, 999, 999, 999, 999, 999, PASS, 0.0, 100.0, 0.0, 15.0, 0.0, 37.0, 0.0, 34.0, 0.0, 33.0, 0.0, 38.0, 15.0, 207.0, 0.0, 116.0
3195206, ibsE/hldE, C->A, intergenic, 999, 999, 999, 999, 999, 999, 999, 999, PASS, 0.0, 100.0, 0.0, 15.0, 0.0, 37.0, 0.0, 32.0, 0.0, 32.0, 0.0, 38.0, 16.0, 207.0, 0.0, 115.0
3199337, glnE, G->T, nonsynonymous, 999, 999, 999, 999, 999, 999, 999, 999, PASS, 0.0, 100.0, 0.0, 8.0, 0.0, 36.0, 0.0, 25.0, 0.0, 16.0, 0.0, 41.0, 0.0, 137.0, 7.0, 121.0
3229047, ygjK, C->A, nonsynonymous, 999, 999, 999, 999, 999, 999, 999, 999, PASS, 0.0, 100.0, 0.0, 11.0, 0.0, 28.0, 0.0, 25.0, 0.0, 20.0, 0.0, 39.0, 0.0, 168.0, 6.0, 99.0
3229626, ygjK, C->A, nonsynonymous, 999, 999, 999, 999, 999, 999, 999, 999, PASS, 0.0, 100.0, 0.0, 4.0, 0.0, 31.0, 0.0, 25.0, 0.0, 25.0, 0.0, 26.0, 12.0, 87.0, 0.0, 61.0
3247486, exuR/yqjA, indel;+A, indel, 999, 999, 999, 999, 999, 999, 999, 999, PASS, 0.0, 100.0, 0.0, 12.0, 0.0, 30.0, 0.0, 40.0, 0.0, 19.0, 6.0, 23.0, 64.0, 183.0, 26.0, 98.0
3251392, yqjG, C->A, synonymous, 999, 999, 999, 999, 999, 999, 999, 999, PASS, 0.0, 100.0, 0.0, 11.0, 0.0, 34.0, 0.0, 21.0, 0.0, 23.0, 0.0, 42.0, 18.0, 129.0, 0.0, 115.0
3264101, tdcC, MOB_3264101, sv, 999, 999, 999, 999, 999, 999, 999, 999, PASS, 0.0, 100.0, 0.0, 12.0, 0.0, 42.0, 0.0, 35.0, 0.0, 32.0, 3.0, 7.0, 30.0, 58.0, 14.0, 29.0
3266225, tdcA, MOB_3266225, sv, 999, 999, 999, 999, 999, 999, 999, 999, PASS, 0.0, 100.0, 0.0, 12.0, 0.0, 60.0, 0.0, 42.0, 0.0, 58.0, 1.0, 3.0, 2.0, 16.0, 1.0, 9.0
3266346, tdcA, MOB_3266346, sv, 999, 999, 999, 999, 999, 999, 999, 999, PASS, 0.0, 100.0, 0.0, 9.0, 0.0, 55.0, 0.0, 38.0, 0.0, 2.0, 0.0, 28.0, 0.0, 373.0, 0.0, 151.0
3267131, tdcA/tdcR, T->C, intergenic, 999, 999, 999, 999, 999, 999, 999, 999, PASS, 0.0, 100.0, 0.0, 8.0, 0.0, 47.0, 0.0, 37.0, 0.0, 33.0, 0.0, 16.0, 0.0, 363.0, 10.0, 105.0
3269910, yhaC/garK, G->T, intergenic, 999, 999, 999, 999, 999, 999, 999, 999, PASS, 0.0, 100.0, 0.0, 11.0, 0.0, 46.0, 0.0, 45.0, 0.0, 37.0, 0.0, 22.0, 29.0, 260.0, 0.0, 80.0
3269926, yhaC/garK, C->A, intergenic, 999, 999, 999, 999, 999, 999, 999, 999, PASS, 0.0, 100.0, 0.0, 8.0, 0.0, 35.0, 0.0, 42.0, 0.0, 30.0, 0.0, 18.0, 27.0, 185.0, 0.0, 59.0
3269937, yhaC/garK, C->A, intergenic, 999, 999, 999, 999, 999, 999, 999, 999, PASS, 0.0, 100.0, 0.0, 7.0, 0.0, 33.0, 0.0, 42.0, 0.0, 30.0, 0.0, 18.0, 27.0, 162.0, 0.0, 53.0
3269939, yhaC/garK, T->A, intergenic, 999, 999, 999, 999, 999, 999, 999, 999, PASS, 0.0, 100.0, 0.0, 6.0, 0.0, 32.0, 0.0, 41.0, 0.0, 30.0, 0.0, 17.0, 18.0, 156.0, 0.0, 46.0
3269946, yhaC/garK, C->A, intergenic, 999, 999, 999, 999, 999, 999, 999, 999, PASS, 0.0, 100.0, 0.0, 5.0, 0.0, 29.0, 0.0, 39.0, 0.0, 28.0, 0.0, 17.0, 0.0, 155.0, 12.0, 35.0
3269950, yhaC/garK, C->A, intergenic, 999, 999, 999, 999, 999, 999, 999, 999, PASS, 0.0, 100.0, 0.0, 4.0, 0.0, 29.0, 0.0, 37.0, 0.0, 29.0, 0.0, 16.0, 27.0, 148.0, 0.0, 40.0
3269956, yhaC/garK, T->A, intergenic, 999, 999, 999, 999, 999, 999, 999, 999, PASS, 0.0, 100.0, 0.0, 4.0, 0.0, 31.0, 0.0, 37.0, 0.0, 31.0, 0.0, 16.0, 20.0, 150.0, 0.0, 41.0
3269988, yhaC/garK, A->T, intergenic, 999, 999, 999, 999, 999, 999, 999, 999, PASS, 0.0, 100.0, 0.0, 3.0, 0.0, 31.0, 0.0, 34.0, 0.0, 30.0, 0.0, 15.0, 20.0, 128.0, 0.0, 49.0
3270143, yhaC/garK, C->T, intergenic, 999, 999, 999, 999, 999, 999, 999, 999, PASS, 0.0, 100.0, 0.0, 6.0, 0.0, 28.0, 0.0, 42.0, 0.0, 26.0, 0.0, 14.0, 11.0, 66.0, 0.0, 58.0
3270174, yhaC/garK, T->A, intergenic, 999, 999, 999, 999, 999, 999, 999, 999, PASS, 0.0, 100.0, 0.0, 8.0, 0.0, 31.0, 0.0, 41.0, 0.0, 25.0, 0.0, 21.0, 18.0, 135.0, 0.0, 95.0
3305073, mtr, C->A, nonsynonymous, 999, 999, 999, 999, 999, 999, 999, 999, PASS, 0.0, 100.0, 0.0, 11.0, 0.0, 34.0, 0.0, 27.0, 0.0, 23.0, 0.0, 49.0, 11.0, 191.0, 0.0, 136.0
3315406, infB, indel;-21, indel, 999, 999, 999, 999, 999, 999, 999, 999, PASS, 0.0, 100.0, 0.0, 9.0, 0.0, 20.0, 0.0, 22.0, 0.0, 10.0, 0.0, 13.0, 8.0, 24.0, 2.0, 8.0
3324112, folP, C->A, nonsynonymous, 999, 999, 999, 999, 999, 999, 999, 999, PASS, 0.0, 100.0, 0.0, 3.0, 0.0, 34.0, 0.0, 52.0, 0.0, 19.0, 0.0, 40.0, 0.0, 222.0, 7.0, 104.0
3324356, folP, G->T, nonsynonymous, 999, 999, 999, 999, 999, 999, 999, 999, PASS, 0.0, 100.0, 0.0, 9.0, 0.0, 39.0, 0.0, 35.0, 0.0, 32.0, 0.0, 39.0, 0.0, 213.0, 6.0, 90.0
3336133, murA, G->T, nonsynonymous, 999, 999, 999, 999, 999, 999, 999, 999, PASS, 0.0, 100.0, 0.0, 6.0, 0.0, 38.0, 0.0, 27.0, 0.0, 23.0, 0.0, 30.0, 9.0, 112.0, 0.0, 94.0
3355698, gltB, T->C, nonsynonymous, 999, 999, 999, 999, 999, 999, 999, 999, PASS, 0.0, 100.0, 0.0, 6.0, 0.0, 31.0, 0.0, 40.0, 0.0, 19.0, 4.0, 43.0, 0.0, 190.0, 0.0, 121.0
3362934, yhcD, C->A, nonsynonymous, 999, 999, 999, 999, 999, 999, 999, 999, PASS, 0.0, 100.0, 0.0, 15.0, 0.0, 46.0, 0.0, 46.0, 0.0, 36.0, 0.0, 32.0, 24.0, 211.0, 0.0, 90.0
3366956, yhcF, MOB_3366956, sv, 999, 999, 999, 999, 999, 999, 999, 999, PASS, 0.0, 100.0, 0.0, 19.0, 0.0, 61.0, 0.0, 32.0, 0.0, 42.0, 0.0, 37.0, 0.0, 332.0, 1.0, 8.0
3390414, aaeR, T->C, nonsynonymous, 999, 999, 999, 999, 999, 999, 999, 999, PASS, 0.0, 100.0, 0.0, 11.0, 0.0, 45.0, 0.0, 30.0, 0.0, 43.0, 0.0, 39.0, 0.0, 201.0, 23.0, 132.0
3469041, chiA, A->G, synonymous, 999, 999, 999, 999, 999, 999, 999, 999, PASS, 0.0, 100.0, 0.0, 15.0, 0.0, 40.0, 0.0, 60.0, 0.0, 33.0, 5.0, 44.0, 30.0, 229.0, 20.0, 116.0
3469050, chiA, G->A, synonymous, 999, 999, 999, 999, 999, 999, 999, 999, PASS, 0.0, 100.0, 0.0, 15.0, 0.0, 37.0, 0.0, 56.0, 0.0, 33.0, 0.0, 45.0, 42.0, 226.0, 22.0, 107.0
3469053, chiA, T->G, nonsynonymous, 999, 999, 999, 999, 999, 999, 999, 999, PASS, 0.0, 100.0, 0.0, 15.0, 0.0, 36.0, 0.0, 55.0, 0.0, 35.0, 0.0, 45.0, 30.0, 219.0, 20.0, 104.0
3469054, chiA, T->C, nonsynonymous, 999, 999, 999, 999, 999, 999, 999, 999, PASS, 0.0, 100.0, 0.0, 15.0, 0.0, 36.0, 0.0, 54.0, 0.0, 35.0, 0.0, 45.0, 28.0, 219.0, 17.0, 104.0
3469065, chiA, G->A, synonymous, 999, 999, 999, 999, 999, 999, 999, 999, PASS, 0.0, 100.0, 0.0, 15.0, 0.0, 35.0, 0.0, 51.0, 0.0, 36.0, 0.0, 47.0, 34.0, 227.0, 17.0, 111.0
3469068, chiA, T->C, synonymous, 999, 999, 999, 999, 999, 999, 999, 999, PASS, 0.0, 100.0, 0.0, 15.0, 0.0, 35.0, 0.0, 52.0, 0.0, 37.0, 0.0, 46.0, 31.0, 227.0, 16.0, 108.0
3469071, chiA, G->A, synonymous, 999, 999, 999, 999, 999, 999, 999, 999, PASS, 0.0, 100.0, 0.0, 15.0, 0.0, 35.0, 0.0, 52.0, 0.0, 36.0, 0.0, 47.0, 32.0, 225.0, 17.0, 109.0
3469074, chiA, A->G, synonymous, 999, 999, 999, 999, 999, 999, 999, 999, PASS, 0.0, 100.0, 0.0, 15.0, 0.0, 34.0, 0.0, 52.0, 0.0, 36.0, 6.0, 47.0, 33.0, 224.0, 15.0, 112.0
3469077, chiA, T->A, synonymous, 999, 999, 999, 999, 999, 999, 999, 999, PASS, 0.0, 100.0, 0.0, 14.0, 0.0, 33.0, 0.0, 52.0, 0.0, 35.0, 0.0, 47.0, 23.0, 218.0, 10.0, 106.0
3469079, chiA, C->A, nonsynonymous, 999, 999, 999, 999, 999, 999, 999, 999, PASS, 0.0, 100.0, 0.0, 14.0, 0.0, 33.0, 0.0, 52.0, 0.0, 35.0, 7.0, 46.0, 40.0, 218.0, 15.0, 103.0
3469080, chiA, C->A, synonymous, 999, 999, 999, 999, 999, 999, 999, 999, PASS, 0.0, 100.0, 0.0, 13.0, 0.0, 33.0, 0.0, 52.0, 0.0, 35.0, 6.0, 44.0, 34.0, 211.0, 15.0, 100.0
3469082, chiA, C->A, nonsynonymous, 999, 999, 999, 999, 999, 999, 999, 999, PASS, 0.0, 100.0, 0.0, 14.0, 0.0, 33.0, 0.0, 51.0, 0.0, 35.0, 0.0, 46.0, 30.0, 215.0, 11.0, 101.0
3469084, chiA, C->G, nonsynonymous, 999, 999, 999, 999, 999, 999, 999, 999, PASS, 0.0, 100.0, 0.0, 14.0, 0.0, 32.0, 0.0, 50.0, 0.0, 35.0, 8.0, 44.0, 29.0, 218.0, 11.0, 101.0
3469098, chiA, G->A, synonymous, 999, 999, 999, 999, 999, 999, 999, 999, PASS, 0.0, 100.0, 0.0, 13.0, 0.0, 27.0, 0.0, 46.0, 0.0, 33.0, 0.0, 41.0, 15.0, 196.0, 0.0, 98.0
3469308, chiA, C->T, synonymous, 999, 999, 999, 999, 999, 999, 999, 999, PASS, 0.0, 100.0, 0.0, 21.0, 0.0, 36.0, 0.0, 36.0, 0.0, 35.0, 0.0, 30.0, 0.0, 187.0, 7.0, 117.0
3469317, chiA, A->T, synonymous, 999, 999, 999, 999, 999, 999, 999, 999, PASS, 0.0, 100.0, 0.0, 19.0, 0.0, 35.0, 0.0, 37.0, 0.0, 32.0, 0.0, 30.0, 0.0, 189.0, 9.0, 108.0
3469320, chiA, G->C, synonymous, 999, 999, 999, 999, 999, 999, 999, 999, PASS, 0.0, 100.0, 0.0, 19.0, 0.0, 35.0, 0.0, 36.0, 0.0, 31.0, 0.0, 30.0, 0.0, 183.0, 10.0, 106.0
3473612, rpsG, A->C, nonsense, 999, 999, 999, 999, 999, 999, 999, 999, PASS, 0.0, 100.0, 0.0, 13.0, 0.0, 35.0, 11.0, 37.0, 22.0, 37.0, 12.0, 46.0, 135.0, 247.0, 107.0, 189.0
3491728, ppiA, C->A, synonymous, 999, 999, 999, 999, 999, 999, 999, 999, PASS, 0.0, 100.0, 0.0, 4.0, 0.0, 26.0, 0.0, 26.0, 0.0, 20.0, 0.0, 15.0, 14.0, 168.0, 0.0, 78.0
3510357, yhfX, G->T, nonsynonymous, 999, 999, 999, 999, 999, 999, 999, 999, PASS, 0.0, 100.0, 0.0, 11.0, 0.0, 41.0, 0.0, 26.0, 0.0, 27.0, 0.0, 38.0, 8.0, 103.0, 0.0, 125.0
3552734, malP/malT, MOB_3552734, sv, 999, 999, 999, 999, 999, 999, 999, 999, PASS, 0.0, 100.0, 0.0, 7.0, 0.0, 31.0, 0.0, 55.0, 0.0, 42.0, 3.0, 7.0, 13.0, 38.0, 4.0, 14.0
3615873, nikB, G->A, synonymous, 999, 999, 999, 999, 999, 999, 999, 999, PASS, 0.0, 100.0, 0.0, 6.0, 4.0, 25.0, 0.0, 22.0, 0.0, 12.0, 0.0, 51.0, 0.0, 107.0, 0.0, 135.0
3622979, rhsB, MOB_3622979, sv, 999, 999, 999, 999, 999, 999, 999, 999, PASS, 0.0, 100.0, 0.0, 23.0, 0.0, 54.0, 0.0, 56.0, 0.0, 51.0, 0.0, 41.0, 0.0, 332.0, 0.0, 6.0
3648151, dinQ/arsR, G->T, intergenic, 999, 999, 999, 999, 999, 999, 999, 999, PASS, 0.0, 100.0, 0.0, 8.0, 0.0, 58.0, 0.0, 49.0, 0.0, 47.0, 0.0, 29.0, 21.0, 277.0, 0.0, 104.0
3648157, dinQ/arsR, G->A, intergenic, 999, 999, 999, 999, 999, 999, 999, 999, PASS, 0.0, 100.0, 0.0, 8.0, 0.0, 59.0, 0.0, 48.0, 0.0, 51.0, 0.0, 31.0, 18.0, 264.0, 0.0, 108.0
3665783, gadX, MOB_3665783, sv, 999, 999, 999, 999, 999, 999, 999, 999, PASS, 0.0, 100.0, 0.0, 11.0, 0.0, 71.0, 0.0, 54.0, 0.0, 58.0, 1.0, 2.0, 2.0, 19.0, 1.0, 7.0
3682334, dctA, T->G, nonsynonymous, 999, 999, 999, 999, 999, 999, 999, 999, PASS, 0.0, 100.0, 0.0, 17.0, 0.0, 37.0, 0.0, 30.0, 0.0, 23.0, 13.0, 37.0, 53.0, 160.0, 28.0, 117.0
3683472, dctA/yhjK, G->T, intergenic, 999, 999, 999, 999, 999, 999, 999, 999, PASS, 0.0, 100.0, 0.0, 6.0, 7.0, 24.0, 0.0, 38.0, 6.0, 22.0, 9.0, 32.0, 47.0, 192.0, 15.0, 80.0
3686626, bcsC, T->C, nonsynonymous, 999, 999, 999, 999, 999, 999, 999, 999, PASS, 0.0, 100.0, 0.0, 7.0, 0.0, 37.0, 0.0, 31.0, 0.0, 12.0, 0.0, 36.0, 0.0, 114.0, 7.0, 127.0
3691394, bcsB, A->C, nonsynonymous, 999, 999, 999, 999, 999, 999, 999, 999, PASS, 0.0, 100.0, 0.0, 10.0, 0.0, 27.0, 0.0, 34.0, 0.0, 27.0, 0.0, 30.0, 0.0, 182.0, 9.0, 162.0
3697033, bcsE, A->G, synonymous, 999, 999, 999, 999, 999, 999, 999, 999, PASS, 0.0, 100.0, 0.0, 9.0, 0.0, 45.0, 0.0, 32.0, 0.0, 32.0, 0.0, 42.0, 0.0, 221.0, 5.0, 98.0
3708279, dppA/proK, G->T, intergenic, 999, 999, 999, 999, 999, 999, 999, 999, PASS, 0.0, 100.0, 0.0, 8.0, 0.0, 23.0, 0.0, 23.0, 0.0, 27.0, 0.0, 16.0, 20.0, 213.0, 0.0, 85.0
3709388, eptB, MOB_3709388, sv, 999, 999, 999, 999, 999, 999, 999, 999, PASS, 0.0, 100.0, 0.0, 13.0, 0.0, 65.0, 0.0, 39.0, 0.0, 45.0, 0.0, 45.0, 0.0, 246.0, 0.0, 5.0
3727685, yiaB, C->A, nonsynonymous, 999, 999, 999, 999, 999, 999, 999, 999, PASS, 0.0, 100.0, 0.0, 9.0, 4.0, 36.0, 0.0, 45.0, 0.0, 53.0, 0.0, 20.0, 0.0, 326.0, 0.0, 109.0
3750259, sgbE, G->T, synonymous, 999, 999, 999, 999, 999, 999, 999, 999, PASS, 0.0, 100.0, 0.0, 7.0, 0.0, 31.0, 0.0, 33.0, 0.0, 11.0, 0.0, 32.0, 0.0, 112.0, 9.0, 99.0
3781103, lldD/trmL, A->C, intergenic, 999, 999, 999, 999, 999, 999, 999, 999, PASS, 0.0, 100.0, 0.0, 7.0, 0.0, 16.0, 0.0, 35.0, 0.0, 16.0, 0.0, 29.0, 18.0, 162.0, 0.0, 133.0
3807686, waaQ, G->T, nonsynonymous, 999, 999, 999, 999, 999, 999, 999, 999, PASS, 0.0, 100.0, 0.0, 20.0, 0.0, 37.0, 0.0, 46.0, 0.0, 31.0, 0.0, 42.0, 27.0, 267.0, 0.0, 106.0
3814651, slmA, C->T, nonsynonymous, 999, 999, 999, 999, 999, 999, 999, 999, PASS, 0.0, 100.0, 0.0, 13.0, 0.0, 31.0, 0.0, 41.0, 0.0, 21.0, 0.0, 26.0, 0.0, 201.0, 5.0, 97.0
3816908, yicC, T->C, nonsynonymous, 999, 999, 999, 999, 999, 999, 999, 999, PASS, 0.0, 100.0, 0.0, 16.0, 0.0, 32.0, 0.0, 27.0, 0.0, 24.0, 0.0, 36.0, 0.0, 154.0, 14.0, 118.0
3827848, gltS, C->T, nonsynonymous, 999, 999, 999, 999, 999, 999, 999, 999, PASS, 0.0, 100.0, 0.0, 10.0, 0.0, 34.0, 0.0, 32.0, 0.0, 17.0, 0.0, 42.0, 85.0, 186.0, 60.0, 128.0
3828801, gltS/xanP, T->A, intergenic, 999, 999, 999, 999, 999, 999, 999, 999, PASS, 0.0, 100.0, 0.0, 13.0, 19.0, 46.0, 5.0, 30.0, 24.0, 37.0, 7.0, 31.0, 172.0, 347.0, 61.0, 118.0
3847669, uhpC, C->A, nonsynonymous, 999, 999, 999, 999, 999, 999, 999, 999, PASS, 0.0, 100.0, 0.0, 7.0, 0.0, 48.0, 0.0, 26.0, 0.0, 16.0, 0.0, 31.0, 0.0, 139.0, 6.0, 83.0
3856132, yidH, A->G, nonsynonymous, 999, 999, 999, 999, 999, 999, 999, 999, PASS, 0.0, 100.0, 0.0, 8.0, 0.0, 39.0, 0.0, 40.0, 4.0, 33.0, 0.0, 40.0, 0.0, 202.0, 0.0, 108.0
3875759, yidX, G->T, nonsynonymous, 999, 999, 999, 999, 999, 999, 999, 999, PASS, 0.0, 100.0, 0.0, 19.0, 0.0, 45.0, 0.0, 35.0, 0.0, 47.0, 0.0, 29.0, 0.0, 210.0, 7.0, 118.0
3888351, mnmE/tnaC, MOB_3888351, sv, 999, 999, 999, 999, 999, 999, 999, 999, PASS, 0.0, 100.0, 0.0, 12.0, 0.0, 39.0, 2.0, 7.0, 0.0, 45.0, 0.0, 35.0, 0.0, 469.0, 0.0, 2.0
3888626, tnaC/tnaA, MOB_3888626, sv, 999, 999, 999, 999, 999, 999, 999, 999, PASS, 0.0, 100.0, 0.0, 20.0, 0.0, 2.0, 3.0, 6.0, 8.0, 14.0, 1.0, 4.0, 30.0, 72.0, 15.0, 27.0
3888769, tnaA, MOB_3888769, sv, 999, 999, 999, 999, 999, 999, 999, 999, PASS, 0.0, 100.0, 0.0, 13.0, 1.0, 5.0, 0.0, 68.0, 1.0, 4.0, 1.0, 5.0, 17.0, 54.0, 4.0, 15.0
3890035, tnaA, MOB_3890035, sv, 999, 999, 999, 999, 999, 999, 999, 999, PASS, 0.0, 100.0, 0.0, 15.0, 0.0, 45.0, 0.0, 49.0, 0.0, 47.0, 0.0, 40.0, 2.0, 16.0, 2.0, 11.0
3911949, glmS, G->T, nonsynonymous, 999, 999, 999, 999, 999, 999, 999, 999, PASS, 0.0, 100.0, 0.0, 13.0, 0.0, 38.0, 0.0, 35.0, 0.0, 28.0, 0.0, 26.0, 12.0, 203.0, 0.0, 112.0
3914727, glmU, G->T, synonymous, 999, 999, 999, 999, 999, 999, 999, 999, PASS, 0.0, 100.0, 0.0, 7.0, 0.0, 29.0, 0.0, 38.0, 0.0, 20.0, 0.0, 32.0, 0.0, 76.0, 12.0, 98.0
3969959, wzzE, C->T, nonsynonymous, 999, 999, 999, 999, 999, 999, 999, 999, PASS, 0.0, 100.0, 0.0, 7.0, 0.0, 37.0, 0.0, 32.0, 0.0, 18.0, 0.0, 27.0, 21.0, 190.0, 27.0, 140.0
3985678, aslA, C->A, synonymous, 999, 999, 999, 999, 999, 999, 999, 999, PASS, 0.0, 100.0, 0.0, 5.0, 0.0, 44.0, 0.0, 44.0, 0.0, 15.0, 0.0, 35.0, 0.0, 177.0, 7.0, 120.0
4004928, pldA, MOB_4004928, sv, 999, 999, 999, 999, 999, 999, 999, 999, PASS, 0.0, 100.0, 0.0, 26.0, 0.0, 52.0, 0.0, 38.0, 0.0, 44.0, 0.0, 42.0, 0.0, 6.0, 0.0, 129.0
4005078, pldA, MOB_4005078, sv, 999, 999, 999, 999, 999, 999, 999, 999, PASS, 0.0, 100.0, 0.0, 17.0, 0.0, 37.0, 0.0, 38.0, 0.0, 29.0, 0.0, 40.0, 0.0, 252.0, 2.0, 12.0
4005211, pldA, G->A, nonsense, 999, 999, 999, 999, 999, 999, 999, 999, PASS, 0.0, 100.0, 0.0, 17.0, 0.0, 49.0, 0.0, 44.0, 0.0, 22.0, 0.0, 38.0, 0.0, 239.0, 7.0, 124.0
4038726, rrlA, T->G, noncoding, 999, 999, 999, 999, 999, 999, 999, 999, PASS, 0.0, 100.0, 4.0, 8.0, 0.0, 39.0, 0.0, 42.0, 0.0, 19.0, 0.0, 44.0, 0.0, 150.0, 0.0, 155.0
4038738, rrlA, C->T, noncoding, 999, 999, 999, 999, 999, 999, 999, 999, PASS, 0.0, 100.0, 5.0, 9.0, 0.0, 51.0, 0.0, 51.0, 0.0, 28.0, 0.0, 52.0, 0.0, 229.0, 0.0, 231.0
4038742, rrlA, G->A, noncoding, 999, 999, 999, 999, 999, 999, 999, 999, PASS, 0.0, 100.0, 5.0, 9.0, 0.0, 51.0, 0.0, 51.0, 0.0, 29.0, 0.0, 54.0, 0.0, 237.0, 0.0, 243.0
4062554, yihN, G->T, nonsynonymous, 999, 999, 999, 999, 999, 999, 999, 999, PASS, 0.0, 100.0, 0.0, 15.0, 0.0, 43.0, 0.0, 39.0, 0.0, 40.0, 0.0, 41.0, 0.0, 245.0, 6.0, 104.0
4082695, fdoH, T->G, nonsynonymous, 999, 999, 999, 999, 999, 999, 999, 999, PASS, 0.0, 100.0, 0.0, 7.0, 0.0, 32.0, 0.0, 30.0, 0.0, 27.0, 0.0, 19.0, 0.0, 214.0, 21.0, 160.0
4098233, rhaS, G->A, synonymous, 999, 999, 999, 999, 999, 999, 999, 999, PASS, 0.0, 100.0, 0.0, 13.0, 0.0, 49.0, 0.0, 29.0, 0.0, 20.0, 12.0, 35.0, 103.0, 200.0, 47.0, 107.0
4124170, cytR, indel;-64, indel, 999, 999, 999, 999, 999, 999, 999, 999, PASS, 0.0, 100.0, 0.0, 8.0, 0.0, 44.0, 0.0, 36.0, 5.0, 7.0, 0.0, 2.0, 1.0, 11.0, 1.0, 6.0
4124266, cytR, indel;-103, indel, 999, 999, 999, 999, 999, 999, 999, 999, PASS, 0.0, 100.0, 0.0, 11.0, 1.0, 3.0, 0.0, 33.0, 0.0, 24.0, 0.0, 39.0, 0.0, 197.0, 0.0, 96.0
4124414, cytR, C->A, nonsynonymous, 999, 999, 999, 999, 999, 999, 999, 999, PASS, 0.0, 100.0, 0.0, 8.0, 0.0, 35.0, 12.0, 37.0, 0.0, 17.0, 0.0, 36.0, 0.0, 205.0, 10.0, 109.0
4124471, cytR/priA, T->C, intergenic, 999, 999, 999, 999, 999, 999, 999, 999, PASS, 0.0, 100.0, 0.0, 6.0, 0.0, 39.0, 0.0, 38.0, 0.0, 19.0, 6.0, 33.0, 21.0, 188.0, 10.0, 99.0
4127176, rpmE, G->A, nonsynonymous, 999, 999, 999, 999, 999, 999, 999, 999, PASS, 0.0, 100.0, 0.0, 7.0, 0.0, 28.0, 0.0, 28.0, 0.0, 19.0, 0.0, 18.0, 0.0, 165.0, 8.0, 72.0
4132043, metL, C->T, nonsynonymous, 999, 999, 999, 999, 999, 999, 999, 999, PASS, 0.0, 100.0, 0.0, 18.0, 0.0, 28.0, 0.0, 43.0, 0.0, 28.0, 12.0, 30.0, 92.0, 216.0, 54.0, 105.0
4153472, ppc/argE, C->A, intergenic, 999, 999, 999, 999, 999, 999, 999, 999, PASS, 0.0, 100.0, 0.0, 8.0, 0.0, 28.0, 0.0, 25.0, 0.0, 32.0, 0.0, 23.0, 12.0, 222.0, 0.0, 123.0
4204971, purD, C->A, nonsense, 999, 999, 999, 999, 999, 999, 999, 999, PASS, 0.0, 100.0, 0.0, 14.0, 0.0, 26.0, 0.0, 30.0, 0.0, 12.0, 0.0, 27.0, 0.0, 130.0, 6.0, 85.0
4217116, aceA, MOB_4217116, sv, 999, 999, 999, 999, 999, 999, 999, 999, PASS, 0.0, 100.0, 0.0, 10.0, 0.0, 50.0, 0.0, 40.0, 0.0, 26.0, 0.0, 31.0, 13.0, 34.0, 3.0, 14.0
4218966, aceK, MOB_4218966, sv, 999, 999, 999, 999, 999, 999, 999, 999, PASS, 0.0, 100.0, 0.0, 15.0, 0.0, 37.0, 0.0, 29.0, 0.0, 23.0, 0.0, 42.0, 0.0, 180.0, 5.0, 15.0
4220440, arpA, C->A, nonsynonymous, 999, 999, 999, 999, 999, 999, 999, 999, PASS, 0.0, 100.0, 0.0, 6.0, 0.0, 42.0, 0.0, 42.0, 0.0, 30.0, 0.0, 31.0, 0.0, 315.0, 9.0, 121.0
4232560, lysC, C->A, nonsynonymous, 999, 999, 999, 999, 999, 999, 999, 999, PASS, 0.0, 100.0, 0.0, 11.0, 0.0, 32.0, 0.0, 25.0, 0.0, 14.0, 0.0, 44.0, 10.0, 147.0, 0.0, 120.0
4232575, lysC, C->A, nonsynonymous, 999, 999, 999, 999, 999, 999, 999, 999, PASS, 0.0, 100.0, 0.0, 11.0, 0.0, 34.0, 0.0, 29.0, 0.0, 15.0, 0.0, 41.0, 9.0, 154.0, 0.0, 114.0
4237346, yjbG, C->A, nonsynonymous, 999, 999, 999, 999, 999, 999, 999, 999, PASS, 0.0, 100.0, 0.0, 4.0, 4.0, 25.0, 0.0, 25.0, 0.0, 16.0, 0.0, 25.0, 0.0, 153.0, 0.0, 122.0
4245341, malE, G->T, nonsynonymous, 999, 999, 999, 999, 999, 999, 999, 999, PASS, 0.0, 100.0, 0.0, 12.0, 0.0, 32.0, 0.0, 39.0, 0.0, 16.0, 0.0, 42.0, 0.0, 205.0, 7.0, 133.0
4257463, lexA, G->T, nonsynonymous, 999, 999, 999, 999, 999, 999, 999, 999, PASS, 0.0, 100.0, 0.0, 12.0, 0.0, 39.0, 0.0, 38.0, 0.0, 28.0, 0.0, 45.0, 0.0, 204.0, 7.0, 115.0
4261019, yjbM, G->T, nonsynonymous, 999, 999, 999, 999, 999, 999, 999, 999, PASS, 0.0, 100.0, 0.0, 16.0, 0.0, 68.0, 0.0, 56.0, 0.0, 65.0, 0.0, 39.0, 0.0, 565.0, 6.0, 87.0
4266085, alr, G->T, nonsense, 999, 999, 999, 999, 999, 999, 999, 999, PASS, 0.0, 100.0, 0.0, 11.0, 0.0, 24.0, 0.0, 22.0, 0.0, 16.0, 0.0, 28.0, 10.0, 128.0, 0.0, 105.0
4271944, uvrA, C->A, nonsynonymous, 999, 999, 999, 999, 999, 999, 999, 999, PASS, 0.0, 100.0, 0.0, 12.0, 0.0, 23.0, 0.0, 22.0, 0.0, 13.0, 0.0, 20.0, 0.0, 110.0, 11.0, 100.0
4296060, gltP/yjcO, C->T, intergenic, 999, 999, 999, 999, 999, 999, 999, 999, PASS, 0.0, 100.0, 0.0, 8.0, 6.0, 30.0, 9.0, 31.0, 7.0, 27.0, 13.0, 40.0, 32.0, 185.0, 24.0, 159.0
4296100, gltP/yjcO, C->A, intergenic, 999, 999, 999, 999, 999, 999, 999, 999, PASS, 0.0, 100.0, 0.0, 11.0, 0.0, 35.0, 0.0, 36.0, 0.0, 25.0, 0.0, 33.0, 0.0, 232.0, 17.0, 90.0
4306084, yjcS, G->T, nonsynonymous, 999, 999, 999, 999, 999, 999, 999, 999, PASS, 0.0, 100.0, 0.0, 7.0, 0.0, 33.0, 0.0, 25.0, 0.0, 27.0, 0.0, 45.0, 13.0, 159.0, 0.0, 108.0
4306090, yjcS, G->T, nonsynonymous, 999, 999, 999, 999, 999, 999, 999, 999, PASS, 0.0, 100.0, 0.0, 7.0, 0.0, 30.0, 0.0, 24.0, 0.0, 27.0, 0.0, 45.0, 14.0, 158.0, 0.0, 107.0
4327474, crfC, G->T, nonsynonymous, 999, 999, 999, 999, 999, 999, 999, 999, PASS, 0.0, 100.0, 0.0, 4.0, 0.0, 24.0, 0.0, 20.0, 0.0, 20.0, 0.0, 19.0, 14.0, 88.0, 0.0, 42.0
4328964, crfC, C->T, synonymous, 999, 999, 999, 999, 999, 999, 999, 999, PASS, 0.0, 100.0, 0.0, 10.0, 0.0, 37.0, 0.0, 26.0, 0.0, 19.0, 4.0, 35.0, 0.0, 185.0, 0.0, 124.0
4358469, cadA, G->A, nonsynonymous, 999, 999, 999, 999, 999, 999, 999, 999, PASS, 0.0, 100.0, 0.0, 14.0, 0.0, 63.0, 0.0, 36.0, 0.0, 42.0, 8.0, 31.0, 43.0, 359.0, 12.0, 124.0
4360420, cadC, MOB_4360420, sv, 999, 999, 999, 999, 999, 999, 999, 999, PASS, 0.0, 100.0, 0.0, 11.0, 0.0, 55.0, 1.0, 4.0, 0.0, 46.0, 1.0, 3.0, 1.0, 13.0, 1.0, 8.0
4362036, cadC/yjdQ, G->T, intergenic, 999, 999, 999, 999, 999, 999, 999, 999, PASS, 0.0, 100.0, 0.0, 13.0, 0.0, 48.0, 0.0, 46.0, 0.0, 50.0, 11.0, 39.0, 55.0, 463.0, 33.0, 148.0
4392452, glyV/glyX, G->T, intergenic, 999, 999, 999, 999, 999, 999, 999, 999, PASS, 0.0, 100.0, 0.0, 9.0, 0.0, 28.0, 0.0, 28.0, 0.0, 20.0, 0.0, 20.0, 17.0, 99.0, 0.0, 42.0
4392554, glyX/glyY, G->T, intergenic, 999, 999, 999, 999, 999, 999, 999, 999, PASS, 0.0, 100.0, 0.0, 5.0, 0.0, 29.0, 0.0, 31.0, 0.0, 19.0, 0.0, 26.0, 18.0, 101.0, 0.0, 45.0
4392569, glyX/glyY, C->A, intergenic, 999, 999, 999, 999, 999, 999, 999, 999, PASS, 0.0, 100.0, 0.0, 5.0, 0.0, 25.0, 0.0, 29.0, 0.0, 18.0, 0.0, 26.0, 27.0, 117.0, 0.0, 50.0
4394882, nnr, A->C, nonsynonymous, 999, 999, 999, 999, 999, 999, 999, 999, PASS, 0.0, 100.0, 0.0, 2.0, 0.0, 30.0, 0.0, 30.0, 0.0, 11.0, 0.0, 35.0, 15.0, 135.0, 0.0, 132.0
4433260, qorB, A->C, synonymous, 999, 999, 999, 999, 999, 999, 999, 999, PASS, 0.0, 100.0, 0.0, 5.0, 0.0, 41.0, 0.0, 52.0, 0.0, 28.0, 0.0, 55.0, 20.0, 372.0, 0.0, 170.0
4434225, ytfH, T->A, nonsynonymous, 999, 999, 999, 999, 999, 999, 999, 999, PASS, 0.0, 100.0, 0.0, 7.0, 0.0, 59.0, 0.0, 33.0, 0.0, 48.0, 0.0, 60.0, 0.0, 329.0, 9.0, 137.0
4436616, cpdB/cysQ, indel;+C, indel, 999, 999, 999, 999, 999, 999, 999, 999, PASS, 0.0, 100.0, 0.0, 20.0, 0.0, 46.0, 0.0, 57.0, 0.0, 59.0, 0.0, 61.0, 0.0, 556.0, 13.0, 214.0
4436704, cpdB/cysQ, MOB_4436704, sv, 999, 999, 999, 999, 999, 999, 999, 999, PASS, 0.0, 100.0, 0.0, 12.0, 0.0, 41.0, 0.0, 57.0, 0.0, 34.0, 0.0, 69.0, 0.0, 500.0, 0.0, 6.0
4465843, treB, A->T, nonsynonymous, 999, 999, 999, 999, 999, 999, 999, 999, PASS, 0.0, 100.0, 0.0, 11.0, 0.0, 61.0, 0.0, 33.0, 0.0, 21.0, 7.0, 33.0, 21.0, 210.0, 17.0, 145.0
4474078, bdcA/bdcR, A->G, intergenic, 999, 999, 999, 999, 999, 999, 999, 999, PASS, 0.0, 100.0, 0.0, 16.0, 0.0, 52.0, 0.0, 55.0, 0.0, 36.0, 16.0, 34.0, 128.0, 312.0, 52.0, 161.0
4518834, insB1, T->C, pseudogene, 999, 999, 999, 999, 999, 999, 999, 999, PASS, 0.0, 100.0, 0.0, 17.0, 5.0, 80.0, 11.0, 86.0, 0.0, 42.0, 0.0, 61.0, 0.0, 178.0, 24.0, 262.0
4518843, insB1, T->G, pseudogene, 999, 999, 999, 999, 999, 999, 999, 999, PASS, 0.0, 100.0, 0.0, 17.0, 14.0, 87.0, 55.0, 131.0, 0.0, 49.0, 0.0, 78.0, 0.0, 174.0, 26.0, 315.0
4518867, insB1, C->T, pseudogene, 999, 999, 999, 999, 999, 999, 999, 999, PASS, 0.0, 100.0, 0.0, 17.0, 0.0, 99.0, 0.0, 150.0, 5.0, 61.0, 0.0, 82.0, 0.0, 148.0, 19.0, 319.0
4518882, insB1, A->G, pseudogene, 999, 999, 999, 999, 999, 999, 999, 999, PASS, 0.0, 100.0, 0.0, 17.0, 0.0, 103.0, 0.0, 154.0, 4.0, 63.0, 0.0, 83.0, 0.0, 154.0, 0.0, 333.0
4518885, insB1, T->C, pseudogene, 999, 999, 999, 999, 999, 999, 999, 999, PASS, 0.0, 100.0, 0.0, 18.0, 0.0, 102.0, 0.0, 152.0, 4.0, 63.0, 0.0, 81.0, 0.0, 159.0, 0.0, 333.0
4518923, insB1, G->A, pseudogene, 999, 999, 999, 999, 999, 999, 999, 999, PASS, 0.0, 100.0, 0.0, 20.0, 0.0, 107.0, 0.0, 144.0, 4.0, 66.0, 0.0, 80.0, 0.0, 148.0, 0.0, 337.0
4518933, insB1, G->T, pseudogene, 999, 999, 999, 999, 999, 999, 999, 999, PASS, 0.0, 100.0, 0.0, 20.0, 0.0, 109.0, 0.0, 157.0, 4.0, 71.0, 0.0, 85.0, 0.0, 147.0, 0.0, 347.0
4518958, insB1, C->A, pseudogene, 999, 999, 999, 999, 999, 999, 999, 999, PASS, 0.0, 100.0, 0.0, 25.0, 0.0, 112.0, 0.0, 188.0, 8.0, 90.0, 0.0, 106.0, 0.0, 163.0, 23.0, 422.0
4519002, insB1, G->C, pseudogene, 999, 999, 999, 999, 999, 999, 999, 999, PASS, 0.0, 100.0, 0.0, 29.0, 0.0, 106.0, 11.0, 132.0, 0.0, 72.0, 0.0, 73.0, 0.0, 170.0, 0.0, 312.0
4519005, insB1, C->G, pseudogene, 999, 999, 999, 999, 999, 999, 999, 999, PASS, 0.0, 100.0, 0.0, 29.0, 0.0, 105.0, 11.0, 140.0, 0.0, 73.0, 0.0, 79.0, 0.0, 169.0, 0.0, 311.0
4519009, insB1, G->A, pseudogene, 999, 999, 999, 999, 999, 999, 999, 999, PASS, 0.0, 100.0, 0.0, 28.0, 0.0, 101.0, 10.0, 137.0, 4.0, 73.0, 0.0, 81.0, 0.0, 161.0, 19.0, 317.0
4519013, insB1, A->G, pseudogene, 999, 999, 999, 999, 999, 999, 999, 999, PASS, 0.0, 100.0, 0.0, 26.0, 0.0, 101.0, 10.0, 135.0, 0.0, 72.0, 0.0, 83.0, 0.0, 160.0, 19.0, 313.0
4519080, insB1, T->A, pseudogene, 999, 999, 999, 999, 999, 999, 999, 999, PASS, 0.0, 100.0, 0.0, 19.0, 0.0, 117.0, 0.0, 168.0, 0.0, 60.0, 0.0, 86.0, 0.0, 169.0, 36.0, 254.0
4519148, insB1, T->C, pseudogene, 999, 999, 999, 999, 999, 999, 999, 999, PASS, 0.0, 100.0, 0.0, 14.0, 0.0, 86.0, 0.0, 111.0, 0.0, 48.0, 11.0, 62.0, 0.0, 204.0, 0.0, 175.0
4519149, insB1, A->G, pseudogene, 999, 999, 999, 999, 999, 999, 999, 999, PASS, 0.0, 100.0, 0.0, 14.0, 0.0, 86.0, 0.0, 111.0, 0.0, 48.0, 11.0, 63.0, 0.0, 205.0, 0.0, 175.0
4519174, insB1, T->C, pseudogene, 999, 999, 999, 999, 999, 999, 999, 999, PASS, 0.0, 100.0, 0.0, 20.0, 6.0, 89.0, 12.0, 119.0, 0.0, 52.0, 5.0, 56.0, 0.0, 227.0, 0.0, 171.0
4519185, insB1, G->A, pseudogene, 999, 999, 999, 999, 999, 999, 999, 999, PASS, 0.0, 100.0, 0.0, 19.0, 6.0, 87.0, 12.0, 117.0, 0.0, 49.0, 5.0, 55.0, 0.0, 225.0, 0.0, 172.0
4519221, insB1, G->A, pseudogene, 999, 999, 999, 999, 999, 999, 999, 999, PASS, 0.0, 100.0, 0.0, 17.0, 6.0, 73.0, 14.0, 94.0, 5.0, 41.0, 0.0, 44.0, 0.0, 211.0, 0.0, 125.0
4529197, sgcC, C->T, synonymous, 999, 999, 999, 999, 999, 999, 999, 999, PASS, 0.0, 100.0, 0.0, 9.0, 0.0, 62.0, 0.0, 30.0, 0.0, 21.0, 0.0, 11.0, 0.0, 32.0, 12.0, 19.0
4542483, fimE, MOB_4542483, sv, 999, 999, 999, 999, 999, 999, 999, 999, PASS, 0.0, 100.0, 0.0, 9.0, 22.0, 22.0, 23.0, 26.0, 17.0, 19.0, 0.0, 5.0, 0.0, 50.0, 23.0, 30.0
4542763, fimE/fimA, MOB_4542763, sv, 999, 999, 999, 999, 999, 999, 999, 999, PASS, 0.0, 100.0, 0.0, 10.0, 0.0, 47.0, 0.0, 66.0, 0.0, 42.0, 0.0, 30.0, 2.0, 16.0, 4.0, 8.0
4542831, fimE/fimA, MOB_4542831, sv, 999, 999, 999, 999, 999, 999, 999, 999, PASS, 0.0, 100.0, 4.0, 5.0, 0.0, 41.0, 0.0, 56.0, 0.0, 43.0, 0.0, 30.0, 0.0, 513.0, 0.0, 71.0
4545071, fimC/fimD, C->T, intergenic, 999, 999, 999, 999, 999, 999, 999, 999, PASS, 0.0, 100.0, 0.0, 2.0, 46.0, 52.0, 41.0, 45.0, 47.0, 55.0, 33.0, 51.0, 311.0, 351.0, 57.0, 69.0
4549198, fimH, A->C, nonsynonymous, 999, 999, 999, 999, 999, 999, 999, 999, PASS, 0.0, 100.0, 0.0, 9.0, 0.0, 55.0, 0.0, 42.0, 0.0, 38.0, 14.0, 59.0, 132.0, 437.0, 68.0, 173.0
4549211, fimH, indel;-15, indel, 999, 999, 999, 999, 999, 999, 999, 999, PASS, 0.0, 100.0, 0.0, 9.0, 0.0, 53.0, 0.0, 43.0, 0.0, 36.0, 0.0, 58.0, 1.0, 11.0, 0.0, 161.0
4589645, yjiY, A->C, synonymous, 999, 999, 999, 999, 999, 999, 999, 999, PASS, 0.0, 100.0, 0.0, 6.0, 0.0, 36.0, 0.0, 42.0, 0.0, 32.0, 0.0, 75.0, 15.0, 214.0, 0.0, 251.0
4606182, leuV/leuP, T->A, intergenic, 999, 999, 999, 999, 999, 999, 999, 999, PASS, 0.0, 100.0, 0.0, 7.0, 0.0, 36.0, 0.0, 34.0, 0.0, 17.0, 0.0, 17.0, 11.0, 83.0, 0.0, 32.0
4606297, leuP/leuQ, C->A, intergenic, 999, 999, 999, 999, 999, 999, 999, 999, PASS, 0.0, 100.0, 0.0, 9.0, 0.0, 29.0, 0.0, 30.0, 0.0, 19.0, 0.0, 21.0, 14.0, 55.0, 0.0, 31.0
4606303, leuP/leuQ, C->A, intergenic, 999, 999, 999, 999, 999, 999, 999, 999, PASS, 0.0, 100.0, 0.0, 8.0, 0.0, 31.0, 0.0, 29.0, 0.0, 18.0, 0.0, 21.0, 11.0, 57.0, 0.0, 33.0
