0, 660, 990, 1320, 1650, 1980, 2310, 2640, 2970
0.001, 0.377600797785, 0.75420159557, 0.627041119103, 0.686069622592, 0.847288965792, 0.757421233906, 0.815490518966, 0.720777901206
0.001, 0.123399202215, 0.24579840443, 0.185280446105, 0.123388822161, 0.152711034208, 0.242578766094, 0.184509481034, 0.279222098794
1736.0, 1696.0, 1537.0, 1426.0, 1087.0, 920.0, 709.0, 189.0, 0.0
0.0, 40.0, 188.0, 230.0, 516.0, 405.0, 484.0, 841.0, 673.0
0.0, 0.0, 11.0, 70.0, 120.0, 372.0, 484.0, 604.0, 921.0
0.0, 0.0, 0.0, 0.0, 0.0, 21.0, 21.0, 21.0, 21.0
0.0, 0.0, 0.0, 5.0, 8.0, 12.0, 29.0, 35.0, 45.0
0.0, 0.0, 0.0, 5.0, 5.0, 6.0, 9.0, 46.0, 76.0
0, 0, 6, 6, 6, 6, 6, 6, 6
0, 0, 6, 6, 6, 6, 6, 6, 6
0, 5, 5, 5, 5, 2, 2, 2, 2
0, 0, 0, 0, 6, 6, 6, 6, 6
0, 0, 0, 0, 0, 0, 6, 6, 6
0, 0, 6, 3, 3, 3, 3, 3, 3
0, 0, 0, 0, 7, 1, 1, 1, 1
0, 0, 0, 7, 1, 1, 1, 1, 1
0, 0, 0, 0, 0, 0, 0, 6, 6
0, 0, 0, 0, 6, 6, 6, 6, 6
0, 0, 0, 0, 0, 0, 0, 0, 6
0, 0, 0, 0, 7, 1, 1, 1, 1
0, 0, 0, 0, 0, 6, 6, 6, 6
0, 0, 0, 0, 6, 6, 6, 6, 6
0, 0, 0, 7, 7, 7, 7, 1, 1
0, 0, 0, 0, 0, 0, 0, 0, 6
0, 0, 0, 0, 6, 1, 1, 1, 1
0, 0, 0, 7, 7, 7, 7, 4, 4
0, 0, 0, 0, 0, 7, 1, 1, 1
0, 0, 0, 0, 6, 1, 1, 1, 1
0, 0, 7, 1, 1, 1, 1, 1, 1
0, 0, 0, 0, 0, 0, 0, 0, 6
0, 0, 0, 0, 7, 7, 7, 1, 1
0, 0, 0, 0, 0, 7, 1, 1, 1
0, 0, 0, 0, 7, 4, 4, 4, 4
0, 0, 0, 0, 0, 0, 0, 6, 6
0, 0, 0, 0, 0, 0, 0, 6, 6
0, 0, 0, 0, 0, 6, 6, 6, 6
0, 0, 0, 0, 0, 0, 0, 6, 6
0, 5, 1, 0, 6, 3, 3, 3, 3
0, 0, 0, 0, 0, 0, 0, 0, 5
0, 0, 0, 0, 0, 0, 0, 0, 6
0, 0, 0, 0, 0, 0, 0, 0, 6
0, 0, 0, 0, 0, 0, 0, 0, 6
0, 0, 0, 0, 7, 1, 1, 1, 1
0, 0, 0, 0, 0, 0, 7, 1, 1
0, 0, 6, 6, 6, 6, 6, 6, 6
0, 0, 0, 0, 0, 0, 0, 0, 6
0, 0, 0, 0, 0, 0, 0, 7, 1
0, 0, 0, 0, 0, 0, 0, 7, 1
0, 0, 0, 0, 0, 0, 0, 7, 1
0, 0, 0, 0, 0, 0, 0, 7, 1
0, 0, 0, 0, 0, 0, 0, 7, 1
0, 0, 0, 0, 0, 0, 0, 7, 1
0, 0, 0, 0, 0, 0, 0, 7, 1
0, 0, 0, 0, 0, 0, 0, 7, 1
0, 0, 0, 0, 0, 0, 0, 7, 1
0, 0, 0, 0, 0, 0, 0, 7, 1
0, 0, 0, 0, 0, 0, 0, 6, 1
0, 0, 0, 0, 0, 0, 0, 7, 1
0, 0, 0, 0, 0, 0, 0, 7, 1
0, 0, 0, 0, 0, 0, 0, 7, 1
0, 0, 0, 0, 0, 0, 0, 7, 1
0, 5, 5, 5, 5, 2, 2, 2, 2
0, 0, 0, 0, 0, 0, 0, 6, 6
0, 0, 0, 0, 0, 0, 0, 6, 1
0, 0, 0, 0, 0, 0, 0, 6, 6
0, 0, 0, 0, 0, 0, 0, 6, 6
0, 0, 0, 0, 0, 0, 0, 7, 4
0, 0, 0, 0, 0, 0, 6, 6, 1
0, 0, 0, 0, 0, 0, 0, 6, 6
0, 0, 7, 1, 1, 1, 1, 1, 1
0, 0, 0, 0, 0, 0, 6, 6, 6
0, 0, 0, 0, 7, 1, 1, 1, 1
0, 0, 0, 0, 0, 0, 6, 1, 1
0, 0, 0, 7, 7, 1, 1, 1, 1
0, 0, 0, 6, 6, 1, 1, 1, 1
0, 0, 0, 0, 0, 0, 0, 7, 1
0, 0, 0, 0, 0, 0, 0, 7, 1
0, 0, 0, 0, 0, 0, 0, 7, 1
0, 0, 0, 0, 0, 0, 0, 0, 6
0, 0, 0, 0, 0, 0, 0, 5, 1
0, 0, 0, 0, 6, 1, 1, 1, 1
0, 0, 0, 0, 6, 1, 1, 1, 1
0, 0, 0, 0, 6, 1, 1, 1, 1
0, 0, 0, 0, 0, 0, 0, 6, 6
0, 0, 0, 0, 0, 7, 1, 1, 1
0, 0, 0, 0, 6, 6, 6, 6, 6
0, 0, 0, 0, 0, 0, 0, 7, 1
0, 0, 0, 0, 0, 6, 6, 6, 1
0, 0, 7, 1, 1, 1, 1, 1, 1
0, 0, 0, 0, 0, 0, 0, 6, 1
0, 0, 0, 0, 7, 1, 1, 1, 1
0, 0, 0, 0, 0, 0, 0, 6, 6
0, 0, 0, 0, 0, 7, 1, 1, 1
0, 0, 6, 6, 6, 6, 6, 6, 6
0, 0, 0, 0, 7, 1, 1, 1, 1
0, 0, 0, 0, 6, 1, 1, 1, 1
0, 0, 0, 7, 1, 1, 1, 1, 1
0, 0, 0, 0, 0, 0, 0, 7, 1
0, 0, 0, 0, 0, 0, 0, 7, 1
0, 0, 0, 0, 7, 1, 1, 1, 1
0, 0, 0, 0, 0, 0, 6, 6, 1
0, 0, 0, 0, 7, 1, 1, 1, 1
0, 0, 0, 0, 0, 0, 0, 7, 4
0, 0, 0, 0, 0, 0, 7, 1, 1
0, 0, 0, 0, 6, 1, 1, 1, 1
0, 0, 0, 0, 0, 0, 0, 6, 6
0, 0, 0, 0, 0, 6, 6, 6, 6
0, 0, 0, 0, 0, 0, 6, 6, 6
0, 0, 0, 7, 1, 1, 1, 1, 1
0, 0, 0, 7, 1, 1, 1, 1, 1
0, 0, 0, 7, 1, 1, 1, 1, 1
0, 0, 7, 7, 7, 7, 7, 7, 1
0, 0, 7, 7, 7, 7, 7, 4, 4
0, 0, 7, 7, 7, 7, 7, 4, 4
0, 0, 7, 7, 7, 7, 7, 4, 4
0, 0, 0, 0, 0, 0, 0, 0, 6
0, 0, 7, 7, 1, 1, 1, 1, 1
0, 0, 0, 0, 0, 0, 0, 0, 6
0, 0, 0, 6, 6, 6, 6, 6, 6
0, 0, 0, 0, 0, 0, 0, 6, 6
0, 0, 6, 6, 3, 3, 3, 3, 3
0, 0, 7, 1, 1, 1, 1, 1, 1
0, 0, 0, 0, 0, 0, 6, 6, 6
0, 0, 0, 0, 0, 7, 1, 1, 1
0, 0, 0, 0, 0, 0, 6, 6, 6
0, 0, 0, 0, 0, 7, 1, 1, 1
0, 0, 0, 0, 0, 7, 1, 1, 1
0, 0, 0, 0, 0, 0, 7, 1, 1
0, 0, 0, 0, 7, 1, 1, 1, 1
0, 0, 0, 0, 0, 7, 1, 1, 1
0, 0, 0, 0, 7, 7, 7, 1, 1
0, 0, 0, 0, 7, 1, 1, 1, 1
0, 0, 0, 0, 6, 1, 1, 1, 1
0, 0, 0, 0, 7, 1, 1, 1, 1
0, 0, 0, 0, 0, 0, 0, 6, 3
0, 0, 0, 0, 0, 0, 0, 0, 5
0, 0, 0, 0, 0, 7, 1, 1, 1
0, 0, 0, 0, 0, 0, 7, 1, 1
0, 0, 0, 0, 0, 0, 0, 0, 6
0, 0, 0, 0, 0, 0, 6, 6, 6
0, 0, 0, 0, 0, 0, 0, 6, 6
0, 0, 0, 0, 6, 1, 1, 1, 1
0, 0, 0, 0, 7, 1, 1, 1, 1
0, 0, 0, 0, 0, 0, 0, 6, 6
0, 0, 0, 0, 0, 0, 0, 7, 4
0, 0, 0, 0, 0, 0, 0, 0, 6
0, 0, 0, 0, 0, 0, 0, 6, 6
0, 0, 0, 0, 0, 6, 6, 6, 6
0, 0, 0, 0, 0, 6, 1, 1, 1
0, 0, 0, 0, 0, 0, 7, 1, 1
0, 0, 0, 0, 0, 0, 0, 7, 1
0, 0, 0, 0, 0, 0, 0, 7, 1
0, 0, 0, 0, 6, 6, 6, 6, 6
0, 0, 0, 0, 0, 0, 0, 6, 6
0, 0, 0, 0, 6, 6, 6, 6, 6
0, 0, 0, 0, 6, 6, 6, 6, 6
0, 0, 0, 0, 0, 0, 0, 0, 6
0, 0, 0, 0, 0, 0, 0, 7, 1
0, 0, 0, 0, 0, 6, 1, 1, 1
0, 0, 0, 0, 0, 0, 0, 7, 1
0, 0, 0, 0, 0, 0, 0, 7, 1
0, 0, 0, 0, 0, 0, 0, 7, 1
0, 0, 6, 6, 6, 6, 3, 3, 3
0, 0, 0, 7, 7, 1, 1, 1, 1
0, 0, 0, 0, 0, 0, 0, 0, 6
0, 0, 0, 7, 7, 7, 7, 1, 1
0, 0, 0, 0, 0, 7, 1, 1, 1
0, 0, 0, 0, 0, 7, 1, 1, 1
0, 0, 0, 6, 1, 1, 1, 1, 1
0, 0, 0, 0, 0, 0, 0, 7, 1
0, 0, 6, 3, 3, 3, 3, 3, 3
0, 0, 7, 1, 1, 1, 1, 1, 1
0, 5, 1, 0, 6, 6, 3, 3, 3
0, 0, 0, 0, 0, 0, 0, 0, 6
0, 0, 0, 0, 0, 6, 1, 1, 1
0, 0, 0, 0, 0, 6, 1, 1, 1
0, 0, 0, 0, 7, 1, 1, 1, 1
0, 0, 0, 0, 7, 1, 1, 1, 1
0, 0, 0, 0, 7, 1, 1, 1, 1
0, 0, 0, 0, 7, 1, 1, 1, 1
0, 0, 0, 0, 7, 1, 1, 1, 1
0, 0, 0, 0, 7, 1, 1, 1, 1
0, 0, 0, 0, 7, 1, 1, 1, 1
0, 0, 0, 0, 7, 1, 1, 1, 1
0, 0, 0, 0, 7, 1, 1, 1, 1
0, 0, 0, 0, 7, 1, 1, 1, 1
0, 0, 0, 0, 7, 1, 1, 1, 1
0, 0, 7, 1, 1, 1, 1, 1, 1
0, 0, 7, 1, 1, 1, 1, 1, 1
0, 0, 7, 1, 1, 1, 1, 1, 1
0, 0, 0, 0, 0, 7, 1, 1, 1
0, 0, 0, 0, 0, 7, 1, 1, 1
0, 0, 0, 7, 1, 1, 1, 1, 1
0, 0, 7, 1, 1, 1, 1, 1, 1
0, 0, 7, 1, 1, 1, 1, 1, 1
0, 0, 7, 1, 1, 1, 1, 1, 1
0, 0, 7, 1, 1, 1, 1, 1, 1
0, 0, 7, 1, 1, 1, 1, 1, 1
0, 0, 0, 0, 6, 6, 6, 6, 6
0, 0, 0, 0, 0, 0, 6, 6, 1
0, 0, 0, 0, 7, 1, 1, 1, 1
0, 0, 7, 1, 1, 1, 1, 1, 1
0, 0, 7, 1, 1, 1, 1, 1, 1
0, 0, 0, 0, 7, 1, 1, 1, 1
0, 0, 0, 0, 7, 1, 1, 1, 1
0, 0, 0, 0, 7, 1, 1, 1, 1
0, 0, 0, 0, 7, 1, 1, 1, 1
0, 0, 0, 0, 7, 1, 1, 1, 1
0, 0, 0, 0, 7, 1, 1, 1, 1
0, 0, 0, 0, 7, 1, 1, 1, 1
0, 0, 0, 0, 7, 1, 1, 1, 1
0, 0, 0, 0, 7, 1, 1, 1, 1
0, 0, 0, 0, 0, 7, 1, 1, 1
0, 0, 0, 0, 0, 7, 1, 1, 1
0, 0, 0, 0, 0, 0, 7, 1, 1
0, 0, 0, 0, 0, 0, 7, 1, 1
0, 0, 0, 0, 0, 0, 7, 1, 1
0, 5, 1, 0, 6, 6, 3, 3, 3
0, 0, 0, 0, 0, 0, 0, 0, 6
0, 0, 0, 0, 0, 0, 0, 7, 4
0, 0, 0, 0, 0, 6, 6, 6, 6
0, 0, 0, 0, 0, 0, 0, 0, 6
0, 0, 0, 0, 0, 0, 0, 7, 1
0, 0, 0, 0, 6, 1, 1, 1, 1
0, 0, 0, 0, 0, 0, 0, 6, 6
0, 0, 0, 0, 6, 6, 6, 6, 1
0, 0, 0, 0, 0, 6, 6, 6, 1
0, 0, 6, 6, 6, 6, 6, 6, 6
0, 0, 0, 0, 6, 6, 6, 6, 6
0, 0, 7, 1, 1, 1, 1, 1, 1
0, 0, 0, 0, 0, 0, 6, 6, 6
0, 0, 0, 0, 0, 0, 0, 6, 6
0, 0, 0, 0, 0, 0, 7, 1, 1
0, 0, 0, 0, 0, 0, 0, 0, 6
0, 0, 0, 0, 0, 0, 0, 0, 6
0, 0, 0, 0, 0, 0, 0, 7, 1
0, 0, 0, 0, 0, 7, 1, 1, 1
0, 0, 0, 0, 0, 0, 0, 0, 6
0, 0, 0, 0, 0, 0, 0, 7, 1
0, 0, 0, 0, 0, 0, 0, 7, 1
0, 0, 0, 0, 0, 0, 0, 7, 1
0, 0, 0, 7, 1, 1, 1, 1, 1
0, 0, 0, 0, 0, 0, 6, 6, 1
0, 0, 0, 0, 0, 0, 0, 0, 6
0, 0, 0, 0, 0, 0, 7, 1, 1
0, 0, 0, 0, 6, 6, 6, 6, 6
0, 0, 0, 0, 0, 0, 0, 7, 1
0, 0, 0, 6, 6, 6, 6, 6, 6
0, 0, 0, 0, 0, 0, 0, 6, 1
0, 0, 0, 0, 6, 6, 6, 6, 6
0, 0, 0, 0, 7, 1, 1, 1, 1
0, 0, 0, 6, 6, 6, 6, 6, 6
0, 0, 6, 6, 6, 6, 6, 6, 6
0, 0, 0, 0, 0, 7, 1, 1, 1
0, 0, 0, 0, 6, 1, 1, 1, 1
0, 0, 0, 0, 0, 6, 6, 6, 6
0, 0, 7, 1, 1, 1, 1, 1, 1
0, 0, 0, 0, 0, 7, 1, 1, 1
0, 0, 0, 0, 6, 6, 6, 6, 6
0, 0, 0, 0, 0, 0, 0, 7, 1
0, 0, 0, 0, 0, 0, 0, 5, 1
0, 0, 0, 0, 0, 6, 1, 1, 1
0, 0, 6, 6, 6, 6, 3, 3, 3
0, 0, 7, 7, 7, 7, 7, 4, 4
0, 0, 0, 7, 7, 1, 1, 1, 1
0, 0, 0, 0, 0, 7, 1, 1, 1
0, 0, 0, 0, 0, 0, 0, 6, 6
0, 0, 0, 0, 0, 0, 0, 0, 6
0, 0, 0, 7, 7, 1, 1, 1, 1
0, 0, 0, 0, 0, 0, 0, 0, 6
0, 0, 0, 0, 0, 0, 0, 6, 6
0, 0, 0, 0, 0, 6, 6, 6, 6
0, 0, 0, 0, 0, 0, 0, 6, 6
0, 0, 0, 0, 0, 0, 0, 7, 1
0, 0, 0, 0, 0, 0, 0, 0, 5
0, 0, 0, 0, 6, 6, 6, 6, 6
0, 0, 7, 1, 1, 1, 1, 1, 1
0, 0, 0, 6, 1, 1, 1, 1, 1
0, 0, 0, 0, 0, 6, 6, 6, 6
0, 0, 0, 0, 7, 1, 1, 1, 1
0, 0, 0, 7, 7, 7, 7, 1, 1
0, 0, 0, 0, 6, 1, 1, 1, 1
0, 0, 0, 0, 0, 6, 6, 6, 6
0, 0, 0, 0, 0, 0, 0, 6, 1
0, 0, 0, 0, 0, 0, 7, 1, 1
0, 0, 0, 0, 0, 0, 0, 6, 6
0, 0, 0, 0, 0, 0, 7, 4, 4
0, 0, 6, 6, 6, 6, 6, 6, 3
0, 0, 0, 0, 0, 0, 6, 6, 1
0, 0, 0, 0, 0, 0, 0, 7, 4
0, 0, 0, 0, 0, 0, 0, 7, 1
0, 0, 0, 0, 0, 0, 0, 0, 6
0, 0, 0, 0, 0, 0, 0, 7, 1
0, 0, 0, 0, 0, 0, 0, 7, 1
0, 0, 0, 7, 7, 1, 1, 1, 1
0, 0, 0, 0, 0, 0, 6, 6, 6
0, 0, 0, 0, 0, 0, 0, 7, 1
0, 5, 5, 5, 5, 2, 2, 2, 2
0, 0, 0, 0, 7, 1, 1, 1, 1
0, 0, 0, 0, 0, 0, 0, 7, 1
0, 0, 0, 0, 0, 0, 6, 6, 6
0, 0, 0, 0, 6, 1, 1, 1, 1
0, 0, 0, 0, 6, 6, 6, 6, 6
0, 0, 0, 0, 0, 0, 0, 6, 6
0, 0, 0, 0, 0, 0, 6, 6, 6
0, 0, 0, 0, 0, 6, 1, 1, 1
0, 0, 0, 0, 6, 1, 1, 1, 1
0, 0, 0, 0, 0, 0, 6, 6, 6
0, 0, 0, 0, 0, 0, 0, 5, 5
0, 0, 6, 6, 6, 6, 3, 3, 3
0, 0, 0, 0, 0, 0, 0, 7, 1
0, 0, 0, 0, 0, 6, 6, 6, 6
0, 0, 0, 0, 7, 1, 1, 1, 1
0, 0, 0, 0, 0, 0, 0, 7, 1
0, 0, 0, 0, 0, 7, 1, 1, 1
0, 0, 0, 0, 6, 1, 1, 1, 1
0, 0, 0, 7, 7, 7, 7, 1, 1
0, 0, 0, 0, 0, 0, 7, 1, 1
0, 0, 0, 0, 0, 0, 7, 1, 1
0, 0, 0, 0, 0, 0, 0, 7, 1
0, 0, 0, 0, 0, 0, 0, 0, 6
0, 0, 0, 0, 0, 0, 0, 0, 6
0, 0, 0, 0, 6, 6, 6, 6, 6
0, 0, 0, 0, 7, 1, 1, 1, 1
0, 0, 0, 7, 1, 1, 1, 1, 1
0, 0, 0, 0, 0, 0, 0, 7, 1
0, 0, 0, 0, 7, 1, 1, 1, 1
0, 0, 0, 0, 0, 0, 0, 0, 6
0, 0, 0, 0, 0, 0, 0, 6, 1
0, 0, 0, 7, 1, 1, 1, 1, 1
0, 0, 0, 0, 0, 0, 0, 6, 6
0, 0, 0, 7, 1, 1, 1, 1, 1
0, 0, 0, 6, 6, 6, 6, 6, 6
0, 0, 0, 0, 7, 1, 1, 1, 1
0, 0, 0, 0, 0, 0, 0, 0, 6
0, 0, 0, 0, 6, 1, 1, 1, 1
0, 0, 0, 0, 0, 0, 0, 0, 6
0, 0, 0, 0, 0, 0, 0, 7, 1
0, 0, 0, 0, 0, 0, 0, 7, 1
0, 0, 0, 0, 0, 0, 0, 7, 1
0, 0, 0, 0, 0, 0, 0, 7, 1
0, 0, 0, 0, 0, 0, 0, 7, 1
0, 0, 0, 0, 0, 0, 0, 7, 1
0, 0, 0, 0, 0, 0, 0, 7, 1
0, 0, 0, 0, 0, 0, 0, 7, 1
0, 0, 0, 0, 6, 1, 1, 1, 1
0, 0, 0, 0, 0, 0, 0, 6, 6
0, 0, 7, 1, 1, 1, 1, 1, 1
0, 0, 0, 0, 6, 1, 1, 1, 1
0, 0, 0, 0, 0, 0, 0, 6, 6
0, 0, 0, 0, 0, 0, 0, 6, 6
0, 0, 0, 0, 6, 6, 6, 6, 6
0, 0, 0, 0, 0, 0, 7, 1, 1
0, 0, 0, 0, 0, 0, 7, 1, 1
0, 0, 0, 0, 0, 0, 0, 0, 6
0, 0, 0, 0, 0, 0, 0, 6, 6
0, 0, 0, 0, 6, 1, 1, 1, 1
0, 0, 0, 0, 6, 1, 1, 1, 1
0, 0, 0, 0, 0, 6, 1, 1, 1
0, 0, 0, 0, 0, 0, 0, 6, 6
0, 5, 5, 5, 5, 2, 2, 2, 2
0, 0, 0, 0, 0, 0, 0, 0, 6
0, 0, 0, 0, 0, 0, 0, 7, 4
0, 0, 0, 0, 0, 0, 0, 6, 6
0, 0, 0, 0, 0, 0, 0, 7, 1
0, 0, 7, 1, 1, 1, 1, 1, 1
0, 0, 0, 0, 0, 0, 7, 1, 1
0, 0, 0, 0, 0, 0, 7, 7, 1
0, 0, 0, 0, 0, 0, 0, 6, 6
0, 0, 0, 0, 0, 0, 6, 6, 6
0, 0, 0, 0, 6, 1, 1, 1, 1
0, 0, 0, 0, 0, 0, 0, 6, 6
0, 0, 0, 0, 0, 0, 0, 6, 6
0, 0, 0, 0, 0, 0, 0, 0, 6
0, 0, 0, 7, 1, 1, 1, 1, 1
0, 0, 0, 0, 0, 6, 1, 1, 1
0, 0, 0, 0, 0, 0, 7, 1, 1
0, 0, 0, 0, 6, 6, 6, 6, 6
0, 5, 5, 5, 5, 1, 0, 6, 3
0, 0, 0, 0, 0, 0, 0, 0, 6
0, 0, 0, 0, 0, 0, 0, 6, 6
0, 0, 6, 6, 6, 6, 6, 6, 6
0, 0, 0, 0, 0, 0, 0, 6, 6
0, 0, 0, 0, 0, 0, 7, 1, 1
0, 0, 0, 0, 0, 6, 1, 1, 1
0, 0, 0, 0, 0, 0, 0, 6, 1
0, 0, 0, 0, 6, 1, 1, 1, 1
0, 0, 0, 0, 6, 1, 1, 1, 1
0, 0, 0, 0, 0, 0, 7, 1, 1
0, 0, 0, 0, 0, 0, 6, 6, 6
0, 0, 0, 0, 0, 0, 0, 0, 6
0, 0, 0, 0, 0, 0, 0, 6, 6
0, 0, 0, 0, 0, 6, 1, 1, 1
0, 0, 7, 1, 1, 1, 1, 1, 1
0, 0, 0, 0, 7, 1, 1, 1, 1
0, 0, 0, 0, 7, 1, 1, 1, 1
0, 0, 0, 0, 0, 0, 0, 7, 1
0, 0, 0, 0, 7, 1, 1, 1, 1
0, 0, 0, 0, 6, 1, 1, 1, 1
0, 0, 0, 7, 7, 7, 1, 1, 1
0, 0, 0, 0, 0, 0, 0, 6, 6
0, 0, 0, 7, 1, 1, 1, 1, 1
0, 0, 0, 6, 6, 1, 1, 1, 1
0, 0, 0, 0, 0, 7, 1, 1, 1
0, 0, 0, 0, 6, 6, 6, 6, 6
0, 0, 0, 0, 7, 1, 1, 1, 1
0, 0, 0, 0, 0, 6, 6, 6, 6
0, 0, 0, 0, 0, 0, 0, 7, 1
0, 0, 0, 0, 0, 0, 0, 6, 1
0, 0, 0, 0, 0, 7, 1, 1, 1
0, 0, 0, 0, 0, 0, 0, 0, 6
0, 0, 0, 0, 0, 0, 0, 6, 6
0, 0, 0, 0, 7, 1, 1, 1, 1
0, 0, 0, 7, 7, 7, 7, 1, 1
0, 0, 0, 7, 7, 7, 7, 4, 4
0, 0, 6, 6, 6, 6, 6, 6, 6
0, 0, 0, 0, 0, 0, 6, 6, 6
0, 0, 0, 0, 0, 0, 0, 6, 6
0, 0, 0, 0, 7, 1, 1, 1, 1
0, 0, 0, 0, 7, 7, 7, 1, 1
0, 0, 0, 0, 0, 0, 0, 0, 6
0, 0, 0, 0, 0, 0, 0, 0, 6
0, 0, 0, 0, 0, 0, 0, 6, 6
0, 0, 0, 0, 0, 0, 6, 6, 6
0, 0, 0, 0, 6, 1, 1, 1, 1
0, 0, 0, 0, 0, 0, 0, 0, 6
0, 0, 0, 0, 0, 0, 0, 7, 1
0, 0, 0, 0, 0, 0, 0, 5, 5
0, 0, 0, 0, 0, 7, 1, 1, 1
0, 0, 0, 0, 0, 0, 0, 5, 5
0, 0, 0, 0, 6, 1, 1, 1, 1
0, 0, 0, 0, 0, 0, 0, 7, 1
0, 0, 0, 0, 0, 0, 0, 7, 1
0, 0, 0, 0, 0, 0, 0, 7, 1
0, 0, 0, 0, 0, 0, 0, 0, 6
0, 0, 0, 0, 0, 0, 6, 6, 6
0, 0, 0, 0, 0, 0, 6, 6, 1
0, 0, 0, 0, 0, 0, 0, 6, 6
0, 0, 0, 0, 0, 0, 7, 1, 1
0, 0, 7, 1, 1, 1, 1, 1, 1
0, 0, 0, 0, 6, 1, 1, 1, 1
0, 0, 0, 0, 0, 0, 7, 1, 1
0, 0, 0, 0, 0, 0, 0, 0, 6
0, 0, 6, 6, 6, 6, 6, 6, 6
0, 0, 0, 0, 0, 6, 6, 6, 6
0, 5, 1, 0, 6, 6, 3, 3, 3
0, 0, 0, 0, 0, 0, 0, 7, 1
0, 0, 0, 0, 0, 0, 0, 0, 6
0, 0, 0, 0, 0, 0, 0, 5, 1
0, 0, 0, 0, 0, 0, 0, 0, 6
0, 0, 0, 0, 6, 6, 6, 6, 6
0, 0, 6, 6, 6, 6, 6, 6, 6
0, 0, 0, 0, 6, 1, 1, 1, 1
0, 0, 0, 0, 0, 0, 0, 7, 1
0, 0, 0, 0, 0, 0, 0, 5, 1
0, 0, 0, 0, 6, 1, 1, 1, 1
0, 0, 0, 0, 0, 6, 6, 6, 6
0, 0, 0, 0, 0, 0, 6, 6, 1
0, 0, 0, 0, 0, 0, 0, 7, 1
0, 0, 0, 6, 6, 6, 6, 6, 6
0, 0, 0, 0, 7, 1, 1, 1, 1
0, 0, 0, 0, 6, 1, 1, 1, 1
0, 0, 0, 0, 0, 0, 0, 0, 6
0, 0, 0, 0, 7, 1, 1, 1, 1
0, 0, 0, 0, 0, 0, 0, 6, 6
0, 0, 0, 0, 0, 0, 7, 1, 1
0, 0, 0, 0, 0, 0, 0, 6, 6
0, 0, 0, 0, 0, 0, 0, 0, 6
0, 0, 0, 0, 0, 0, 6, 6, 1
0, 0, 0, 0, 0, 0, 0, 0, 6
0, 0, 0, 0, 0, 0, 7, 1, 1
0, 0, 0, 0, 0, 0, 6, 6, 6
0, 0, 0, 0, 0, 0, 6, 6, 6
0, 0, 0, 0, 0, 0, 0, 0, 6
0, 0, 0, 0, 0, 0, 6, 6, 1
0, 0, 0, 0, 0, 6, 1, 1, 1
0, 0, 0, 0, 0, 0, 0, 7, 1
0, 0, 0, 0, 0, 0, 6, 6, 6
0, 0, 0, 0, 0, 0, 0, 6, 1
0, 0, 0, 0, 7, 1, 1, 1, 1
0, 0, 0, 0, 6, 1, 1, 1, 1
0, 0, 0, 0, 0, 0, 0, 7, 4
0, 0, 0, 0, 6, 1, 1, 1, 1
0, 0, 0, 0, 0, 0, 0, 0, 6
0, 0, 0, 0, 0, 0, 0, 7, 1
0, 0, 0, 0, 0, 0, 0, 6, 3
0, 0, 0, 0, 0, 0, 7, 4, 4
0, 0, 0, 0, 0, 0, 0, 6, 6
0, 0, 0, 0, 6, 1, 1, 1, 1
0, 5, 5, 5, 5, 2, 2, 2, 2
0, 0, 0, 0, 0, 0, 0, 0, 6
0, 0, 0, 0, 6, 1, 1, 1, 1
0, 0, 0, 0, 0, 6, 6, 6, 6
0, 0, 0, 0, 0, 0, 0, 6, 6
0, 0, 0, 0, 0, 0, 6, 6, 1
0, 0, 0, 0, 0, 0, 6, 6, 1
0, 0, 0, 0, 6, 1, 1, 1, 1
0, 0, 0, 0, 6, 6, 6, 6, 6
0, 0, 0, 0, 0, 0, 0, 6, 6
0, 0, 0, 0, 0, 0, 0, 0, 6
0, 0, 0, 0, 0, 0, 7, 1, 1
0, 0, 0, 0, 6, 1, 1, 1, 1
0, 0, 0, 0, 0, 0, 0, 6, 6
0, 0, 0, 0, 7, 1, 1, 1, 1
0, 0, 0, 7, 7, 7, 7, 1, 1
0, 0, 0, 0, 6, 6, 6, 6, 1
0, 0, 0, 0, 0, 0, 6, 6, 1
0, 0, 0, 0, 6, 1, 1, 1, 1
0, 0, 0, 0, 0, 0, 6, 6, 6
0, 0, 0, 0, 0, 0, 0, 7, 1
0, 0, 0, 0, 0, 0, 0, 7, 1
0, 0, 0, 0, 0, 0, 0, 7, 1
0, 0, 0, 0, 0, 0, 0, 7, 1
0, 0, 0, 0, 6, 6, 6, 6, 1
0, 0, 0, 0, 0, 0, 0, 7, 1
0, 0, 0, 0, 0, 0, 0, 7, 1
0, 0, 0, 0, 0, 0, 0, 7, 1
0, 0, 0, 0, 0, 0, 0, 7, 1
0, 0, 0, 0, 0, 0, 0, 7, 1
0, 0, 0, 0, 0, 0, 0, 7, 1
0, 0, 0, 0, 0, 0, 7, 7, 1
0, 0, 0, 0, 0, 0, 0, 7, 1
0, 0, 7, 1, 1, 1, 1, 1, 1
0, 0, 0, 0, 0, 0, 7, 1, 1
0, 0, 0, 7, 1, 1, 1, 1, 1
0, 0, 0, 7, 7, 7, 7, 4, 4
0, 0, 0, 0, 0, 0, 6, 6, 6
0, 0, 7, 4, 4, 4, 4, 4, 4
0, 0, 0, 0, 0, 0, 0, 6, 6
0, 0, 0, 0, 0, 0, 0, 6, 6
0, 0, 0, 0, 6, 1, 1, 1, 1
0, 0, 0, 0, 0, 0, 7, 1, 1
0, 0, 0, 0, 0, 0, 0, 0, 6
0, 0, 0, 0, 0, 0, 7, 4, 4
0, 0, 0, 0, 0, 0, 0, 6, 6
0, 0, 0, 0, 0, 0, 0, 0, 6
0, 0, 0, 7, 7, 1, 1, 1, 1
0, 0, 0, 0, 0, 0, 0, 0, 6
0, 0, 0, 0, 0, 0, 0, 6, 6
0, 0, 0, 0, 6, 1, 1, 1, 1
0, 0, 0, 0, 7, 1, 1, 1, 1
0, 0, 0, 0, 0, 0, 0, 6, 1
0, 0, 0, 0, 6, 1, 1, 1, 1
0, 0, 0, 0, 0, 0, 6, 6, 6
0, 0, 0, 0, 0, 0, 7, 1, 1
0, 5, 5, 5, 5, 2, 2, 2, 2
0, 0, 0, 0, 0, 0, 0, 6, 6
0, 0, 0, 0, 0, 7, 1, 1, 1
0, 0, 0, 0, 0, 0, 0, 0, 5
0, 0, 0, 0, 0, 0, 0, 7, 1
0, 0, 0, 0, 6, 6, 6, 6, 6
0, 0, 0, 0, 6, 6, 6, 6, 6
0, 0, 0, 0, 6, 1, 1, 1, 1
0, 0, 0, 0, 0, 0, 0, 0, 6
0, 0, 7, 1, 1, 1, 1, 1, 1
0, 0, 0, 0, 6, 6, 6, 6, 6
0, 0, 0, 0, 0, 0, 0, 7, 1
0, 0, 0, 0, 0, 0, 6, 6, 6
0, 0, 0, 0, 6, 1, 1, 1, 1
0, 0, 0, 6, 6, 6, 6, 6, 6
0, 0, 0, 0, 0, 6, 6, 6, 1
0, 0, 0, 0, 0, 0, 0, 6, 6
0, 0, 0, 0, 0, 0, 0, 7, 1
0, 0, 0, 6, 6, 1, 1, 1, 1
0, 0, 0, 0, 0, 0, 0, 7, 1
0, 0, 0, 0, 0, 0, 0, 7, 4
0, 0, 0, 0, 6, 6, 6, 6, 1
0, 0, 0, 0, 0, 0, 0, 6, 6
0, 0, 0, 0, 0, 0, 0, 6, 6
0, 0, 0, 0, 0, 0, 7, 1, 1
0, 0, 0, 0, 0, 0, 6, 6, 6
0, 5, 5, 5, 5, 1, 0, 6, 3
0, 0, 0, 7, 1, 1, 1, 1, 1
0, 0, 0, 0, 0, 7, 1, 1, 1
0, 0, 0, 0, 0, 7, 1, 1, 1
0, 0, 0, 0, 0, 0, 0, 0, 6
0, 0, 0, 0, 0, 7, 1, 1, 1
0, 0, 0, 0, 0, 7, 1, 1, 1
0, 0, 0, 0, 0, 7, 1, 1, 1
0, 0, 0, 0, 0, 7, 1, 1, 1
0, 0, 0, 0, 0, 7, 1, 1, 1
0, 0, 0, 0, 0, 7, 1, 1, 1
0, 0, 0, 0, 0, 7, 1, 1, 1
0, 0, 7, 1, 1, 1, 1, 1, 1
0, 0, 7, 1, 1, 1, 1, 1, 1
0, 0, 7, 1, 1, 1, 1, 1, 1
0, 0, 7, 1, 1, 1, 1, 1, 1
0, 0, 7, 1, 1, 1, 1, 1, 1
0, 0, 7, 1, 1, 1, 1, 1, 1
0, 0, 7, 1, 1, 1, 1, 1, 1
0, 0, 0, 0, 0, 0, 7, 1, 1
0, 0, 0, 0, 0, 0, 0, 0, 6
0, 0, 0, 0, 0, 7, 4, 4, 4
0, 0, 0, 0, 0, 0, 0, 7, 4
0, 0, 0, 0, 7, 1, 1, 1, 1
0, 0, 0, 0, 0, 0, 7, 1, 1
0, 0, 0, 0, 0, 0, 0, 6, 1
0, 0, 0, 0, 0, 0, 0, 6, 1
0, 0, 0, 0, 7, 1, 1, 1, 1
0, 0, 7, 1, 1, 1, 1, 1, 1
0, 0, 0, 0, 0, 0, 6, 6, 6
0, 0, 0, 0, 6, 1, 1, 1, 1
0, 0, 0, 0, 0, 0, 6, 6, 6
0, 0, 6, 6, 6, 6, 6, 6, 6
0, 0, 0, 0, 0, 7, 1, 1, 1
0, 0, 0, 0, 0, 0, 7, 1, 1
0, 0, 0, 0, 0, 0, 0, 6, 6
0, 0, 0, 0, 0, 0, 0, 7, 1
0, 0, 0, 0, 0, 0, 0, 7, 1
0, 0, 0, 0, 0, 0, 0, 7, 1
0, 0, 0, 0, 7, 1, 1, 1, 1
0, 0, 0, 0, 7, 1, 1, 1, 1
0, 0, 0, 0, 7, 1, 1, 1, 1
0, 0, 0, 0, 7, 1, 1, 1, 1
0, 0, 0, 0, 7, 7, 7, 7, 1
0, 0, 0, 0, 0, 0, 0, 7, 1
0, 0, 0, 0, 0, 0, 0, 0, 6
0, 0, 0, 7, 1, 1, 1, 1, 1
0, 0, 0, 7, 7, 7, 7, 1, 1
0, 0, 0, 0, 0, 0, 7, 1, 1
0, 0, 0, 0, 0, 0, 0, 7, 4
0, 0, 6, 6, 6, 6, 3, 3, 3
0, 0, 0, 0, 0, 0, 0, 6, 6
0, 0, 0, 7, 7, 1, 1, 1, 1
0, 5, 5, 5, 5, 2, 2, 2, 2
0, 0, 0, 0, 7, 7, 7, 4, 4
0, 0, 0, 0, 7, 1, 1, 1, 1
0, 0, 0, 0, 0, 0, 6, 6, 6
0, 0, 0, 0, 6, 1, 1, 1, 1
0, 0, 0, 0, 0, 6, 6, 3, 3
0, 0, 0, 0, 6, 6, 6, 6, 6
0, 0, 0, 0, 0, 0, 7, 1, 1
0, 0, 0, 0, 0, 0, 0, 0, 6
0, 0, 6, 6, 6, 6, 6, 6, 6
0, 0, 7, 7, 7, 7, 7, 4, 4
0, 0, 0, 0, 0, 6, 6, 6, 6
0, 0, 0, 0, 0, 0, 7, 1, 1
0, 0, 0, 0, 0, 0, 0, 0, 6
0, 0, 0, 0, 7, 1, 1, 1, 1
0, 0, 0, 0, 0, 0, 0, 5, 1
0, 0, 0, 0, 0, 0, 7, 1, 1
0, 0, 0, 0, 6, 1, 1, 1, 1
0, 0, 0, 0, 0, 6, 6, 6, 6
0, 0, 0, 0, 0, 0, 0, 0, 6
0, 0, 0, 0, 0, 0, 0, 7, 1
0, 0, 6, 6, 6, 6, 3, 3, 3
0, 0, 0, 0, 0, 0, 0, 6, 6
0, 0, 0, 0, 6, 6, 6, 6, 6
0, 0, 0, 0, 0, 0, 0, 6, 6
0, 0, 0, 0, 0, 0, 6, 6, 1
0, 0, 0, 0, 6, 6, 6, 6, 6
0, 0, 0, 0, 0, 7, 1, 1, 1
0, 0, 0, 0, 0, 7, 1, 1, 1
0, 0, 0, 0, 0, 0, 0, 0, 6
0, 0, 0, 7, 1, 1, 1, 1, 1
0, 0, 0, 0, 6, 6, 6, 6, 6
0, 0, 0, 0, 0, 0, 6, 6, 1
0, 0, 7, 7, 1, 1, 1, 1, 1
0, 0, 0, 0, 6, 6, 6, 6, 6
0, 0, 0, 0, 0, 0, 0, 7, 1
0, 0, 0, 0, 0, 0, 0, 7, 4
0, 0, 0, 0, 0, 0, 0, 7, 4
0, 0, 0, 0, 0, 0, 0, 7, 1
0, 0, 0, 0, 6, 1, 1, 1, 1
0, 0, 0, 0, 0, 0, 0, 7, 1
0, 0, 0, 0, 7, 1, 1, 1, 1
0, 0, 0, 0, 0, 6, 6, 6, 6
0, 0, 0, 0, 6, 6, 6, 6, 6
0, 0, 6, 6, 6, 6, 6, 6, 6
0, 0, 0, 0, 6, 1, 1, 1, 1
0, 0, 0, 0, 0, 0, 0, 6, 6
0, 0, 0, 0, 0, 0, 0, 7, 4
0, 0, 0, 0, 0, 0, 0, 7, 4
0, 0, 0, 0, 0, 0, 0, 6, 6
0, 0, 0, 0, 6, 1, 1, 1, 1
0, 0, 0, 0, 0, 0, 0, 6, 6
0, 0, 0, 0, 6, 1, 1, 1, 1
0, 0, 0, 0, 0, 0, 0, 7, 1
0, 0, 0, 0, 0, 0, 0, 5, 1
0, 0, 0, 7, 7, 7, 7, 4, 4
0, 0, 0, 7, 7, 1, 1, 1, 1
0, 0, 6, 6, 6, 6, 6, 6, 6
0, 0, 0, 0, 0, 0, 0, 6, 6
0, 0, 0, 0, 0, 0, 7, 4, 4
0, 0, 0, 0, 0, 0, 0, 6, 6
0, 0, 0, 0, 0, 0, 7, 1, 1
0, 0, 0, 0, 0, 0, 6, 6, 6
0, 0, 0, 6, 6, 1, 1, 1, 1
0, 0, 0, 0, 6, 1, 1, 1, 1
0, 5, 5, 1, 1, 0, 6, 3, 3
0, 0, 0, 0, 0, 6, 6, 6, 6
0, 0, 0, 0, 0, 0, 0, 7, 1
0, 0, 0, 0, 0, 0, 0, 7, 1
0, 0, 0, 0, 0, 0, 0, 7, 1
0, 0, 0, 0, 0, 0, 0, 7, 1
0, 0, 0, 0, 0, 0, 6, 6, 6
0, 0, 0, 0, 6, 1, 1, 1, 1
0, 0, 0, 7, 7, 1, 1, 1, 1
0, 0, 0, 0, 0, 0, 7, 1, 1
0, 0, 0, 0, 0, 0, 0, 6, 6
0, 0, 0, 0, 0, 6, 6, 6, 6
0, 0, 0, 0, 0, 0, 7, 1, 1
0, 0, 7, 1, 1, 1, 1, 1, 1
0, 0, 0, 0, 0, 0, 6, 6, 1
0, 0, 0, 0, 0, 0, 0, 0, 5
0, 0, 0, 0, 0, 0, 0, 6, 6
0, 0, 0, 0, 0, 0, 0, 7, 1
0, 0, 0, 0, 0, 0, 0, 6, 6
0, 0, 6, 6, 6, 6, 3, 3, 3
0, 0, 0, 0, 6, 1, 1, 1, 1
0, 0, 0, 0, 6, 1, 1, 1, 1
0, 0, 0, 0, 0, 6, 6, 6, 6
0, 0, 0, 0, 0, 0, 7, 1, 1
0, 0, 0, 0, 0, 0, 6, 6, 6
0, 0, 0, 0, 6, 1, 1, 1, 1
0, 0, 0, 7, 1, 1, 1, 1, 1
0, 0, 0, 0, 0, 0, 0, 7, 1
0, 0, 0, 0, 6, 6, 6, 6, 6
0, 0, 0, 0, 0, 0, 6, 6, 6
0, 0, 0, 0, 0, 0, 0, 0, 6
0, 0, 0, 0, 0, 0, 0, 6, 6
0, 0, 0, 0, 0, 7, 1, 1, 1
0, 0, 6, 6, 6, 6, 6, 6, 6
0, 0, 7, 1, 1, 1, 1, 1, 1
0, 0, 0, 0, 0, 0, 0, 6, 6
0, 0, 0, 0, 0, 0, 0, 0, 6
0, 0, 0, 0, 0, 0, 0, 0, 6
0, 0, 0, 0, 0, 0, 0, 6, 6
0, 0, 0, 0, 0, 0, 0, 0, 6
0, 5, 5, 5, 5, 2, 2, 2, 2
0, 0, 0, 0, 0, 0, 0, 0, 6
0, 0, 0, 0, 0, 0, 0, 6, 6
0, 0, 6, 6, 6, 6, 3, 3, 3
0, 0, 0, 0, 0, 0, 0, 0, 6
0, 0, 0, 0, 0, 0, 0, 0, 6
0, 0, 0, 0, 0, 0, 0, 7, 4
0, 0, 0, 0, 0, 0, 0, 6, 6
0, 0, 0, 0, 6, 6, 6, 6, 6
0, 0, 7, 1, 1, 1, 1, 1, 1
0, 0, 0, 0, 0, 0, 0, 6, 1
0, 0, 0, 0, 0, 0, 0, 6, 6
0, 0, 0, 0, 0, 7, 1, 1, 1
0, 0, 0, 0, 6, 1, 1, 1, 1
0, 0, 0, 0, 0, 0, 6, 6, 1
0, 0, 0, 0, 0, 0, 0, 6, 6
0, 0, 0, 0, 0, 0, 0, 6, 6
0, 0, 0, 0, 6, 6, 6, 6, 6
0, 0, 0, 0, 0, 0, 0, 0, 6
0, 0, 0, 7, 1, 1, 1, 1, 1
0, 0, 0, 0, 0, 0, 0, 0, 6
0, 0, 0, 0, 0, 0, 0, 6, 6
0, 0, 0, 0, 6, 6, 6, 6, 1
0, 0, 0, 0, 0, 0, 6, 6, 1
0, 0, 0, 0, 0, 0, 0, 0, 6
0, 0, 0, 0, 6, 6, 6, 6, 6
0, 0, 0, 0, 0, 0, 0, 6, 6
0, 0, 6, 6, 6, 6, 6, 6, 6
0, 0, 0, 0, 0, 0, 0, 6, 6
0, 0, 6, 6, 6, 6, 6, 6, 6
0, 0, 0, 0, 0, 0, 0, 0, 6
0, 0, 0, 0, 0, 0, 7, 1, 1
0, 0, 0, 0, 0, 0, 7, 1, 1
0, 0, 0, 7, 1, 1, 1, 1, 1
0, 0, 7, 4, 4, 4, 4, 4, 4
0, 0, 0, 0, 0, 0, 0, 6, 6
0, 0, 7, 1, 1, 1, 1, 1, 1
0, 0, 0, 7, 1, 1, 1, 1, 1
0, 0, 0, 0, 0, 0, 0, 0, 6
0, 0, 0, 0, 0, 0, 6, 1, 1
0, 0, 0, 0, 0, 0, 0, 6, 6
0, 0, 0, 6, 6, 1, 1, 1, 1
0, 0, 0, 0, 0, 0, 0, 6, 6
0, 0, 0, 0, 6, 6, 6, 6, 6
0, 0, 0, 0, 0, 0, 0, 7, 1
0, 0, 0, 0, 0, 0, 0, 7, 1
0, 0, 0, 0, 0, 0, 0, 0, 6
0, 0, 6, 6, 6, 6, 6, 6, 6
0, 0, 6, 6, 6, 6, 6, 6, 6
0, 0, 0, 0, 7, 1, 1, 1, 1
0, 0, 0, 0, 0, 6, 6, 6, 6
0, 0, 0, 0, 6, 1, 1, 1, 1
0, 0, 0, 0, 7, 1, 1, 1, 1
0, 0, 0, 0, 0, 0, 0, 6, 6
0, 0, 0, 0, 0, 0, 0, 6, 6
0, 0, 0, 0, 0, 0, 0, 0, 5
0, 0, 0, 7, 1, 1, 1, 1, 1
0, 0, 0, 0, 0, 0, 7, 1, 1
0, 0, 0, 0, 0, 0, 0, 0, 6
0, 0, 0, 7, 1, 1, 1, 1, 1
0, 0, 0, 0, 0, 0, 0, 0, 6
0, 0, 0, 0, 0, 0, 0, 0, 6
0, 0, 0, 0, 0, 7, 1, 1, 1
0, 0, 0, 0, 0, 0, 0, 7, 1
0, 0, 0, 0, 6, 6, 6, 6, 6
0, 0, 0, 0, 6, 6, 6, 6, 6
0, 0, 0, 0, 0, 0, 0, 6, 6
0, 0, 0, 0, 0, 0, 0, 6, 6
0, 0, 0, 0, 6, 1, 1, 1, 1
0, 0, 0, 0, 0, 0, 0, 6, 1
0, 0, 0, 0, 0, 0, 6, 6, 6
0, 0, 0, 0, 0, 0, 0, 7, 4
0, 0, 0, 0, 7, 7, 7, 4, 4
0, 0, 0, 0, 0, 0, 7, 1, 1
0, 0, 0, 0, 7, 1, 1, 1, 1
0, 0, 0, 0, 0, 0, 0, 6, 1
0, 0, 7, 1, 1, 1, 1, 1, 1
0, 0, 0, 0, 0, 0, 0, 6, 6
0, 0, 0, 0, 6, 6, 6, 6, 6
0, 0, 0, 0, 6, 6, 6, 6, 6
0, 0, 0, 0, 0, 0, 0, 0, 6
0, 0, 0, 0, 0, 0, 6, 6, 6
0, 0, 0, 7, 1, 1, 1, 1, 1
0, 0, 0, 7, 7, 1, 1, 1, 1
0, 0, 0, 0, 0, 0, 0, 0, 6
0, 0, 0, 7, 1, 1, 1, 1, 1
0, 0, 0, 0, 0, 0, 7, 1, 1
0, 0, 0, 0, 0, 0, 0, 0, 6
0, 0, 0, 0, 0, 6, 6, 6, 1
0, 0, 0, 0, 0, 0, 0, 5, 1
0, 0, 0, 0, 0, 0, 0, 0, 5
0, 0, 0, 0, 6, 1, 1, 1, 1
0, 0, 0, 0, 0, 0, 0, 6, 6
0, 0, 0, 0, 0, 0, 0, 6, 1
0, 0, 0, 0, 0, 0, 7, 1, 1
0, 0, 0, 0, 7, 7, 7, 4, 4
0, 0, 7, 1, 1, 1, 1, 1, 1
0, 0, 0, 0, 0, 0, 6, 6, 1
0, 0, 0, 0, 0, 0, 0, 7, 1
0, 0, 0, 0, 6, 6, 6, 6, 6
0, 0, 0, 0, 6, 6, 6, 6, 1
0, 0, 0, 0, 6, 6, 6, 6, 6
0, 0, 0, 0, 0, 0, 0, 0, 6
0, 5, 5, 5, 5, 1, 0, 6, 3
0, 0, 0, 0, 0, 0, 0, 0, 6
0, 0, 0, 0, 0, 0, 0, 0, 6
0, 0, 0, 0, 6, 6, 6, 6, 6
0, 0, 0, 0, 0, 0, 0, 0, 6
0, 0, 0, 0, 6, 1, 1, 1, 1
0, 0, 0, 0, 0, 0, 0, 6, 1
0, 0, 0, 6, 6, 6, 6, 6, 6
0, 0, 0, 0, 0, 0, 0, 5, 1
0, 0, 0, 0, 0, 0, 0, 5, 5
0, 0, 0, 0, 0, 0, 6, 6, 1
0, 0, 0, 0, 6, 6, 6, 6, 6
0, 0, 0, 0, 7, 1, 1, 1, 1
0, 0, 0, 0, 0, 0, 0, 6, 6
0, 0, 0, 0, 0, 0, 0, 0, 6
0, 0, 7, 1, 1, 1, 1, 1, 1
0, 0, 0, 0, 0, 6, 1, 1, 1
0, 0, 0, 0, 7, 7, 7, 4, 4
0, 0, 0, 0, 0, 0, 0, 7, 1
0, 0, 0, 0, 0, 0, 0, 7, 1
0, 0, 0, 0, 0, 0, 0, 7, 1
0, 0, 0, 0, 0, 0, 0, 7, 1
0, 0, 0, 0, 0, 0, 0, 7, 1
0, 0, 0, 0, 0, 0, 0, 7, 1
0, 0, 0, 0, 0, 0, 0, 6, 6
0, 0, 6, 6, 6, 6, 6, 6, 6
0, 0, 0, 0, 0, 0, 6, 6, 6
0, 0, 0, 0, 0, 0, 0, 6, 6
0, 0, 0, 6, 1, 1, 1, 1, 1
0, 5, 5, 5, 5, 2, 2, 2, 2
0, 0, 7, 7, 1, 1, 1, 1, 1
0, 0, 0, 0, 0, 0, 0, 6, 6
0, 0, 6, 6, 6, 6, 6, 6, 6
0, 0, 0, 0, 6, 6, 6, 6, 3
0, 0, 0, 0, 0, 6, 6, 6, 6
0, 5, 5, 5, 5, 2, 2, 2, 2
0, 0, 0, 0, 7, 7, 7, 4, 4
0, 0, 0, 0, 0, 0, 6, 6, 1
0, 0, 0, 0, 0, 0, 0, 6, 6
0, 0, 0, 0, 6, 6, 6, 6, 6
0, 0, 0, 0, 0, 0, 0, 7, 4
0, 0, 0, 0, 0, 0, 0, 7, 1
0, 0, 0, 0, 6, 6, 6, 6, 6
0, 0, 0, 0, 0, 0, 0, 7, 1
0, 0, 0, 0, 0, 7, 1, 1, 1
0, 0, 6, 6, 6, 6, 6, 6, 6
0, 0, 0, 0, 0, 0, 0, 5, 5
0, 0, 0, 0, 0, 0, 0, 6, 6
0, 0, 0, 0, 0, 0, 0, 6, 6
0, 0, 7, 1, 1, 1, 1, 1, 1
0, 0, 7, 1, 1, 1, 1, 1, 1
0, 0, 7, 1, 1, 1, 1, 1, 1
0, 0, 0, 0, 6, 1, 1, 1, 1
0, 0, 0, 0, 7, 1, 1, 1, 1
0, 0, 0, 0, 0, 0, 7, 1, 1
0, 0, 0, 0, 6, 1, 1, 1, 1
0, 0, 0, 0, 0, 0, 0, 0, 6
0, 0, 0, 0, 0, 0, 0, 6, 6
0, 0, 0, 0, 0, 0, 7, 1, 1
0, 0, 0, 0, 0, 0, 6, 6, 6
0, 0, 0, 0, 0, 7, 1, 1, 1
0, 0, 0, 0, 0, 7, 1, 1, 1
0, 0, 0, 0, 0, 0, 7, 1, 1
0, 0, 0, 0, 6, 1, 1, 1, 1
0, 0, 0, 0, 0, 6, 1, 1, 1
0, 0, 0, 0, 0, 0, 0, 6, 6
0, 0, 0, 0, 6, 6, 6, 6, 6
0, 0, 0, 0, 0, 0, 0, 7, 4
0, 0, 0, 0, 6, 6, 6, 6, 6
0, 0, 0, 0, 0, 0, 0, 6, 6
0, 0, 0, 0, 0, 0, 0, 6, 6
0, 0, 0, 0, 6, 1, 1, 1, 1
0, 0, 0, 0, 0, 0, 0, 6, 6
0, 0, 0, 0, 0, 0, 0, 0, 6
0, 0, 0, 0, 6, 1, 1, 1, 1
0, 0, 0, 0, 0, 0, 0, 0, 6
0, 0, 0, 7, 1, 1, 1, 1, 1
0, 0, 0, 7, 1, 1, 1, 1, 1
0, 0, 0, 7, 1, 1, 1, 1, 1
0, 0, 0, 0, 0, 0, 0, 7, 1
0, 0, 0, 6, 6, 1, 1, 1, 1
0, 0, 0, 0, 6, 1, 1, 1, 1
0, 0, 0, 0, 6, 1, 1, 1, 1
0, 0, 0, 7, 1, 1, 1, 1, 1
0, 0, 0, 0, 6, 6, 6, 6, 6
0, 0, 0, 0, 0, 6, 1, 1, 1
0, 0, 0, 0, 0, 0, 0, 0, 6
0, 0, 0, 0, 6, 1, 1, 1, 1
0, 0, 0, 0, 0, 0, 0, 6, 6
0, 0, 6, 3, 3, 3, 3, 3, 3
0, 0, 0, 0, 7, 1, 1, 1, 1
0, 0, 0, 0, 0, 7, 1, 1, 1
0, 0, 0, 0, 0, 7, 1, 1, 1
0, 0, 0, 0, 0, 7, 1, 1, 1
0, 0, 0, 0, 0, 7, 1, 1, 1
0, 0, 0, 0, 6, 1, 1, 1, 1
0, 0, 0, 0, 0, 0, 6, 6, 1
0, 0, 0, 0, 0, 0, 0, 0, 6
0, 5, 5, 5, 5, 1, 0, 6, 3
0, 0, 0, 0, 0, 0, 0, 7, 1
0, 0, 0, 0, 0, 0, 0, 7, 1
0, 0, 0, 0, 0, 0, 0, 7, 1
0, 0, 0, 0, 0, 0, 0, 0, 6
0, 0, 0, 0, 0, 0, 0, 5, 1
0, 0, 0, 0, 0, 0, 0, 0, 6
0, 0, 6, 6, 6, 6, 6, 6, 6
0, 0, 0, 0, 0, 6, 1, 1, 1
0, 0, 7, 1, 1, 1, 1, 1, 1
0, 0, 0, 0, 0, 0, 6, 6, 1
0, 0, 0, 0, 7, 1, 1, 1, 1
0, 0, 0, 0, 0, 0, 7, 1, 1
0, 0, 0, 0, 0, 0, 0, 0, 6
0, 0, 0, 0, 6, 6, 6, 6, 6
0, 0, 0, 0, 0, 0, 0, 0, 6
0, 5, 1, 0, 6, 3, 3, 3, 3
0, 0, 0, 7, 7, 1, 1, 1, 1
0, 0, 6, 6, 6, 6, 6, 6, 6
0, 0, 0, 0, 0, 0, 0, 7, 1
0, 0, 0, 0, 0, 0, 0, 6, 1
0, 0, 0, 0, 0, 0, 6, 6, 6
0, 0, 0, 0, 0, 0, 0, 0, 6
0, 0, 0, 0, 6, 6, 6, 6, 6
0, 5, 1, 0, 6, 6, 3, 3, 3
0, 0, 0, 0, 0, 0, 0, 6, 6
0, 0, 0, 0, 6, 6, 6, 6, 6
0, 0, 0, 0, 0, 0, 0, 6, 6
0, 0, 0, 0, 0, 6, 1, 1, 1
0, 0, 0, 0, 0, 0, 0, 5, 1
0, 0, 0, 0, 6, 6, 6, 6, 1
0, 0, 0, 0, 0, 0, 0, 0, 6
0, 0, 0, 0, 7, 1, 1, 1, 1
0, 0, 0, 6, 6, 6, 6, 6, 6
0, 0, 0, 0, 0, 0, 0, 7, 1
0, 0, 0, 7, 7, 7, 7, 4, 4
0, 0, 0, 0, 0, 0, 6, 6, 1
0, 0, 0, 0, 0, 0, 6, 6, 6
0, 0, 0, 0, 6, 1, 1, 1, 1
0, 0, 0, 0, 0, 0, 0, 0, 6
0, 0, 0, 0, 6, 1, 1, 1, 1
0, 0, 0, 0, 0, 6, 6, 6, 6
0, 0, 0, 0, 0, 0, 0, 7, 1
0, 0, 0, 0, 0, 0, 0, 7, 1
0, 0, 0, 0, 0, 0, 0, 7, 1
0, 0, 0, 0, 0, 0, 0, 7, 1
0, 0, 0, 0, 0, 0, 0, 6, 1
0, 0, 0, 0, 6, 6, 6, 6, 1
0, 0, 0, 0, 0, 0, 0, 6, 1
0, 0, 0, 0, 0, 0, 0, 0, 6
0, 0, 0, 0, 0, 0, 0, 6, 6
0, 0, 0, 0, 0, 0, 0, 0, 6
0, 0, 0, 0, 6, 1, 1, 1, 1
0, 0, 0, 0, 0, 0, 0, 6, 6
0, 0, 7, 1, 1, 1, 1, 1, 1
0, 0, 7, 1, 1, 1, 1, 1, 1
0, 0, 7, 1, 1, 1, 1, 1, 1
0, 0, 7, 1, 1, 1, 1, 1, 1
0, 0, 0, 0, 0, 0, 0, 6, 6
0, 0, 0, 0, 6, 1, 1, 1, 1
0, 0, 0, 0, 0, 0, 7, 1, 1
0, 0, 0, 0, 0, 0, 6, 6, 6
0, 0, 0, 0, 6, 1, 1, 1, 1
0, 0, 0, 0, 0, 0, 0, 7, 1
0, 0, 0, 0, 0, 0, 0, 7, 1
0, 0, 0, 0, 0, 0, 0, 0, 6
0, 0, 0, 0, 0, 0, 0, 6, 6
0, 0, 0, 0, 0, 0, 6, 6, 6
0, 0, 0, 0, 0, 0, 0, 6, 6
0, 0, 0, 0, 0, 7, 1, 1, 1
0, 0, 0, 0, 0, 0, 0, 6, 6
0, 5, 5, 5, 5, 1, 0, 6, 6
0, 0, 0, 0, 0, 0, 0, 6, 6
0, 0, 0, 0, 0, 0, 0, 0, 6
0, 0, 0, 7, 7, 1, 1, 1, 1
0, 0, 0, 7, 1, 1, 1, 1, 1
0, 0, 6, 3, 3, 3, 3, 3, 3
0, 0, 0, 0, 0, 0, 0, 0, 6
0, 0, 0, 0, 0, 0, 0, 6, 6
0, 0, 0, 0, 0, 0, 7, 1, 1
0, 0, 0, 0, 0, 0, 0, 0, 6
0, 0, 0, 0, 0, 7, 1, 1, 1
0, 0, 0, 0, 0, 0, 7, 1, 1
0, 0, 0, 0, 0, 7, 1, 1, 1
0, 0, 0, 0, 0, 6, 6, 6, 6
0, 0, 0, 0, 0, 0, 0, 6, 1
0, 0, 7, 7, 7, 7, 7, 1, 1
0, 0, 6, 6, 6, 6, 6, 6, 6
0, 0, 0, 0, 0, 7, 1, 1, 1
0, 0, 0, 0, 0, 6, 6, 6, 6
0, 0, 0, 0, 0, 0, 0, 6, 3
0, 0, 0, 0, 0, 0, 0, 0, 6
0, 0, 7, 1, 1, 1, 1, 1, 1
0, 0, 0, 0, 0, 0, 0, 0, 6
0, 0, 0, 0, 0, 0, 0, 7, 1
0, 0, 0, 0, 0, 0, 7, 1, 1
0, 0, 0, 0, 0, 0, 0, 7, 1
0, 0, 0, 0, 0, 0, 7, 1, 1
0, 0, 0, 0, 7, 1, 1, 1, 1
0, 0, 0, 0, 6, 6, 6, 6, 6
0, 0, 0, 0, 0, 0, 6, 6, 1
0, 0, 0, 0, 0, 0, 0, 0, 6
0, 0, 0, 0, 0, 0, 0, 6, 6
0, 0, 0, 0, 0, 7, 1, 1, 1
0, 0, 0, 0, 0, 0, 0, 7, 4
0, 0, 0, 0, 0, 0, 6, 6, 6
0, 0, 0, 0, 6, 6, 6, 6, 6
0, 0, 0, 6, 6, 1, 1, 1, 1
0, 0, 0, 0, 0, 0, 0, 5, 5
0, 0, 0, 0, 0, 0, 6, 6, 6
0, 0, 0, 0, 0, 0, 0, 0, 6
0, 0, 0, 0, 0, 0, 6, 6, 6
0, 0, 0, 0, 0, 0, 0, 7, 1
0, 0, 0, 0, 0, 0, 0, 6, 6
0, 0, 0, 0, 0, 0, 0, 0, 5
0, 0, 0, 0, 0, 0, 0, 0, 5
0, 0, 0, 0, 0, 0, 0, 0, 5
0, 0, 0, 0, 0, 0, 0, 0, 5
0, 0, 0, 0, 0, 0, 0, 0, 5
0, 0, 0, 0, 0, 0, 0, 0, 5
0, 0, 0, 0, 0, 0, 0, 0, 5
0, 0, 0, 0, 0, 0, 0, 0, 6
0, 0, 0, 0, 0, 0, 0, 0, 6
0, 0, 0, 0, 0, 7, 1, 1, 1
0, 0, 0, 0, 0, 0, 0, 7, 4
0, 0, 0, 0, 0, 0, 0, 7, 1
0, 0, 0, 0, 0, 0, 0, 6, 6
0, 0, 0, 0, 6, 1, 1, 1, 1
0, 0, 0, 0, 6, 6, 6, 6, 6
0, 0, 0, 0, 0, 7, 1, 1, 1
0, 0, 0, 0, 0, 0, 0, 6, 6
0, 0, 0, 0, 7, 7, 7, 1, 1
0, 0, 0, 0, 0, 0, 7, 1, 1
0, 0, 0, 0, 6, 6, 6, 6, 6
0, 0, 0, 0, 0, 7, 4, 4, 4
0, 0, 7, 1, 1, 1, 1, 1, 1
0, 0, 0, 0, 0, 0, 0, 5, 1
0, 0, 0, 0, 0, 0, 0, 5, 5
0, 0, 7, 1, 1, 1, 1, 1, 1
0, 5, 5, 5, 5, 2, 2, 2, 2
0, 0, 0, 0, 0, 0, 0, 6, 6
0, 0, 7, 7, 7, 7, 7, 4, 4
0, 0, 0, 6, 6, 6, 6, 6, 1
0, 0, 7, 1, 1, 1, 1, 1, 1
0, 0, 7, 1, 1, 1, 1, 1, 1
0, 0, 0, 0, 0, 0, 0, 0, 6
0, 0, 0, 0, 0, 0, 0, 0, 6
0, 0, 0, 6, 6, 6, 6, 6, 6
0, 0, 0, 0, 0, 0, 7, 1, 1
0, 0, 0, 0, 0, 0, 0, 7, 1
0, 0, 0, 0, 0, 0, 0, 7, 1
0, 0, 0, 0, 0, 0, 0, 6, 6
0, 0, 0, 0, 6, 6, 6, 6, 6
0, 0, 0, 0, 0, 0, 6, 6, 6
0, 0, 0, 0, 6, 6, 6, 6, 6
0, 0, 0, 0, 0, 6, 6, 6, 6
0, 0, 0, 0, 0, 0, 0, 7, 1
0, 0, 0, 0, 0, 0, 0, 7, 1
0, 0, 0, 0, 0, 0, 0, 7, 1
0, 0, 0, 0, 0, 0, 0, 7, 1
0, 0, 0, 0, 0, 0, 0, 7, 1
0, 0, 0, 0, 0, 0, 0, 7, 1
0, 0, 0, 0, 0, 0, 0, 6, 6
0, 0, 0, 0, 6, 6, 6, 6, 6
0, 0, 0, 7, 7, 1, 1, 1, 1
0, 0, 0, 0, 0, 0, 0, 6, 6
0, 0, 0, 0, 0, 0, 6, 3, 3
0, 0, 0, 0, 0, 7, 1, 1, 1
0, 0, 0, 0, 0, 0, 6, 6, 6
0, 0, 0, 0, 0, 0, 0, 7, 1
0, 0, 7, 7, 7, 1, 1, 1, 1
0, 0, 0, 0, 0, 0, 0, 6, 6
0, 0, 0, 0, 0, 0, 6, 6, 6
0, 0, 0, 0, 0, 0, 0, 6, 6
0, 0, 0, 0, 0, 0, 0, 0, 6
0, 0, 0, 0, 6, 6, 6, 6, 6
0, 0, 0, 0, 0, 0, 6, 6, 1
0, 0, 7, 7, 7, 7, 7, 7, 1
0, 0, 6, 6, 6, 6, 6, 6, 6
0, 0, 0, 0, 0, 0, 0, 6, 6
0, 0, 0, 0, 0, 0, 0, 0, 6
0, 0, 0, 0, 6, 6, 6, 6, 6
0, 0, 0, 0, 0, 0, 0, 6, 6
0, 0, 0, 0, 0, 0, 0, 7, 4
0, 0, 0, 0, 0, 0, 0, 6, 6
0, 0, 0, 0, 0, 0, 0, 0, 6
0, 0, 7, 1, 1, 1, 1, 1, 1
0, 0, 0, 0, 0, 0, 0, 0, 6
0, 0, 0, 0, 6, 1, 1, 1, 1
0, 0, 0, 0, 0, 0, 7, 4, 4
0, 0, 0, 0, 0, 0, 0, 6, 1
0, 0, 0, 0, 0, 0, 0, 0, 5
0, 0, 0, 0, 0, 0, 0, 6, 1
0, 0, 0, 0, 0, 0, 0, 5, 1
0, 0, 0, 0, 0, 0, 0, 7, 1
0, 0, 0, 0, 0, 0, 0, 6, 6
0, 0, 0, 0, 0, 0, 7, 1, 1
0, 0, 0, 0, 6, 1, 1, 1, 1
0, 0, 0, 0, 0, 0, 7, 4, 4
0, 0, 0, 6, 6, 6, 6, 6, 6
0, 5, 5, 5, 5, 1, 0, 6, 3
0, 0, 0, 0, 6, 6, 6, 6, 6
0, 0, 0, 0, 7, 1, 1, 1, 1
0, 0, 0, 0, 0, 0, 0, 7, 1
0, 0, 0, 0, 0, 7, 1, 1, 1
0, 0, 0, 0, 7, 1, 1, 1, 1
0, 0, 0, 0, 0, 7, 1, 1, 1
0, 0, 0, 0, 0, 0, 7, 1, 1
0, 0, 0, 0, 0, 0, 0, 0, 6
0, 0, 0, 0, 0, 0, 0, 7, 1
0, 0, 0, 0, 6, 1, 1, 1, 1
0, 0, 0, 0, 0, 0, 7, 1, 1
0, 0, 0, 7, 7, 1, 1, 1, 1
0, 0, 7, 1, 1, 1, 1, 1, 1
0, 0, 0, 0, 0, 0, 7, 1, 1
0, 0, 0, 0, 0, 0, 0, 0, 6
0, 0, 0, 0, 7, 1, 1, 1, 1
0, 0, 0, 0, 0, 6, 6, 6, 6
0, 0, 0, 0, 0, 0, 0, 6, 6
0, 0, 0, 0, 0, 0, 0, 6, 6
0, 0, 0, 0, 0, 0, 7, 1, 1
0, 0, 0, 0, 0, 0, 0, 0, 6
0, 0, 0, 0, 0, 0, 0, 0, 6
0, 0, 0, 0, 6, 1, 1, 1, 1
0, 0, 6, 6, 6, 6, 6, 6, 6
0, 0, 0, 0, 0, 0, 0, 6, 6
0, 0, 0, 0, 0, 0, 0, 6, 6
0, 0, 0, 0, 0, 0, 0, 0, 6
0, 0, 0, 0, 0, 0, 6, 6, 1
0, 0, 0, 0, 0, 0, 0, 6, 6
0, 0, 0, 0, 0, 0, 0, 0, 6
0, 0, 0, 0, 0, 0, 0, 6, 6
0, 0, 0, 0, 0, 0, 0, 6, 6
0, 0, 0, 0, 0, 7, 1, 1, 1
0, 0, 0, 0, 0, 0, 0, 6, 6
0, 5, 5, 5, 5, 2, 2, 2, 2
0, 0, 0, 0, 0, 0, 0, 6, 1
0, 0, 0, 0, 0, 0, 0, 7, 1
0, 0, 0, 0, 7, 1, 1, 1, 1
0, 0, 0, 0, 0, 0, 0, 7, 1
0, 0, 0, 0, 7, 1, 1, 1, 1
0, 0, 0, 0, 7, 1, 1, 1, 1
0, 0, 0, 0, 0, 0, 0, 6, 1
0, 0, 0, 0, 0, 0, 6, 6, 6
0, 0, 0, 7, 7, 7, 7, 4, 4
0, 0, 0, 0, 7, 1, 1, 1, 1
0, 0, 0, 0, 0, 0, 0, 7, 1
0, 0, 0, 0, 0, 0, 0, 6, 6
0, 0, 7, 7, 7, 1, 1, 1, 1
0, 0, 0, 0, 0, 7, 1, 1, 1
0, 0, 0, 0, 0, 0, 0, 6, 6
0, 0, 0, 7, 7, 1, 1, 1, 1
0, 0, 0, 0, 0, 0, 7, 1, 1
0, 0, 0, 0, 0, 6, 6, 6, 6
0, 0, 0, 0, 0, 0, 7, 1, 1
0, 0, 0, 7, 7, 1, 1, 1, 1
0, 0, 0, 0, 0, 0, 6, 6, 6
0, 0, 0, 7, 1, 1, 1, 1, 1
0, 5, 5, 5, 5, 2, 2, 2, 2
0, 0, 0, 0, 0, 0, 6, 6, 6
0, 0, 0, 0, 6, 6, 6, 6, 6
0, 0, 0, 0, 0, 0, 0, 5, 1
0, 0, 6, 6, 6, 6, 6, 3, 3
0, 0, 0, 0, 0, 0, 0, 0, 6
0, 0, 0, 0, 0, 0, 0, 7, 1
0, 0, 0, 0, 0, 0, 0, 0, 6
0, 0, 0, 0, 6, 1, 1, 1, 1
0, 0, 0, 0, 0, 0, 0, 7, 1
0, 5, 1, 0, 6, 6, 3, 3, 3
0, 0, 0, 6, 6, 6, 6, 6, 6
0, 0, 0, 0, 6, 6, 6, 6, 6
0, 0, 0, 0, 0, 7, 1, 1, 1
0, 0, 0, 0, 0, 7, 1, 1, 1
0, 0, 0, 0, 0, 0, 0, 7, 1
0, 0, 0, 0, 0, 7, 1, 1, 1
0, 0, 0, 0, 0, 0, 7, 1, 1
0, 0, 0, 0, 0, 0, 7, 1, 1
0, 0, 0, 0, 6, 6, 6, 6, 6
0, 0, 0, 0, 0, 7, 1, 1, 1
0, 0, 0, 0, 6, 1, 1, 1, 1
0, 0, 0, 0, 0, 6, 6, 6, 6
0, 0, 0, 0, 0, 0, 0, 0, 6
0, 0, 0, 0, 0, 7, 1, 1, 1
0, 0, 0, 0, 0, 0, 0, 6, 6
0, 0, 0, 0, 0, 0, 0, 6, 6
0, 0, 0, 7, 7, 7, 7, 4, 4
0, 0, 0, 7, 7, 1, 1, 1, 1
0, 0, 0, 0, 0, 0, 0, 7, 1
0, 0, 0, 0, 0, 0, 0, 0, 6
0, 0, 0, 0, 0, 0, 7, 1, 1
0, 0, 0, 0, 0, 0, 7, 1, 1
0, 0, 0, 0, 0, 0, 0, 7, 1
0, 0, 0, 0, 0, 0, 0, 7, 1
0, 0, 0, 0, 0, 0, 7, 1, 1
0, 0, 0, 0, 0, 0, 0, 7, 1
0, 0, 0, 0, 0, 0, 0, 7, 1
0, 0, 0, 0, 0, 0, 0, 7, 1
0, 0, 0, 0, 0, 0, 0, 7, 1
0, 0, 0, 0, 0, 0, 0, 7, 1
0, 0, 0, 0, 0, 0, 0, 7, 1
0, 0, 0, 0, 0, 0, 0, 7, 1
0, 0, 0, 0, 0, 0, 0, 7, 1
0, 0, 0, 0, 0, 0, 0, 7, 1
0, 0, 0, 0, 0, 0, 0, 7, 1
0, 0, 0, 0, 0, 0, 0, 7, 1
0, 0, 0, 0, 0, 0, 0, 7, 1
0, 0, 0, 0, 0, 0, 0, 0, 6
0, 0, 6, 6, 6, 6, 6, 6, 6
0, 0, 0, 0, 6, 6, 6, 6, 6
0, 0, 0, 0, 0, 0, 6, 6, 1
0, 0, 0, 0, 0, 6, 6, 6, 6
0, 0, 0, 0, 0, 0, 0, 6, 6
0, 0, 0, 7, 7, 1, 1, 1, 1
0, 0, 0, 0, 0, 7, 1, 1, 1
0, 0, 6, 6, 6, 1, 1, 1, 1
0, 5, 1, 0, 6, 3, 3, 3, 3
0, 0, 0, 0, 0, 0, 0, 0, 6
0, 0, 0, 0, 0, 0, 0, 6, 6
0, 0, 0, 0, 0, 6, 6, 6, 6
0, 0, 0, 0, 0, 6, 1, 1, 1
0, 0, 0, 0, 0, 6, 6, 6, 6
0, 0, 0, 0, 0, 0, 6, 6, 6
0, 0, 0, 0, 0, 0, 0, 0, 6
0, 0, 0, 0, 6, 1, 1, 1, 1
0, 0, 0, 0, 0, 0, 0, 6, 6
0, 0, 0, 0, 6, 6, 6, 6, 6
0, 0, 0, 0, 0, 0, 0, 6, 6
0, 0, 0, 0, 0, 0, 0, 0, 6
0, 0, 0, 0, 6, 6, 6, 6, 6
0, 0, 0, 0, 0, 0, 0, 0, 6
0, 0, 0, 0, 0, 0, 0, 7, 1
0, 0, 0, 0, 6, 1, 1, 1, 1
0, 0, 0, 0, 0, 0, 0, 6, 6
0, 0, 7, 7, 7, 7, 7, 4, 4
0, 0, 6, 6, 6, 6, 3, 3, 3
0, 0, 0, 0, 6, 6, 6, 6, 1
0, 0, 0, 0, 0, 0, 6, 6, 1
0, 0, 0, 0, 0, 0, 6, 6, 6
0, 0, 0, 0, 0, 0, 7, 1, 1
0, 0, 0, 0, 0, 0, 7, 4, 4
0, 0, 0, 0, 0, 0, 0, 6, 6
0, 0, 0, 0, 0, 0, 0, 7, 1
0, 0, 0, 0, 0, 0, 0, 7, 1
0, 0, 0, 0, 0, 0, 0, 7, 1
0, 0, 0, 0, 0, 0, 0, 7, 1
0, 0, 0, 0, 0, 0, 0, 7, 1
0, 0, 0, 0, 0, 0, 0, 7, 1
0, 0, 0, 0, 0, 0, 0, 7, 1
0, 0, 0, 0, 0, 0, 6, 6, 1
0, 0, 0, 0, 0, 0, 0, 7, 1
0, 0, 0, 0, 0, 0, 0, 7, 1
0, 0, 0, 0, 0, 0, 0, 7, 1
0, 0, 6, 6, 6, 6, 6, 6, 6
0, 0, 0, 0, 0, 0, 0, 0, 6
0, 0, 0, 0, 0, 0, 0, 6, 6
0, 0, 0, 0, 0, 0, 6, 6, 6
0, 0, 0, 0, 0, 0, 0, 7, 4
0, 0, 0, 0, 0, 7, 1, 1, 1
0, 0, 0, 0, 0, 0, 0, 6, 1
0, 0, 0, 0, 6, 1, 1, 1, 1
0, 0, 0, 0, 0, 0, 0, 0, 6
0, 0, 0, 0, 0, 0, 7, 1, 1
0, 0, 0, 0, 0, 0, 0, 5, 5
0, 0, 0, 0, 0, 0, 6, 6, 6
0, 0, 0, 0, 0, 7, 1, 1, 1
0, 0, 0, 0, 0, 7, 1, 1, 1
0, 0, 0, 0, 0, 0, 6, 6, 6
0, 0, 0, 0, 0, 0, 0, 0, 6
0, 0, 0, 0, 6, 1, 1, 1, 1
0, 0, 7, 7, 1, 1, 1, 1, 1
0, 0, 0, 0, 0, 0, 0, 6, 6
0, 0, 0, 0, 0, 0, 6, 6, 6
0, 0, 7, 7, 7, 7, 7, 4, 4
0, 0, 0, 0, 0, 0, 6, 6, 6
0, 0, 0, 0, 0, 0, 0, 6, 6
0, 0, 0, 0, 0, 0, 0, 7, 1
0, 0, 0, 0, 0, 0, 0, 0, 6
0, 0, 0, 0, 0, 0, 0, 0, 6
0, 0, 0, 0, 0, 7, 1, 1, 1
0, 0, 0, 0, 6, 1, 1, 1, 1
0, 0, 0, 0, 0, 0, 0, 0, 6
0, 0, 0, 0, 6, 6, 6, 6, 6
0, 0, 0, 0, 0, 0, 0, 6, 6
0, 0, 0, 0, 0, 0, 6, 6, 6
0, 0, 0, 7, 1, 1, 1, 1, 1
0, 0, 0, 0, 6, 6, 6, 6, 6
0, 0, 0, 0, 0, 6, 6, 6, 6
0, 0, 0, 0, 6, 6, 6, 6, 6
0, 0, 0, 0, 6, 6, 6, 6, 6
0, 0, 7, 7, 7, 7, 7, 1, 1
0, 0, 0, 0, 0, 0, 7, 1, 1
0, 0, 0, 0, 0, 7, 1, 1, 1
0, 0, 0, 0, 0, 7, 1, 1, 1
0, 0, 0, 0, 0, 0, 7, 1, 1
0, 0, 0, 0, 0, 7, 1, 1, 1
0, 0, 0, 0, 0, 0, 0, 6, 6
0, 0, 0, 0, 0, 0, 0, 0, 6
0, 0, 0, 0, 0, 0, 7, 1, 1
0, 0, 0, 0, 7, 1, 1, 1, 1
0, 0, 7, 1, 1, 1, 1, 1, 1
0, 0, 0, 0, 0, 6, 6, 6, 6
0, 0, 0, 0, 0, 0, 0, 6, 6
0, 0, 0, 0, 0, 0, 0, 6, 6
0, 0, 0, 0, 0, 0, 0, 0, 6
0, 0, 0, 0, 0, 0, 0, 6, 6
0, 0, 0, 0, 0, 0, 0, 6, 6
0, 0, 0, 0, 6, 6, 6, 6, 6
0, 0, 6, 6, 6, 6, 3, 3, 3
0, 0, 0, 0, 0, 0, 6, 6, 6
0, 0, 0, 0, 0, 0, 0, 7, 1
0, 0, 0, 0, 0, 0, 0, 7, 1
0, 5, 5, 5, 5, 2, 2, 2, 2
0, 0, 0, 0, 0, 0, 0, 0, 6
0, 0, 0, 0, 6, 6, 6, 6, 6
0, 0, 0, 0, 7, 1, 1, 1, 1
0, 0, 0, 6, 6, 6, 6, 6, 6
0, 0, 0, 7, 7, 1, 1, 1, 1
0, 0, 0, 7, 1, 1, 1, 1, 1
0, 0, 0, 0, 0, 0, 0, 6, 6
0, 5, 5, 5, 5, 2, 2, 2, 2
0, 0, 0, 0, 6, 1, 1, 1, 1
0, 0, 0, 0, 0, 0, 0, 7, 1
0, 0, 0, 0, 0, 0, 0, 7, 1
0, 0, 0, 0, 0, 0, 0, 6, 6
0, 0, 0, 0, 0, 0, 0, 6, 6
0, 0, 0, 0, 0, 0, 0, 6, 6
0, 0, 0, 0, 0, 0, 0, 7, 1
0, 0, 0, 0, 0, 0, 0, 6, 6
0, 0, 0, 0, 0, 0, 0, 6, 6
0, 0, 0, 0, 0, 0, 0, 6, 6
0, 0, 0, 0, 0, 0, 0, 6, 6
0, 0, 0, 0, 0, 0, 0, 7, 1
0, 0, 0, 0, 0, 0, 0, 6, 1
0, 0, 0, 0, 0, 0, 0, 6, 6
0, 0, 0, 0, 0, 0, 0, 7, 1
0, 0, 0, 0, 0, 0, 0, 7, 1
0, 0, 0, 0, 0, 0, 0, 6, 6
0, 0, 0, 0, 0, 0, 0, 6, 6
0, 0, 0, 0, 0, 0, 0, 7, 1
0, 0, 0, 0, 0, 0, 0, 7, 1
0, 0, 0, 0, 0, 0, 0, 7, 1
0, 0, 0, 0, 0, 0, 0, 0, 6
0, 0, 0, 0, 0, 0, 7, 1, 1
0, 0, 0, 0, 0, 7, 1, 1, 1
0, 0, 6, 6, 3, 3, 3, 3, 3
0, 0, 0, 0, 0, 7, 1, 1, 1
0, 0, 0, 6, 6, 1, 1, 1, 1
0, 0, 0, 0, 7, 1, 1, 1, 1
0, 0, 0, 0, 0, 0, 0, 7, 1
0, 0, 0, 0, 0, 0, 0, 0, 6
0, 0, 0, 0, 0, 0, 7, 1, 1
0, 0, 0, 0, 0, 0, 0, 7, 1
0, 0, 6, 6, 6, 6, 6, 6, 6
0, 0, 0, 7, 7, 7, 7, 4, 4
0, 0, 0, 0, 0, 0, 0, 7, 1
0, 0, 0, 0, 0, 0, 7, 1, 1
0, 0, 0, 7, 7, 7, 7, 1, 1
0, 0, 0, 7, 1, 1, 1, 1, 1
0, 0, 0, 0, 0, 0, 6, 6, 6
0, 0, 0, 0, 0, 6, 1, 1, 1
0, 0, 0, 0, 0, 0, 6, 6, 1
0, 0, 0, 0, 0, 0, 0, 6, 6
0, 0, 0, 0, 0, 0, 0, 7, 1
0, 0, 0, 0, 0, 0, 0, 6, 6
0, 0, 0, 0, 0, 6, 1, 1, 1
0, 0, 6, 6, 6, 6, 6, 6, 6
0, 0, 0, 0, 0, 7, 1, 1, 1
0, 0, 0, 0, 0, 7, 1, 1, 1
0, 0, 0, 0, 6, 6, 6, 6, 6
0, 0, 7, 7, 7, 1, 1, 1, 1
0, 0, 0, 0, 0, 0, 0, 7, 4
0, 0, 0, 0, 0, 0, 0, 6, 6
0, 0, 0, 0, 7, 1, 1, 1, 1
0, 0, 0, 0, 6, 1, 1, 1, 1
0, 0, 0, 0, 6, 1, 1, 1, 1
0, 0, 0, 0, 0, 0, 0, 6, 6
0, 0, 0, 0, 0, 0, 7, 1, 1
0, 0, 0, 0, 0, 0, 0, 6, 6
0, 0, 0, 0, 0, 0, 0, 5, 5
0, 0, 0, 0, 0, 0, 6, 6, 6
0, 0, 7, 1, 1, 1, 1, 1, 1
0, 0, 7, 1, 1, 1, 1, 1, 1
0, 0, 0, 0, 6, 6, 6, 6, 6
0, 0, 0, 0, 0, 0, 0, 6, 6
0, 0, 0, 0, 6, 6, 6, 6, 6
0, 0, 0, 0, 6, 1, 1, 1, 1
0, 0, 0, 0, 7, 1, 1, 1, 1
0, 0, 7, 1, 1, 1, 1, 1, 1
0, 0, 0, 0, 6, 6, 6, 6, 1
0, 0, 0, 0, 0, 0, 6, 6, 1
0, 0, 0, 0, 6, 1, 1, 1, 1
0, 5, 5, 5, 5, 2, 2, 2, 2
0, 0, 0, 0, 0, 0, 0, 7, 1
0, 0, 0, 0, 0, 0, 0, 7, 1
0, 0, 0, 0, 0, 0, 0, 7, 1
0, 0, 0, 0, 6, 1, 1, 1, 1
0, 0, 0, 0, 0, 0, 0, 6, 6
0, 0, 0, 0, 0, 0, 0, 5, 1
0, 0, 0, 0, 0, 0, 0, 5, 5
0, 0, 0, 0, 0, 0, 0, 6, 1
0, 0, 7, 1, 1, 1, 1, 1, 1
0, 0, 6, 6, 6, 6, 6, 6, 6
0, 0, 7, 7, 7, 7, 7, 1, 1
0, 0, 0, 0, 0, 0, 0, 6, 1
0, 0, 0, 0, 0, 0, 0, 7, 1
0, 0, 0, 0, 0, 0, 0, 6, 6
0, 0, 0, 0, 0, 0, 0, 0, 6
0, 0, 0, 7, 7, 1, 1, 1, 1
0, 0, 0, 0, 0, 0, 0, 6, 6
0, 0, 0, 0, 6, 6, 6, 6, 6
0, 0, 0, 0, 0, 0, 0, 7, 4
0, 0, 0, 0, 0, 7, 1, 1, 1
0, 0, 0, 0, 0, 0, 0, 0, 5
0, 0, 0, 0, 0, 0, 0, 7, 1
0, 0, 0, 0, 0, 0, 0, 7, 4
0, 0, 0, 0, 0, 0, 6, 6, 6
0, 0, 0, 0, 6, 1, 1, 1, 1
0, 0, 0, 7, 1, 1, 1, 1, 1
0, 0, 0, 0, 0, 0, 0, 6, 6
0, 0, 0, 0, 0, 6, 1, 1, 1
0, 0, 0, 0, 0, 0, 0, 6, 6
0, 0, 0, 0, 0, 0, 0, 6, 6
0, 0, 0, 0, 0, 6, 1, 1, 1
0, 0, 0, 0, 6, 1, 1, 1, 1
0, 0, 0, 0, 0, 0, 0, 6, 6
0, 0, 0, 0, 6, 1, 1, 1, 1
0, 0, 0, 0, 0, 0, 0, 6, 6
0, 0, 0, 7, 7, 7, 7, 1, 1
0, 0, 0, 0, 0, 6, 6, 6, 1
0, 0, 7, 1, 1, 1, 1, 1, 1
0, 0, 0, 0, 6, 1, 1, 1, 1
0, 0, 0, 0, 0, 0, 6, 6, 6
0, 0, 0, 0, 0, 6, 1, 1, 1
0, 0, 0, 0, 0, 0, 0, 6, 6
0, 0, 7, 1, 1, 1, 1, 1, 1
0, 0, 0, 0, 7, 1, 1, 1, 1
0, 0, 0, 0, 0, 6, 6, 6, 6
0, 0, 0, 0, 0, 6, 1, 1, 1
0, 0, 0, 0, 6, 1, 1, 1, 1
0, 0, 0, 0, 0, 0, 0, 0, 6
0, 0, 0, 0, 0, 0, 0, 0, 6
0, 5, 5, 5, 5, 2, 2, 2, 2
0, 0, 0, 0, 0, 0, 0, 0, 6
0, 0, 0, 0, 0, 0, 7, 1, 1
0, 0, 0, 0, 0, 6, 6, 6, 6
0, 0, 0, 0, 0, 0, 7, 1, 1
0, 0, 0, 0, 0, 0, 7, 1, 1
0, 0, 0, 6, 6, 6, 6, 6, 6
0, 0, 6, 6, 3, 3, 3, 3, 3
0, 0, 0, 0, 6, 6, 6, 6, 6
0, 0, 0, 0, 0, 0, 7, 1, 1
0, 0, 0, 0, 0, 6, 1, 1, 1
0, 0, 0, 0, 0, 0, 0, 6, 6
0, 0, 0, 0, 0, 0, 0, 6, 6
0, 0, 0, 0, 0, 0, 7, 1, 1
0, 0, 7, 4, 4, 4, 4, 4, 4
0, 0, 0, 7, 7, 1, 1, 1, 1
0, 0, 0, 0, 0, 0, 0, 0, 6
0, 0, 0, 0, 0, 7, 1, 1, 1
0, 0, 0, 7, 7, 7, 7, 4, 4
0, 0, 0, 0, 0, 0, 0, 5, 5
0, 0, 0, 0, 0, 0, 7, 1, 1
0, 0, 0, 0, 6, 1, 1, 1, 1
0, 0, 0, 0, 0, 0, 0, 7, 1
0, 0, 0, 0, 0, 0, 6, 6, 6
0, 0, 0, 0, 0, 0, 7, 1, 1
0, 0, 0, 0, 0, 0, 0, 0, 6
0, 0, 0, 0, 0, 0, 0, 6, 6
0, 5, 5, 5, 5, 2, 2, 2, 2
0, 0, 0, 0, 6, 6, 6, 6, 6
0, 0, 0, 0, 0, 0, 0, 0, 6
0, 0, 0, 0, 0, 0, 0, 7, 1
0, 0, 0, 0, 6, 1, 1, 1, 1
0, 0, 0, 0, 6, 1, 1, 1, 1
0, 0, 0, 0, 0, 0, 6, 6, 1
0, 0, 0, 7, 1, 1, 1, 1, 1
0, 0, 0, 0, 6, 1, 1, 1, 1
0, 0, 0, 0, 0, 0, 7, 1, 1
0, 0, 0, 0, 0, 6, 6, 6, 6
0, 0, 0, 0, 6, 1, 1, 1, 1
0, 0, 0, 0, 6, 1, 1, 1, 1
0, 0, 0, 0, 0, 0, 0, 0, 6
0, 0, 0, 0, 0, 0, 7, 1, 1
0, 0, 0, 7, 1, 1, 1, 1, 1
0, 0, 0, 0, 0, 0, 0, 7, 1
0, 0, 0, 0, 0, 0, 0, 7, 1
0, 0, 0, 0, 7, 1, 1, 1, 1
0, 0, 0, 7, 1, 1, 1, 1, 1
0, 0, 0, 0, 0, 0, 6, 6, 6
0, 0, 0, 0, 0, 0, 7, 1, 1
0, 0, 0, 0, 0, 7, 1, 1, 1
0, 0, 0, 0, 0, 0, 0, 7, 1
0, 0, 0, 0, 0, 6, 1, 1, 1
0, 0, 0, 0, 0, 0, 0, 7, 1
0, 0, 0, 0, 0, 0, 0, 6, 6
0, 0, 0, 0, 0, 0, 0, 6, 6
0, 0, 0, 0, 0, 0, 0, 0, 6
0, 0, 0, 0, 0, 0, 0, 0, 6
0, 0, 0, 0, 0, 7, 1, 1, 1
0, 0, 0, 0, 0, 7, 1, 1, 1
0, 0, 0, 0, 0, 7, 1, 1, 1
0, 0, 0, 0, 0, 0, 0, 6, 6
0, 0, 0, 0, 0, 0, 0, 0, 6
0, 0, 0, 7, 7, 7, 7, 4, 4
0, 0, 0, 0, 7, 1, 1, 1, 1
0, 0, 6, 6, 6, 6, 6, 6, 6
0, 0, 0, 0, 0, 0, 0, 5, 5
0, 0, 0, 0, 0, 0, 7, 4, 4
0, 0, 0, 7, 1, 1, 1, 1, 1
0, 0, 0, 0, 0, 7, 1, 1, 1
0, 0, 6, 6, 6, 6, 3, 3, 3
0, 0, 0, 0, 6, 1, 1, 1, 1
0, 0, 0, 0, 6, 1, 1, 1, 1
0, 0, 0, 0, 0, 0, 0, 5, 5
0, 0, 0, 0, 0, 0, 0, 0, 6
0, 5, 1, 0, 6, 6, 3, 3, 3
0, 0, 0, 0, 7, 1, 1, 1, 1
0, 5, 5, 5, 5, 2, 2, 2, 2
0, 0, 0, 0, 0, 0, 0, 0, 6
0, 0, 0, 0, 0, 0, 0, 7, 1
0, 0, 0, 6, 6, 6, 6, 6, 6
0, 0, 0, 0, 0, 0, 0, 6, 6
0, 0, 0, 0, 0, 0, 0, 6, 6
0, 0, 0, 0, 6, 6, 6, 6, 6
0, 0, 0, 0, 0, 0, 0, 6, 6
0, 0, 0, 7, 7, 1, 1, 1, 1
0, 0, 0, 7, 7, 1, 1, 1, 1
0, 0, 0, 0, 0, 0, 0, 6, 6
0, 0, 0, 0, 0, 0, 0, 0, 6
0, 0, 0, 0, 6, 6, 6, 6, 6
0, 0, 7, 1, 1, 1, 1, 1, 1
0, 0, 0, 0, 7, 7, 7, 1, 1
0, 0, 0, 0, 6, 6, 6, 6, 6
0, 0, 0, 0, 0, 0, 7, 1, 1
0, 0, 0, 0, 0, 7, 7, 4, 4
0, 0, 0, 0, 0, 0, 7, 1, 1
0, 0, 0, 0, 6, 1, 1, 1, 1
0, 0, 0, 0, 6, 6, 6, 6, 6
0, 0, 0, 0, 0, 0, 7, 1, 1
0, 0, 0, 0, 0, 0, 0, 0, 6
0, 0, 0, 0, 7, 1, 1, 1, 1
0, 0, 0, 0, 7, 1, 1, 1, 1
0, 0, 0, 0, 0, 0, 0, 7, 4
0, 0, 0, 0, 0, 0, 0, 6, 6
0, 0, 0, 0, 0, 0, 0, 7, 1
0, 0, 0, 0, 0, 0, 0, 0, 6
0, 0, 0, 0, 0, 0, 0, 6, 6
0, 0, 0, 0, 0, 0, 6, 6, 6
0, 0, 0, 0, 0, 0, 0, 6, 6
0, 0, 0, 0, 0, 0, 0, 0, 6
0, 0, 0, 0, 0, 6, 6, 6, 1
0, 0, 0, 0, 0, 0, 0, 6, 1
0, 0, 0, 0, 0, 0, 0, 7, 1
0, 0, 0, 0, 0, 0, 7, 1, 1
0, 0, 0, 0, 0, 0, 7, 1, 1
0, 0, 0, 0, 0, 0, 0, 0, 6
0, 0, 0, 6, 6, 6, 6, 6, 6
0, 0, 7, 4, 4, 4, 4, 4, 4
0, 0, 0, 0, 0, 0, 6, 6, 6
0, 0, 0, 0, 6, 6, 6, 6, 6
0, 0, 0, 0, 0, 0, 0, 7, 1
0, 0, 0, 0, 6, 6, 6, 6, 6
0, 0, 0, 0, 0, 0, 0, 0, 6
0, 0, 0, 0, 0, 0, 0, 0, 6
0, 0, 0, 0, 0, 0, 6, 6, 6
0, 0, 0, 0, 6, 6, 6, 6, 6
0, 0, 0, 0, 0, 0, 6, 6, 6
0, 0, 0, 0, 0, 0, 0, 0, 6
0, 0, 0, 0, 6, 6, 6, 6, 6
0, 0, 0, 0, 0, 0, 0, 7, 1
0, 0, 0, 0, 6, 6, 6, 6, 6
0, 0, 0, 0, 6, 1, 1, 1, 1
0, 0, 7, 7, 7, 7, 7, 4, 4
0, 0, 0, 0, 0, 0, 0, 6, 6
0, 0, 0, 0, 7, 7, 7, 1, 1
0, 0, 0, 0, 0, 0, 0, 7, 1
0, 0, 0, 0, 0, 0, 0, 7, 1
0, 0, 0, 0, 0, 0, 0, 7, 1
0, 0, 0, 0, 0, 0, 0, 0, 6
0, 0, 0, 0, 0, 0, 0, 0, 6
0, 0, 0, 0, 6, 1, 1, 1, 1
0, 0, 6, 6, 6, 6, 6, 6, 6
0, 0, 0, 7, 1, 1, 1, 1, 1
0, 0, 7, 4, 4, 4, 4, 4, 4
0, 0, 0, 0, 0, 0, 0, 7, 4
0, 0, 0, 7, 1, 1, 1, 1, 1
0, 0, 7, 1, 1, 1, 1, 1, 1
0, 0, 0, 7, 7, 7, 7, 4, 4
0, 0, 7, 1, 1, 1, 1, 1, 1
0, 0, 6, 6, 6, 6, 6, 6, 6
0, 0, 0, 0, 0, 0, 0, 6, 6
0, 0, 0, 0, 0, 7, 1, 1, 1
0, 0, 6, 6, 6, 6, 6, 3, 3
0, 0, 0, 0, 0, 6, 1, 1, 1
0, 0, 6, 6, 6, 6, 6, 6, 6
0, 0, 0, 0, 0, 0, 0, 6, 1
0, 0, 0, 0, 0, 0, 0, 7, 1
0, 0, 7, 7, 7, 7, 7, 4, 4
0, 0, 6, 6, 6, 6, 6, 6, 6
0, 5, 5, 5, 5, 2, 2, 2, 2
0, 0, 7, 1, 1, 1, 1, 1, 1
0, 0, 0, 0, 0, 0, 0, 6, 6
0, 0, 0, 7, 7, 7, 7, 1, 1
0, 0, 7, 1, 1, 1, 1, 1, 1
0, 0, 0, 0, 0, 7, 1, 1, 1
0, 0, 0, 0, 7, 7, 7, 1, 1
0, 0, 0, 0, 0, 0, 0, 6, 6
0, 5, 1, 0, 6, 3, 3, 3, 3
0, 0, 0, 0, 0, 0, 0, 6, 6
0, 0, 0, 0, 6, 1, 1, 1, 1
0, 0, 0, 6, 6, 1, 1, 1, 1
0, 0, 0, 0, 0, 0, 0, 7, 1
0, 0, 0, 0, 7, 1, 1, 1, 1
0, 0, 0, 0, 0, 0, 0, 7, 1
0, 0, 0, 0, 0, 0, 0, 7, 1
0, 0, 7, 7, 7, 7, 7, 4, 4
0, 0, 0, 0, 0, 7, 1, 1, 1
0, 0, 0, 0, 7, 1, 1, 1, 1
0, 0, 0, 0, 0, 0, 0, 6, 6
0, 0, 0, 0, 0, 0, 6, 6, 6
0, 0, 0, 0, 0, 6, 1, 1, 1
0, 0, 0, 0, 0, 0, 0, 0, 6
0, 0, 0, 0, 7, 7, 7, 4, 4
0, 0, 0, 0, 6, 1, 1, 1, 1
0, 0, 0, 0, 0, 0, 0, 7, 1
0, 0, 0, 0, 0, 0, 6, 6, 6
0, 0, 7, 7, 7, 7, 4, 4, 4
0, 0, 0, 0, 0, 0, 0, 6, 1
0, 0, 0, 0, 0, 0, 0, 0, 6
0, 0, 0, 0, 0, 0, 0, 6, 6
0, 0, 0, 0, 0, 0, 0, 6, 6
0, 0, 0, 0, 6, 1, 1, 1, 1
0, 0, 0, 0, 0, 0, 0, 6, 6
0, 0, 0, 0, 0, 0, 0, 7, 1
0, 0, 0, 0, 0, 6, 6, 6, 6
0, 0, 0, 0, 0, 0, 0, 0, 6
0, 0, 6, 6, 6, 6, 3, 3, 3
0, 0, 0, 0, 0, 0, 0, 6, 6
0, 0, 0, 0, 0, 0, 0, 6, 6
0, 0, 0, 0, 0, 0, 6, 6, 6
0, 0, 0, 0, 0, 0, 0, 6, 6
0, 0, 0, 0, 0, 0, 0, 7, 4
0, 0, 0, 0, 0, 6, 6, 6, 6
0, 0, 0, 0, 0, 0, 0, 5, 1
0, 0, 0, 0, 0, 0, 0, 6, 1
0, 0, 0, 0, 0, 0, 7, 1, 1
0, 0, 0, 0, 0, 0, 6, 6, 6
0, 0, 0, 0, 0, 0, 6, 6, 6
0, 0, 0, 0, 0, 7, 1, 1, 1
0, 5, 1, 1, 1, 1, 1, 1, 1
0, 0, 0, 0, 0, 0, 0, 6, 6
0, 0, 0, 0, 0, 0, 0, 6, 6
0, 0, 0, 7, 7, 7, 7, 1, 1
0, 5, 5, 1, 1, 0, 6, 3, 3
0, 0, 0, 0, 0, 6, 6, 6, 6
0, 0, 0, 0, 6, 6, 6, 6, 6
0, 0, 0, 0, 0, 0, 0, 6, 6
0, 0, 6, 6, 6, 6, 6, 6, 6
0, 0, 0, 0, 0, 0, 0, 7, 1
0, 0, 0, 0, 0, 0, 0, 6, 6
0, 0, 0, 0, 0, 0, 0, 7, 4
0, 0, 0, 0, 0, 6, 1, 1, 1
0, 0, 6, 3, 3, 3, 3, 3, 3
0, 0, 0, 6, 1, 1, 1, 1, 1
0, 0, 0, 7, 7, 1, 1, 1, 1
0, 0, 0, 0, 0, 0, 6, 6, 6
0, 0, 0, 0, 0, 0, 0, 0, 6
0, 0, 0, 7, 7, 1, 1, 1, 1
0, 0, 0, 0, 0, 0, 6, 6, 1
0, 0, 0, 0, 6, 6, 6, 6, 1
0, 5, 5, 5, 5, 2, 2, 2, 2
0, 0, 0, 7, 7, 1, 1, 1, 1
0, 0, 0, 0, 0, 0, 0, 0, 6
0, 0, 0, 0, 6, 1, 1, 1, 1
0, 0, 0, 7, 7, 1, 1, 1, 1
0, 0, 0, 0, 6, 6, 6, 6, 6
0, 0, 0, 0, 0, 6, 6, 6, 6
0, 0, 0, 0, 0, 0, 0, 6, 6
0, 0, 0, 0, 6, 6, 6, 6, 6
0, 0, 0, 0, 0, 0, 0, 0, 6
0, 0, 0, 0, 0, 7, 1, 1, 1
0, 0, 0, 0, 6, 6, 6, 6, 6
0, 0, 0, 0, 0, 0, 0, 7, 1
0, 0, 0, 0, 7, 1, 1, 1, 1
0, 0, 0, 0, 6, 1, 1, 1, 1
0, 0, 0, 0, 7, 1, 1, 1, 1
0, 0, 0, 0, 6, 1, 1, 1, 1
0, 0, 0, 0, 6, 1, 1, 1, 1
0, 0, 0, 0, 7, 1, 1, 1, 1
0, 0, 0, 7, 7, 7, 7, 1, 1
0, 0, 0, 7, 1, 1, 1, 1, 1
0, 0, 0, 0, 6, 6, 6, 6, 6
0, 0, 0, 0, 6, 1, 1, 1, 1
0, 0, 7, 1, 1, 1, 1, 1, 1
0, 0, 0, 0, 0, 0, 7, 1, 1
0, 0, 0, 0, 0, 6, 6, 6, 6
0, 0, 0, 0, 0, 7, 1, 1, 1
0, 0, 6, 6, 6, 6, 6, 6, 6
0, 0, 0, 0, 6, 6, 6, 6, 1
0, 0, 0, 0, 0, 0, 0, 0, 6
0, 0, 0, 0, 0, 0, 0, 0, 6
0, 0, 0, 0, 6, 6, 6, 6, 6
0, 0, 7, 7, 1, 1, 1, 1, 1
0, 0, 0, 0, 0, 0, 7, 1, 1
0, 0, 0, 0, 0, 0, 0, 6, 6
0, 0, 0, 0, 0, 0, 0, 7, 4
0, 0, 0, 0, 0, 0, 0, 6, 1
0, 0, 0, 0, 0, 0, 0, 7, 1
0, 0, 0, 0, 0, 0, 0, 7, 1
0, 0, 0, 0, 0, 0, 0, 0, 6
0, 0, 0, 0, 0, 7, 1, 1, 1
0, 0, 0, 0, 6, 1, 1, 1, 1
0, 0, 0, 0, 0, 0, 7, 1, 1
0, 0, 0, 0, 0, 0, 0, 0, 6
