0, 297, 660, 990, 1320, 1650, 1980, 2310, 2640
0.001, 0.0351202559356, 0.0692405118712, 0.0796145110448, 0.250753774192, 0.356909763788, 0.415428985317, 0.387839273115, 0.512872713121
0.001, 0.417382752046, 0.833765504091, 0.762798010611, 0.6639942082, 0.528718162991, 0.474167119502, 0.432244767919, 0.348873542795
2438.0, 2412.0, 2295.0, 2033.0, 1757.0, 1404.0, 718.0, 453.0, 0.0
0.0, 26.0, 122.0, 298.0, 305.0, 485.0, 928.0, 466.0, 715.0
0.0, 0.0, 21.0, 80.0, 229.0, 293.0, 505.0, 1098.0, 1187.0
0.0, 0.0, 0.0, 0.0, 0.0, 0.0, 0.0, 0.0, 0.0
0.0, 0.0, 0.0, 2.0, 97.0, 186.0, 210.0, 323.0, 428.0
0.0, 0.0, 0.0, 25.0, 50.0, 70.0, 77.0, 98.0, 108.0
0, 0, 0, 0, 0, 0, 6, 1, 1
0, 0, 0, 6, 1, 1, 1, 1, 1
0, 0, 0, 0, 6, 1, 1, 1, 1
0, 0, 0, 0, 0, 6, 1, 1, 1
0, 0, 0, 0, 0, 0, 0, 6, 6
0, 0, 0, 0, 0, 6, 6, 3, 3
0, 0, 0, 6, 3, 3, 3, 3, 3
0, 0, 0, 0, 0, 6, 6, 3, 3
0, 0, 0, 0, 0, 0, 0, 0, 6
0, 0, 0, 0, 0, 0, 0, 6, 3
0, 0, 0, 0, 0, 0, 6, 1, 1
0, 0, 0, 0, 0, 0, 0, 0, 6
0, 0, 0, 6, 1, 1, 1, 1, 1
0, 0, 0, 0, 0, 0, 6, 1, 1
0, 0, 0, 6, 1, 1, 1, 1, 1
0, 0, 0, 0, 0, 0, 0, 6, 6
0, 0, 0, 0, 0, 6, 6, 1, 1
0, 0, 0, 0, 0, 0, 0, 0, 6
0, 0, 0, 0, 0, 0, 0, 0, 6
0, 0, 0, 0, 0, 0, 7, 7, 4
0, 0, 0, 0, 0, 0, 0, 6, 1
0, 0, 0, 0, 0, 6, 6, 3, 3
0, 0, 0, 0, 0, 0, 6, 1, 1
0, 0, 0, 0, 6, 1, 1, 1, 1
0, 0, 0, 0, 0, 6, 3, 3, 3
0, 0, 0, 0, 0, 0, 6, 1, 1
0, 0, 0, 0, 0, 0, 6, 1, 1
0, 0, 0, 0, 0, 0, 6, 1, 1
0, 0, 0, 0, 0, 0, 6, 1, 1
0, 0, 0, 0, 0, 0, 0, 6, 3
0, 0, 0, 0, 0, 6, 1, 1, 1
0, 0, 0, 0, 0, 6, 6, 6, 3
0, 0, 0, 0, 0, 0, 6, 1, 1
0, 0, 0, 0, 0, 0, 0, 6, 1
0, 0, 0, 0, 0, 0, 6, 1, 1
0, 0, 0, 0, 0, 6, 6, 6, 6
0, 0, 0, 6, 1, 1, 1, 1, 1
0, 0, 0, 0, 0, 0, 6, 1, 1
0, 0, 0, 0, 0, 0, 6, 1, 1
0, 0, 0, 0, 0, 6, 1, 1, 1
0, 0, 0, 0, 0, 0, 6, 1, 1
0, 0, 0, 0, 0, 0, 6, 1, 1
0, 0, 0, 0, 6, 3, 3, 3, 3
0, 0, 0, 0, 0, 0, 6, 1, 1
0, 0, 0, 0, 0, 0, 6, 1, 1
0, 0, 0, 0, 0, 0, 6, 1, 1
0, 0, 0, 0, 6, 6, 6, 3, 3
0, 0, 0, 0, 0, 0, 6, 1, 1
0, 0, 0, 0, 0, 0, 0, 6, 6
0, 0, 7, 4, 4, 4, 4, 4, 4
0, 0, 0, 0, 0, 6, 1, 1, 1
0, 0, 0, 0, 6, 3, 3, 3, 3
0, 0, 0, 0, 0, 0, 6, 6, 6
0, 0, 0, 0, 0, 0, 0, 0, 6
0, 0, 0, 7, 1, 1, 1, 1, 1
0, 0, 0, 7, 4, 4, 4, 4, 4
0, 0, 0, 6, 1, 1, 1, 1, 1
0, 0, 0, 0, 0, 0, 0, 0, 5
0, 0, 0, 0, 7, 4, 4, 4, 4
0, 0, 0, 0, 0, 0, 0, 6, 1
0, 0, 0, 0, 6, 1, 1, 1, 1
0, 0, 0, 0, 0, 6, 6, 3, 3
0, 0, 6, 3, 3, 3, 3, 3, 3
0, 0, 0, 0, 0, 0, 6, 1, 1
0, 0, 0, 0, 0, 0, 6, 6, 6
0, 0, 0, 0, 0, 0, 0, 0, 6
0, 0, 0, 0, 0, 0, 0, 0, 6
0, 0, 0, 0, 0, 0, 6, 6, 6
0, 0, 0, 0, 0, 0, 0, 0, 6
0, 0, 0, 0, 0, 0, 0, 0, 6
0, 0, 0, 0, 0, 0, 6, 6, 6
0, 0, 0, 0, 0, 0, 6, 6, 6
0, 0, 0, 0, 0, 0, 6, 6, 6
0, 0, 0, 0, 0, 0, 0, 0, 6
0, 0, 0, 0, 0, 0, 6, 6, 6
0, 0, 0, 0, 0, 0, 6, 6, 6
0, 0, 0, 0, 0, 0, 6, 1, 1
0, 0, 0, 0, 0, 0, 6, 1, 1
0, 0, 0, 0, 0, 0, 6, 6, 6
0, 0, 0, 0, 0, 0, 6, 6, 6
0, 0, 0, 0, 0, 0, 0, 6, 1
0, 0, 0, 0, 0, 0, 0, 0, 6
0, 0, 0, 0, 0, 0, 0, 0, 6
0, 0, 0, 0, 0, 0, 0, 0, 6
0, 0, 0, 0, 0, 0, 0, 0, 6
0, 0, 0, 0, 0, 0, 0, 0, 6
0, 0, 0, 0, 0, 0, 0, 0, 6
0, 0, 0, 0, 0, 0, 0, 0, 6
0, 0, 0, 0, 0, 0, 0, 0, 6
0, 0, 0, 0, 0, 0, 0, 0, 6
0, 0, 0, 0, 0, 0, 6, 6, 6
0, 0, 0, 0, 0, 0, 6, 6, 6
0, 0, 0, 0, 0, 0, 6, 6, 6
0, 0, 0, 0, 0, 0, 0, 0, 6
0, 0, 0, 0, 0, 0, 0, 0, 6
0, 0, 0, 0, 0, 0, 0, 0, 6
0, 0, 0, 0, 0, 7, 1, 1, 1
0, 0, 0, 0, 0, 0, 6, 6, 6
0, 0, 0, 0, 0, 0, 0, 0, 6
0, 0, 0, 0, 0, 0, 0, 0, 6
0, 0, 0, 0, 0, 0, 6, 1, 1
0, 0, 0, 0, 0, 6, 6, 3, 3
0, 0, 0, 7, 1, 1, 1, 1, 1
0, 0, 0, 0, 0, 0, 6, 1, 1
0, 0, 0, 0, 0, 0, 6, 1, 1
0, 0, 0, 0, 0, 0, 6, 6, 6
0, 0, 0, 0, 6, 6, 1, 1, 1
0, 0, 0, 0, 0, 0, 6, 1, 1
0, 0, 0, 0, 0, 0, 0, 0, 6
0, 0, 0, 0, 0, 0, 0, 0, 6
0, 0, 0, 0, 0, 0, 0, 0, 6
0, 0, 0, 6, 3, 3, 3, 3, 3
0, 0, 0, 0, 0, 0, 6, 1, 1
0, 0, 0, 0, 0, 6, 6, 3, 3
0, 0, 0, 0, 6, 6, 6, 3, 3
0, 0, 0, 0, 6, 6, 6, 3, 3
0, 0, 0, 0, 0, 0, 0, 6, 6
0, 0, 0, 0, 0, 0, 0, 0, 6
0, 0, 0, 0, 0, 0, 6, 1, 1
0, 0, 0, 0, 0, 0, 0, 0, 6
0, 0, 0, 6, 3, 3, 3, 3, 3
0, 0, 0, 0, 0, 0, 0, 0, 6
0, 0, 0, 0, 6, 6, 6, 3, 3
0, 0, 0, 0, 0, 0, 0, 6, 3
0, 0, 0, 0, 0, 0, 0, 0, 6
0, 5, 1, 1, 1, 1, 1, 1, 1
0, 0, 0, 0, 0, 0, 6, 1, 1
0, 0, 0, 0, 0, 6, 1, 1, 1
0, 0, 0, 0, 0, 0, 7, 1, 1
0, 0, 0, 6, 3, 3, 3, 3, 3
0, 0, 0, 0, 0, 0, 0, 6, 3
0, 0, 0, 7, 4, 4, 4, 4, 4
0, 0, 0, 0, 0, 0, 6, 1, 1
0, 0, 0, 0, 7, 4, 4, 4, 4
0, 0, 0, 0, 0, 0, 0, 6, 3
0, 0, 0, 0, 0, 0, 0, 6, 3
0, 0, 0, 0, 0, 0, 0, 0, 6
0, 0, 0, 0, 0, 0, 0, 0, 6
0, 0, 0, 0, 6, 6, 6, 3, 3
0, 0, 0, 0, 0, 0, 0, 6, 6
0, 0, 0, 0, 6, 3, 3, 3, 3
0, 0, 0, 0, 0, 0, 6, 1, 1
0, 0, 0, 0, 0, 0, 0, 0, 6
0, 0, 0, 6, 3, 3, 3, 3, 3
0, 0, 0, 0, 0, 0, 0, 0, 6
0, 0, 0, 0, 0, 0, 0, 0, 6
0, 0, 0, 0, 0, 0, 0, 0, 6
0, 0, 0, 0, 6, 6, 6, 3, 3
0, 0, 7, 7, 1, 1, 1, 1, 1
0, 0, 0, 0, 0, 0, 6, 6, 6
0, 0, 0, 0, 0, 0, 6, 1, 1
0, 0, 0, 0, 0, 0, 6, 1, 1
0, 0, 0, 0, 0, 0, 0, 0, 6
0, 0, 0, 0, 6, 1, 1, 1, 1
0, 0, 0, 0, 0, 0, 0, 6, 3
0, 0, 0, 0, 0, 0, 7, 7, 4
0, 0, 0, 0, 6, 3, 3, 3, 3
0, 0, 0, 0, 0, 0, 6, 1, 1
0, 0, 0, 6, 3, 3, 3, 3, 3
0, 0, 0, 0, 0, 6, 6, 1, 1
0, 0, 0, 0, 6, 3, 3, 3, 3
0, 0, 0, 0, 0, 6, 1, 1, 1
0, 0, 0, 7, 1, 1, 1, 1, 1
0, 0, 0, 0, 0, 0, 6, 1, 1
0, 0, 0, 0, 0, 6, 6, 1, 1
0, 0, 0, 0, 0, 0, 0, 6, 1
0, 0, 0, 0, 0, 6, 6, 3, 3
0, 0, 0, 6, 3, 3, 3, 3, 3
0, 0, 0, 0, 0, 0, 0, 0, 6
0, 0, 0, 0, 0, 0, 0, 0, 6
0, 0, 0, 0, 0, 0, 0, 0, 6
0, 0, 0, 0, 0, 0, 6, 1, 1
0, 0, 0, 0, 0, 0, 6, 1, 1
0, 0, 0, 0, 0, 0, 6, 1, 1
0, 0, 0, 0, 0, 0, 0, 6, 6
0, 0, 0, 0, 0, 0, 0, 6, 6
0, 0, 0, 0, 0, 6, 6, 6, 6
0, 0, 0, 0, 6, 6, 6, 3, 3
0, 0, 0, 0, 0, 0, 0, 0, 5
0, 0, 0, 0, 0, 6, 6, 1, 1
0, 0, 0, 0, 0, 6, 6, 1, 1
0, 0, 0, 6, 3, 3, 3, 3, 3
0, 0, 0, 0, 0, 0, 0, 6, 3
0, 0, 0, 0, 0, 0, 0, 0, 6
0, 0, 0, 0, 0, 0, 6, 1, 1
0, 0, 0, 0, 6, 1, 1, 1, 1
0, 0, 0, 0, 0, 0, 0, 0, 6
0, 0, 0, 0, 0, 0, 6, 1, 1
0, 0, 0, 0, 0, 0, 6, 1, 1
0, 0, 0, 0, 0, 0, 6, 1, 1
0, 0, 0, 0, 0, 0, 6, 1, 1
0, 0, 0, 0, 0, 0, 0, 6, 3
0, 0, 0, 0, 0, 0, 6, 1, 1
0, 0, 0, 0, 0, 0, 6, 1, 1
0, 0, 0, 0, 0, 6, 6, 6, 6
0, 0, 0, 0, 7, 4, 4, 4, 4
0, 0, 0, 0, 0, 0, 6, 1, 1
0, 0, 0, 0, 0, 0, 0, 0, 6
0, 0, 0, 6, 3, 3, 3, 3, 3
0, 0, 0, 0, 6, 6, 6, 6, 6
0, 0, 0, 0, 6, 6, 6, 6, 6
0, 0, 0, 0, 6, 6, 6, 6, 6
0, 0, 0, 0, 0, 6, 1, 1, 1
0, 0, 0, 0, 0, 6, 1, 1, 1
0, 0, 0, 0, 0, 6, 1, 1, 1
0, 0, 0, 0, 0, 6, 1, 1, 1
0, 0, 0, 0, 0, 6, 1, 1, 1
0, 0, 0, 0, 0, 6, 6, 1, 1
0, 0, 0, 6, 3, 3, 3, 3, 3
0, 0, 0, 0, 0, 0, 6, 1, 1
0, 0, 0, 0, 0, 0, 7, 1, 1
0, 0, 0, 0, 0, 0, 6, 1, 1
0, 0, 0, 0, 0, 0, 6, 1, 1
0, 0, 0, 0, 0, 0, 0, 6, 6
0, 0, 0, 0, 6, 6, 3, 3, 3
0, 0, 0, 0, 0, 0, 0, 0, 6
0, 0, 0, 0, 0, 0, 6, 1, 1
0, 0, 0, 0, 0, 0, 6, 6, 6
0, 0, 0, 0, 0, 0, 0, 0, 6
0, 0, 0, 0, 0, 0, 6, 1, 1
0, 0, 0, 0, 0, 6, 1, 1, 1
0, 0, 0, 0, 0, 0, 0, 6, 1
0, 0, 0, 0, 0, 0, 0, 0, 6
0, 0, 0, 0, 0, 0, 0, 0, 6
0, 0, 0, 0, 0, 0, 0, 6, 3
0, 0, 0, 7, 1, 1, 1, 1, 1
0, 5, 1, 1, 1, 0, 6, 3, 3
0, 0, 0, 0, 0, 0, 6, 1, 1
0, 0, 0, 0, 0, 0, 7, 4, 4
0, 0, 0, 0, 6, 1, 1, 1, 1
0, 0, 0, 0, 0, 0, 6, 6, 6
0, 0, 0, 0, 0, 6, 1, 1, 1
0, 0, 0, 0, 0, 0, 6, 1, 1
0, 0, 0, 0, 0, 0, 6, 1, 1
0, 0, 7, 7, 7, 7, 7, 1, 1
0, 0, 6, 6, 6, 6, 6, 1, 1
0, 0, 0, 0, 0, 6, 1, 1, 1
0, 0, 0, 0, 0, 6, 1, 1, 1
0, 0, 0, 0, 0, 6, 1, 1, 1
0, 0, 0, 0, 0, 6, 1, 1, 1
0, 0, 0, 0, 0, 6, 1, 1, 1
0, 0, 0, 6, 1, 1, 1, 1, 1
0, 0, 6, 1, 1, 1, 1, 1, 1
0, 0, 0, 0, 0, 6, 1, 1, 1
0, 0, 0, 0, 0, 6, 1, 1, 1
0, 0, 7, 7, 7, 1, 1, 1, 1
0, 0, 7, 7, 7, 1, 1, 1, 1
0, 0, 7, 7, 7, 1, 1, 1, 1
0, 0, 0, 0, 7, 4, 4, 4, 4
0, 0, 0, 0, 0, 0, 6, 1, 1
0, 0, 6, 6, 6, 6, 6, 1, 1
0, 0, 6, 6, 6, 6, 6, 1, 1
0, 0, 0, 0, 0, 6, 1, 1, 1
0, 0, 0, 0, 0, 6, 1, 1, 1
0, 0, 0, 0, 0, 6, 1, 1, 1
0, 0, 0, 0, 0, 6, 1, 1, 1
0, 0, 0, 0, 0, 6, 1, 1, 1
0, 0, 0, 0, 0, 6, 1, 1, 1
0, 0, 0, 0, 0, 6, 1, 1, 1
0, 0, 0, 0, 0, 6, 1, 1, 1
0, 0, 0, 0, 6, 6, 6, 6, 1
0, 0, 0, 0, 0, 6, 1, 1, 1
0, 0, 0, 6, 1, 1, 1, 1, 1
0, 0, 0, 0, 0, 6, 1, 1, 1
0, 0, 0, 0, 0, 6, 1, 1, 1
0, 0, 0, 0, 0, 6, 6, 1, 1
0, 0, 0, 0, 0, 6, 6, 1, 1
0, 0, 0, 0, 0, 6, 6, 1, 1
0, 0, 0, 0, 0, 6, 1, 1, 1
0, 0, 0, 6, 1, 1, 1, 1, 1
0, 0, 0, 0, 0, 6, 1, 1, 1
0, 0, 0, 0, 0, 6, 6, 1, 1
0, 0, 0, 0, 0, 6, 1, 1, 1
0, 0, 0, 0, 0, 6, 6, 1, 1
0, 0, 0, 0, 0, 6, 6, 1, 1
0, 0, 0, 0, 0, 6, 6, 6, 6
0, 0, 0, 0, 6, 3, 3, 3, 3
0, 5, 5, 5, 5, 5, 5, 5, 5
0, 0, 0, 6, 3, 3, 3, 3, 3
0, 0, 0, 0, 6, 6, 3, 3, 3
0, 0, 0, 0, 0, 0, 6, 1, 1
0, 0, 0, 0, 0, 0, 0, 0, 6
0, 0, 0, 0, 0, 6, 6, 3, 3
0, 0, 0, 0, 0, 0, 6, 1, 1
0, 0, 0, 0, 0, 6, 6, 3, 3
0, 0, 0, 0, 0, 7, 1, 1, 1
0, 0, 0, 0, 0, 6, 6, 1, 1
0, 0, 0, 0, 0, 0, 6, 1, 1
0, 0, 0, 0, 7, 4, 4, 4, 4
0, 0, 0, 0, 0, 0, 0, 0, 6
0, 0, 0, 0, 0, 0, 0, 6, 6
0, 0, 0, 6, 3, 3, 3, 3, 3
0, 5, 5, 5, 5, 5, 5, 5, 5
0, 0, 0, 0, 0, 0, 0, 6, 6
0, 0, 0, 0, 0, 0, 0, 0, 6
0, 0, 0, 0, 0, 0, 6, 1, 1
0, 0, 0, 0, 0, 0, 6, 6, 6
0, 0, 0, 0, 0, 6, 1, 1, 1
0, 0, 0, 0, 0, 0, 0, 0, 6
0, 0, 0, 0, 0, 6, 1, 1, 1
0, 0, 0, 0, 0, 0, 0, 0, 6
0, 0, 0, 0, 0, 0, 0, 0, 6
0, 5, 1, 1, 1, 1, 1, 1, 1
0, 0, 0, 0, 0, 0, 6, 1, 1
0, 0, 0, 0, 0, 0, 0, 6, 6
0, 0, 0, 0, 0, 0, 0, 6, 3
0, 0, 0, 0, 0, 0, 0, 6, 3
0, 0, 0, 0, 7, 4, 4, 4, 4
0, 0, 0, 0, 6, 3, 3, 3, 3
0, 0, 0, 0, 0, 0, 6, 1, 1
0, 0, 0, 0, 0, 0, 0, 0, 6
0, 0, 0, 0, 0, 0, 0, 0, 6
0, 0, 0, 0, 0, 0, 6, 1, 1
0, 0, 0, 0, 0, 6, 1, 1, 1
0, 0, 0, 0, 0, 6, 6, 6, 6
0, 0, 0, 0, 0, 6, 1, 1, 1
0, 0, 0, 0, 0, 0, 6, 1, 1
0, 0, 0, 0, 0, 0, 0, 6, 6
0, 0, 0, 0, 0, 0, 0, 6, 6
0, 5, 1, 1, 1, 1, 1, 1, 1
0, 0, 0, 0, 0, 6, 6, 1, 1
0, 0, 0, 0, 0, 6, 1, 1, 1
0, 0, 0, 0, 6, 3, 3, 3, 3
0, 0, 0, 0, 6, 6, 6, 3, 3
0, 0, 0, 0, 0, 0, 0, 0, 6
0, 0, 0, 0, 0, 0, 0, 0, 6
0, 0, 0, 0, 0, 7, 1, 1, 1
0, 0, 0, 0, 0, 0, 0, 6, 3
0, 0, 0, 0, 6, 1, 1, 1, 1
0, 0, 0, 0, 0, 0, 6, 1, 1
0, 0, 0, 0, 0, 0, 6, 1, 1
0, 0, 0, 0, 0, 7, 1, 1, 1
0, 0, 0, 6, 3, 3, 3, 3, 3
0, 0, 0, 0, 0, 6, 6, 6, 6
0, 0, 0, 0, 0, 0, 0, 7, 1
0, 0, 0, 0, 0, 0, 0, 0, 6
0, 0, 0, 0, 0, 0, 6, 1, 1
0, 0, 0, 0, 6, 6, 6, 1, 1
0, 0, 0, 0, 0, 6, 1, 1, 1
0, 0, 0, 0, 0, 0, 6, 1, 1
0, 0, 0, 0, 0, 0, 0, 0, 6
0, 0, 0, 0, 0, 0, 7, 4, 4
0, 0, 0, 6, 3, 3, 3, 3, 3
0, 0, 0, 0, 0, 0, 6, 1, 1
0, 0, 0, 6, 1, 1, 1, 1, 1
0, 0, 0, 0, 0, 6, 1, 1, 1
0, 0, 0, 0, 0, 0, 0, 0, 6
0, 0, 0, 0, 6, 6, 6, 1, 1
0, 0, 0, 7, 4, 4, 4, 4, 4
0, 0, 0, 7, 1, 1, 1, 1, 1
0, 0, 0, 0, 6, 3, 3, 3, 3
0, 0, 0, 0, 0, 0, 0, 0, 6
0, 0, 0, 6, 1, 1, 1, 1, 1
0, 0, 0, 0, 7, 4, 4, 4, 4
0, 0, 0, 0, 0, 0, 0, 6, 6
0, 0, 0, 0, 0, 6, 3, 3, 3
0, 0, 0, 0, 0, 6, 6, 3, 3
0, 0, 0, 0, 0, 0, 6, 1, 1
0, 0, 0, 0, 0, 7, 1, 1, 1
0, 0, 0, 7, 1, 1, 1, 1, 1
0, 0, 0, 0, 0, 0, 6, 1, 1
0, 0, 0, 0, 6, 1, 1, 1, 1
0, 0, 0, 0, 6, 3, 3, 3, 3
0, 0, 0, 0, 0, 0, 6, 1, 1
0, 0, 0, 0, 6, 3, 3, 3, 3
0, 0, 0, 0, 0, 0, 0, 6, 1
0, 0, 0, 0, 0, 6, 6, 3, 3
0, 0, 0, 0, 0, 0, 6, 1, 1
0, 0, 0, 0, 0, 0, 0, 0, 6
0, 0, 0, 0, 6, 1, 1, 1, 1
0, 0, 0, 0, 0, 6, 1, 1, 1
0, 0, 0, 0, 0, 0, 6, 1, 1
0, 0, 0, 0, 0, 0, 0, 6, 1
0, 0, 0, 6, 3, 3, 3, 3, 3
0, 0, 0, 0, 6, 1, 1, 1, 1
0, 0, 0, 0, 0, 0, 6, 1, 1
0, 0, 0, 0, 6, 1, 1, 1, 1
0, 0, 0, 0, 0, 0, 0, 0, 6
0, 0, 0, 0, 6, 6, 6, 6, 3
0, 0, 0, 0, 0, 0, 0, 0, 6
0, 0, 0, 0, 0, 7, 4, 4, 4
0, 0, 0, 0, 0, 0, 0, 0, 6
0, 0, 0, 0, 6, 3, 3, 3, 3
0, 0, 0, 0, 0, 0, 6, 1, 1
0, 0, 0, 0, 0, 0, 7, 4, 4
0, 0, 0, 0, 0, 0, 6, 1, 1
0, 0, 0, 0, 0, 0, 6, 1, 1
0, 0, 0, 0, 6, 6, 6, 1, 1
0, 0, 0, 0, 0, 0, 6, 1, 1
0, 0, 0, 0, 0, 0, 6, 1, 1
0, 0, 0, 0, 0, 0, 0, 6, 1
0, 0, 0, 0, 0, 0, 0, 6, 1
0, 0, 0, 0, 0, 0, 0, 0, 6
0, 0, 0, 0, 0, 0, 0, 0, 6
0, 0, 0, 0, 0, 0, 0, 6, 1
0, 0, 0, 0, 0, 0, 0, 6, 3
0, 0, 0, 0, 0, 0, 6, 1, 1
0, 0, 0, 0, 0, 0, 0, 0, 6
0, 0, 0, 0, 0, 0, 0, 6, 1
0, 0, 0, 0, 0, 0, 0, 6, 3
0, 0, 0, 0, 0, 7, 1, 1, 1
0, 0, 0, 0, 0, 0, 0, 6, 3
0, 0, 0, 0, 6, 6, 3, 3, 3
0, 0, 7, 1, 1, 1, 1, 1, 1
0, 0, 0, 0, 0, 0, 0, 0, 6
0, 0, 0, 0, 0, 0, 6, 1, 1
0, 0, 0, 0, 6, 1, 1, 1, 1
0, 0, 0, 0, 0, 0, 0, 6, 3
0, 0, 7, 4, 4, 4, 4, 4, 4
0, 0, 0, 0, 0, 0, 0, 6, 6
0, 0, 0, 0, 0, 6, 6, 1, 1
0, 0, 0, 0, 6, 6, 6, 6, 3
0, 0, 0, 0, 0, 6, 6, 6, 6
0, 0, 0, 0, 0, 0, 6, 1, 1
0, 0, 0, 0, 0, 0, 6, 1, 1
0, 0, 0, 0, 0, 0, 6, 1, 1
0, 0, 0, 0, 0, 0, 6, 1, 1
0, 0, 0, 0, 0, 0, 6, 1, 1
0, 0, 7, 1, 1, 1, 1, 1, 1
0, 0, 0, 6, 3, 3, 3, 3, 3
0, 0, 0, 0, 6, 6, 6, 3, 3
0, 0, 0, 7, 1, 1, 1, 1, 1
0, 0, 0, 0, 0, 0, 0, 0, 6
0, 0, 0, 7, 4, 4, 4, 4, 4
0, 0, 0, 0, 0, 0, 0, 6, 3
0, 0, 0, 0, 0, 0, 0, 6, 6
0, 0, 0, 0, 0, 6, 6, 6, 3
0, 0, 0, 0, 0, 0, 0, 6, 6
0, 0, 0, 0, 0, 0, 6, 1, 1
0, 0, 0, 0, 0, 0, 0, 6, 3
0, 0, 7, 4, 4, 4, 4, 4, 4
0, 0, 0, 0, 0, 0, 6, 1, 1
0, 0, 0, 0, 0, 0, 6, 1, 1
0, 0, 0, 0, 0, 0, 6, 1, 1
0, 0, 0, 0, 0, 0, 6, 6, 6
0, 0, 0, 0, 0, 0, 0, 0, 6
0, 0, 0, 0, 0, 0, 6, 1, 1
0, 0, 0, 0, 0, 0, 0, 0, 6
0, 0, 0, 0, 0, 0, 0, 0, 6
0, 0, 0, 0, 0, 0, 0, 0, 6
0, 0, 0, 0, 0, 6, 1, 1, 1
0, 0, 0, 0, 0, 0, 6, 1, 1
0, 0, 0, 0, 0, 0, 6, 1, 1
0, 0, 0, 0, 0, 0, 0, 0, 6
0, 0, 0, 0, 6, 6, 1, 1, 1
0, 0, 0, 6, 1, 1, 1, 1, 1
0, 0, 0, 0, 0, 0, 0, 6, 1
0, 0, 0, 0, 0, 0, 6, 6, 6
0, 0, 0, 6, 3, 3, 3, 3, 3
0, 0, 0, 6, 3, 3, 3, 3, 3
0, 0, 0, 0, 0, 0, 0, 6, 1
0, 0, 0, 0, 0, 0, 6, 1, 1
0, 0, 0, 0, 0, 6, 1, 1, 1
0, 0, 0, 0, 0, 0, 6, 1, 1
0, 0, 0, 0, 0, 0, 6, 1, 1
0, 0, 0, 0, 0, 0, 0, 6, 6
0, 0, 0, 0, 6, 3, 3, 3, 3
0, 0, 0, 0, 0, 6, 6, 3, 3
0, 0, 0, 0, 0, 0, 6, 1, 1
0, 0, 0, 0, 0, 6, 1, 1, 1
0, 0, 6, 1, 1, 1, 1, 1, 1
0, 0, 0, 0, 0, 6, 1, 1, 1
0, 0, 0, 0, 0, 6, 1, 1, 1
0, 0, 0, 0, 0, 6, 1, 1, 1
0, 0, 0, 0, 0, 6, 1, 1, 1
0, 0, 6, 1, 1, 1, 1, 1, 1
0, 0, 0, 0, 0, 6, 1, 1, 1
0, 0, 0, 0, 0, 0, 0, 0, 6
0, 0, 0, 0, 0, 0, 6, 1, 1
0, 0, 0, 0, 0, 0, 0, 0, 6
0, 0, 0, 0, 0, 0, 0, 0, 6
0, 0, 0, 0, 0, 0, 0, 0, 6
0, 0, 0, 0, 0, 0, 0, 0, 6
0, 0, 0, 0, 0, 0, 0, 0, 6
0, 0, 0, 0, 0, 0, 0, 0, 6
0, 0, 0, 0, 0, 0, 0, 0, 6
0, 0, 0, 0, 6, 1, 1, 1, 1
0, 0, 0, 0, 0, 0, 6, 1, 1
0, 0, 0, 0, 0, 0, 6, 1, 1
0, 0, 0, 0, 0, 6, 1, 1, 1
0, 0, 0, 0, 0, 0, 6, 6, 6
0, 0, 0, 0, 0, 0, 6, 6, 6
0, 0, 0, 0, 0, 6, 1, 1, 1
0, 0, 7, 1, 1, 1, 1, 1, 1
0, 0, 0, 0, 0, 0, 0, 0, 6
0, 0, 0, 0, 0, 0, 6, 1, 1
0, 0, 0, 0, 6, 3, 3, 3, 3
0, 0, 0, 0, 0, 0, 6, 6, 6
0, 0, 0, 0, 0, 0, 0, 0, 6
0, 0, 0, 0, 0, 0, 0, 0, 6
0, 0, 0, 0, 0, 0, 0, 0, 6
0, 0, 0, 0, 0, 0, 0, 0, 6
0, 0, 0, 0, 0, 0, 6, 6, 6
0, 0, 0, 0, 0, 0, 0, 0, 6
0, 0, 0, 0, 0, 0, 0, 0, 6
0, 0, 0, 0, 0, 0, 0, 0, 6
0, 0, 0, 0, 0, 0, 0, 6, 3
0, 0, 7, 1, 1, 1, 1, 1, 1
0, 0, 0, 0, 0, 0, 6, 6, 6
0, 0, 0, 0, 0, 0, 0, 0, 6
0, 0, 0, 0, 0, 0, 6, 1, 1
0, 0, 0, 0, 0, 0, 6, 1, 1
0, 0, 0, 0, 0, 0, 6, 1, 1
0, 0, 0, 0, 0, 0, 6, 1, 1
0, 0, 7, 4, 4, 4, 4, 4, 4
0, 0, 0, 0, 6, 3, 3, 3, 3
0, 0, 0, 0, 0, 0, 7, 4, 4
0, 0, 0, 0, 6, 6, 3, 3, 3
0, 0, 0, 0, 6, 6, 6, 6, 6
0, 0, 0, 0, 6, 3, 3, 3, 3
0, 0, 0, 0, 0, 0, 0, 6, 3
0, 0, 0, 6, 1, 1, 1, 1, 1
0, 0, 0, 0, 0, 0, 0, 6, 1
0, 0, 0, 0, 0, 0, 6, 1, 1
0, 0, 0, 7, 4, 4, 4, 4, 4
0, 0, 0, 0, 0, 0, 0, 0, 6
0, 0, 0, 0, 0, 6, 1, 1, 1
0, 0, 0, 7, 1, 1, 1, 1, 1
0, 0, 0, 0, 0, 0, 6, 1, 1
0, 0, 0, 0, 6, 1, 1, 1, 1
0, 0, 0, 0, 0, 0, 6, 1, 1
0, 0, 0, 6, 3, 3, 3, 3, 3
0, 0, 0, 0, 0, 0, 0, 0, 6
0, 0, 0, 7, 4, 4, 4, 4, 4
0, 0, 0, 0, 0, 0, 0, 0, 6
0, 0, 0, 0, 0, 0, 0, 0, 6
0, 0, 0, 0, 0, 0, 0, 0, 6
0, 0, 0, 0, 0, 0, 0, 0, 6
0, 0, 0, 0, 0, 0, 6, 1, 1
0, 0, 0, 0, 0, 0, 0, 0, 6
0, 0, 0, 0, 0, 0, 6, 1, 1
0, 0, 0, 0, 0, 0, 0, 0, 6
0, 0, 0, 0, 0, 0, 0, 0, 6
0, 0, 0, 0, 0, 6, 6, 6, 6
0, 0, 0, 0, 6, 3, 3, 3, 3
0, 0, 0, 0, 0, 0, 6, 1, 1
0, 0, 0, 0, 6, 1, 1, 1, 1
0, 0, 0, 0, 6, 3, 3, 3, 3
0, 0, 0, 0, 0, 0, 0, 0, 6
0, 0, 0, 0, 0, 0, 0, 0, 6
0, 0, 0, 0, 0, 0, 0, 0, 6
0, 0, 0, 0, 0, 0, 6, 1, 1
0, 0, 0, 0, 0, 0, 0, 0, 6
0, 0, 0, 0, 0, 6, 1, 1, 1
0, 0, 0, 0, 0, 0, 0, 0, 6
0, 0, 0, 0, 0, 0, 6, 6, 6
0, 0, 0, 0, 0, 0, 6, 1, 1
0, 0, 0, 6, 3, 3, 3, 3, 3
0, 0, 0, 0, 0, 0, 0, 0, 5
0, 0, 0, 0, 0, 0, 0, 0, 6
0, 0, 0, 0, 0, 6, 1, 1, 1
0, 0, 0, 0, 0, 6, 1, 1, 1
0, 0, 0, 0, 0, 0, 0, 6, 6
0, 0, 6, 1, 1, 1, 1, 1, 1
0, 0, 0, 0, 0, 0, 0, 6, 1
0, 0, 0, 0, 0, 0, 0, 0, 6
0, 0, 0, 0, 0, 6, 6, 1, 1
0, 0, 0, 0, 0, 0, 0, 6, 3
0, 0, 0, 0, 0, 0, 6, 1, 1
0, 0, 0, 0, 0, 0, 0, 0, 6
0, 0, 0, 0, 0, 0, 0, 0, 6
0, 0, 6, 1, 1, 1, 1, 1, 1
0, 0, 0, 0, 0, 0, 6, 1, 1
0, 0, 0, 0, 0, 6, 6, 6, 1
0, 0, 0, 6, 3, 3, 3, 3, 3
0, 0, 0, 0, 0, 0, 6, 1, 1
0, 0, 7, 1, 1, 1, 1, 1, 1
0, 0, 0, 0, 0, 0, 6, 1, 1
0, 0, 0, 0, 0, 0, 0, 0, 6
0, 0, 0, 0, 0, 0, 0, 0, 6
0, 0, 0, 0, 0, 0, 6, 1, 1
0, 0, 0, 0, 0, 0, 0, 0, 6
0, 0, 0, 6, 1, 1, 1, 1, 1
0, 0, 0, 0, 6, 3, 3, 3, 3
0, 5, 1, 1, 1, 1, 1, 1, 1
0, 0, 0, 0, 0, 0, 6, 1, 1
0, 0, 0, 0, 0, 0, 7, 1, 1
0, 0, 0, 0, 6, 6, 1, 1, 1
0, 0, 7, 4, 4, 4, 4, 4, 4
0, 0, 0, 0, 0, 0, 6, 1, 1
0, 0, 0, 0, 0, 0, 6, 1, 1
0, 5, 1, 1, 1, 1, 1, 1, 1
0, 0, 0, 0, 0, 6, 6, 1, 1
0, 0, 0, 0, 0, 6, 6, 3, 3
0, 0, 0, 0, 6, 6, 6, 6, 6
0, 0, 0, 0, 0, 6, 6, 6, 3
0, 0, 0, 0, 0, 0, 6, 1, 1
0, 0, 0, 0, 0, 0, 6, 1, 1
0, 0, 0, 0, 0, 6, 6, 3, 3
0, 0, 0, 0, 0, 0, 0, 0, 5
0, 0, 0, 0, 0, 0, 0, 6, 1
0, 0, 0, 0, 0, 0, 0, 0, 6
0, 0, 0, 0, 0, 0, 6, 1, 1
0, 0, 0, 0, 0, 0, 6, 1, 1
0, 0, 0, 0, 0, 0, 6, 1, 1
0, 0, 0, 0, 0, 0, 7, 4, 4
0, 0, 0, 0, 0, 0, 7, 4, 4
0, 0, 0, 0, 0, 0, 0, 0, 6
0, 0, 0, 0, 0, 0, 6, 6, 6
0, 0, 0, 0, 0, 0, 6, 1, 1
0, 0, 0, 0, 0, 6, 6, 3, 3
0, 0, 0, 0, 0, 0, 0, 6, 6
0, 0, 0, 0, 6, 6, 6, 3, 3
0, 0, 0, 0, 0, 0, 0, 6, 1
0, 0, 0, 0, 0, 0, 0, 0, 5
0, 0, 0, 0, 6, 1, 1, 1, 1
0, 0, 0, 0, 0, 6, 1, 1, 1
0, 0, 0, 0, 0, 0, 0, 6, 6
0, 0, 0, 0, 7, 7, 4, 4, 4
0, 0, 0, 0, 0, 0, 6, 1, 1
0, 0, 0, 0, 6, 3, 3, 3, 3
0, 0, 0, 0, 0, 0, 6, 1, 1
0, 5, 1, 1, 1, 1, 1, 1, 1
0, 0, 0, 0, 0, 0, 6, 1, 1
0, 0, 0, 0, 0, 0, 0, 0, 6
0, 0, 0, 0, 0, 0, 0, 0, 6
0, 0, 0, 0, 0, 6, 6, 1, 1
0, 0, 0, 0, 0, 0, 6, 1, 1
0, 0, 0, 0, 0, 0, 0, 6, 1
0, 0, 0, 0, 0, 0, 0, 6, 6
0, 0, 0, 0, 0, 0, 6, 1, 1
0, 0, 0, 6, 3, 3, 3, 3, 3
0, 0, 0, 0, 0, 6, 1, 1, 1
0, 0, 0, 0, 0, 0, 0, 7, 1
0, 0, 0, 0, 0, 0, 6, 1, 1
0, 0, 0, 0, 6, 1, 1, 1, 1
0, 0, 0, 6, 6, 3, 3, 3, 3
0, 0, 0, 0, 0, 0, 0, 0, 6
0, 0, 0, 0, 0, 0, 6, 1, 1
0, 0, 0, 0, 0, 0, 0, 0, 6
0, 0, 0, 0, 0, 0, 0, 0, 6
0, 0, 0, 0, 0, 0, 0, 0, 6
0, 0, 0, 0, 0, 0, 0, 0, 6
0, 0, 0, 0, 0, 0, 0, 6, 6
0, 0, 0, 0, 0, 0, 6, 1, 1
0, 0, 0, 0, 0, 0, 0, 6, 6
0, 0, 7, 4, 4, 4, 4, 4, 4
0, 0, 0, 0, 0, 0, 0, 6, 6
0, 0, 0, 0, 0, 0, 6, 6, 6
0, 0, 0, 0, 0, 0, 6, 1, 1
0, 0, 0, 0, 6, 3, 3, 3, 3
0, 0, 0, 0, 0, 0, 0, 0, 5
0, 0, 0, 0, 0, 0, 0, 6, 1
0, 0, 0, 0, 0, 6, 1, 1, 1
0, 0, 0, 0, 0, 0, 6, 1, 1
0, 0, 0, 0, 0, 6, 1, 1, 1
0, 0, 0, 0, 0, 6, 6, 3, 3
0, 0, 0, 0, 0, 0, 6, 1, 1
0, 0, 0, 6, 3, 3, 3, 3, 3
0, 0, 0, 0, 0, 0, 0, 6, 3
0, 0, 0, 0, 0, 0, 6, 1, 1
0, 0, 0, 0, 0, 0, 6, 1, 1
0, 0, 0, 0, 0, 0, 0, 0, 6
0, 0, 0, 0, 0, 6, 1, 1, 1
0, 0, 0, 0, 0, 0, 0, 6, 6
0, 0, 0, 6, 1, 1, 1, 1, 1
0, 0, 0, 6, 1, 1, 1, 1, 1
0, 0, 0, 7, 1, 1, 1, 1, 1
0, 0, 0, 6, 1, 1, 1, 1, 1
0, 0, 0, 6, 1, 1, 1, 1, 1
0, 0, 0, 6, 1, 1, 1, 1, 1
0, 0, 0, 6, 1, 1, 1, 1, 1
0, 0, 0, 6, 1, 1, 1, 1, 1
0, 0, 0, 6, 1, 1, 1, 1, 1
0, 0, 0, 6, 1, 1, 1, 1, 1
0, 0, 0, 6, 3, 3, 3, 3, 3
0, 0, 0, 6, 3, 3, 3, 3, 3
0, 0, 0, 0, 0, 0, 0, 6, 6
0, 0, 0, 0, 0, 0, 0, 6, 6
0, 0, 0, 0, 0, 0, 6, 1, 1
0, 0, 0, 0, 6, 1, 1, 1, 1
0, 0, 0, 0, 0, 0, 0, 6, 1
0, 0, 0, 0, 0, 0, 6, 1, 1
0, 0, 0, 0, 0, 0, 6, 1, 1
0, 0, 0, 0, 0, 0, 6, 1, 1
0, 0, 0, 0, 0, 0, 6, 1, 1
0, 0, 0, 0, 0, 0, 6, 1, 1
0, 0, 0, 0, 0, 0, 6, 1, 1
0, 0, 0, 0, 0, 0, 6, 1, 1
0, 0, 0, 0, 0, 0, 0, 6, 3
0, 0, 0, 0, 0, 0, 0, 0, 6
0, 0, 0, 0, 0, 6, 1, 1, 1
0, 0, 0, 6, 1, 1, 1, 1, 1
0, 0, 0, 0, 0, 0, 6, 1, 1
0, 0, 0, 0, 0, 0, 6, 1, 1
0, 0, 0, 0, 6, 3, 3, 3, 3
0, 0, 0, 0, 6, 1, 1, 1, 1
0, 0, 0, 0, 0, 0, 0, 0, 6
0, 0, 0, 0, 6, 1, 1, 1, 1
0, 0, 6, 1, 1, 1, 1, 1, 1
0, 5, 1, 1, 1, 1, 1, 1, 1
0, 0, 0, 0, 0, 6, 6, 3, 3
0, 0, 0, 0, 0, 6, 6, 3, 3
0, 0, 0, 0, 0, 0, 6, 1, 1
0, 0, 0, 6, 3, 3, 3, 3, 3
0, 0, 0, 0, 6, 6, 1, 1, 1
0, 0, 0, 0, 0, 0, 6, 1, 1
0, 0, 0, 0, 6, 3, 3, 3, 3
0, 0, 0, 6, 1, 1, 1, 1, 1
0, 0, 0, 0, 7, 4, 4, 4, 4
0, 0, 0, 0, 0, 0, 0, 0, 6
0, 0, 0, 0, 0, 6, 6, 3, 3
0, 0, 0, 0, 0, 0, 6, 1, 1
0, 0, 0, 0, 0, 6, 6, 3, 3
0, 0, 0, 0, 0, 0, 6, 1, 1
0, 0, 0, 7, 4, 4, 4, 4, 4
0, 0, 0, 6, 1, 1, 1, 1, 1
0, 0, 0, 0, 0, 0, 6, 1, 1
0, 0, 0, 6, 1, 1, 1, 1, 1
0, 0, 0, 0, 0, 0, 6, 6, 6
0, 0, 0, 0, 0, 0, 0, 6, 3
0, 0, 0, 0, 0, 0, 0, 6, 1
0, 0, 0, 0, 0, 0, 6, 1, 1
0, 0, 0, 0, 6, 6, 6, 3, 3
0, 0, 6, 6, 6, 6, 6, 6, 6
0, 0, 0, 0, 0, 0, 6, 1, 1
0, 0, 0, 6, 3, 3, 3, 3, 3
0, 0, 0, 0, 0, 0, 0, 0, 6
0, 0, 0, 0, 6, 6, 1, 1, 1
0, 0, 0, 0, 0, 0, 6, 1, 1
0, 0, 0, 0, 0, 0, 0, 0, 6
0, 0, 0, 0, 0, 0, 0, 0, 6
0, 0, 0, 0, 0, 0, 6, 1, 1
0, 0, 0, 0, 0, 0, 0, 0, 6
0, 0, 0, 0, 0, 0, 0, 0, 6
0, 0, 0, 0, 0, 0, 0, 0, 6
0, 0, 0, 0, 0, 0, 0, 0, 6
0, 0, 0, 0, 0, 0, 0, 0, 6
0, 0, 0, 0, 0, 0, 6, 1, 1
0, 0, 0, 0, 0, 0, 6, 6, 6
0, 0, 0, 0, 0, 0, 0, 0, 6
0, 0, 0, 0, 0, 0, 6, 6, 6
0, 0, 0, 0, 0, 0, 0, 0, 6
0, 0, 0, 0, 0, 6, 1, 1, 1
0, 0, 0, 0, 0, 0, 0, 0, 6
0, 0, 0, 0, 0, 0, 0, 0, 6
0, 0, 0, 0, 0, 0, 6, 1, 1
0, 0, 0, 0, 0, 0, 6, 1, 1
0, 0, 0, 0, 0, 0, 6, 1, 1
0, 0, 0, 0, 0, 0, 6, 1, 1
0, 0, 0, 0, 0, 0, 6, 1, 1
0, 0, 0, 0, 0, 0, 6, 1, 1
0, 0, 0, 0, 0, 6, 1, 1, 1
0, 0, 0, 0, 0, 0, 0, 0, 6
0, 0, 0, 0, 6, 6, 6, 3, 3
0, 0, 0, 0, 0, 0, 0, 0, 6
0, 0, 0, 0, 0, 0, 6, 1, 1
0, 0, 0, 0, 0, 0, 6, 1, 1
0, 0, 0, 7, 4, 4, 4, 4, 4
0, 0, 0, 0, 0, 0, 0, 6, 6
0, 0, 7, 1, 1, 1, 1, 1, 1
0, 0, 6, 1, 1, 1, 1, 1, 1
0, 0, 7, 1, 1, 1, 1, 1, 1
0, 0, 0, 0, 0, 6, 1, 1, 1
0, 0, 7, 1, 1, 1, 1, 1, 1
0, 0, 0, 0, 0, 0, 6, 1, 1
0, 0, 0, 0, 0, 0, 0, 0, 6
0, 0, 0, 0, 0, 0, 6, 1, 1
0, 0, 0, 0, 0, 6, 6, 3, 3
0, 0, 0, 0, 6, 3, 3, 3, 3
0, 0, 0, 0, 0, 0, 0, 6, 6
0, 0, 0, 0, 6, 3, 3, 3, 3
0, 0, 0, 0, 0, 6, 1, 1, 1
0, 0, 0, 0, 0, 0, 6, 1, 1
0, 0, 0, 0, 0, 0, 0, 0, 6
0, 0, 0, 0, 0, 0, 0, 6, 6
0, 0, 0, 0, 0, 0, 0, 6, 6
0, 0, 0, 0, 6, 6, 6, 3, 3
0, 0, 0, 0, 6, 6, 6, 3, 3
0, 0, 0, 0, 0, 0, 0, 0, 6
0, 0, 0, 0, 0, 0, 6, 1, 1
0, 0, 6, 6, 3, 3, 3, 3, 3
0, 0, 0, 0, 0, 7, 1, 1, 1
0, 0, 0, 0, 0, 0, 6, 1, 1
0, 0, 0, 6, 1, 1, 1, 1, 1
0, 0, 0, 0, 0, 0, 6, 1, 1
0, 0, 0, 0, 6, 6, 3, 3, 3
0, 0, 0, 6, 3, 3, 3, 3, 3
0, 0, 0, 0, 6, 3, 3, 3, 3
0, 0, 0, 0, 0, 6, 1, 1, 1
0, 0, 0, 0, 0, 6, 3, 3, 3
0, 0, 0, 0, 6, 6, 3, 3, 3
0, 0, 0, 0, 0, 0, 6, 1, 1
0, 0, 0, 0, 0, 0, 0, 0, 6
0, 0, 0, 0, 0, 0, 0, 0, 6
0, 0, 0, 0, 0, 0, 0, 0, 6
0, 0, 0, 0, 0, 0, 6, 1, 1
0, 0, 0, 0, 7, 7, 4, 4, 4
0, 0, 0, 0, 6, 3, 3, 3, 3
0, 0, 0, 0, 0, 6, 1, 1, 1
0, 0, 0, 0, 0, 6, 1, 1, 1
0, 0, 0, 0, 0, 0, 0, 6, 6
0, 0, 0, 6, 3, 3, 3, 3, 3
0, 0, 0, 0, 0, 0, 6, 1, 1
0, 0, 0, 0, 6, 3, 3, 3, 3
0, 0, 0, 0, 0, 0, 7, 4, 4
0, 0, 0, 0, 7, 4, 4, 4, 4
0, 0, 0, 0, 0, 0, 6, 1, 1
0, 0, 0, 0, 0, 0, 0, 0, 6
0, 0, 0, 0, 0, 0, 6, 1, 1
0, 0, 0, 0, 0, 0, 0, 0, 6
0, 0, 0, 0, 6, 6, 1, 1, 1
0, 0, 0, 0, 0, 0, 6, 6, 6
0, 0, 0, 6, 1, 1, 1, 1, 1
0, 0, 0, 0, 0, 0, 0, 0, 6
0, 0, 0, 0, 0, 0, 6, 1, 1
0, 0, 0, 0, 0, 0, 0, 6, 6
0, 0, 0, 0, 6, 6, 6, 3, 3
0, 0, 0, 0, 0, 0, 0, 0, 6
0, 0, 0, 0, 0, 0, 6, 1, 1
0, 0, 0, 7, 1, 1, 1, 1, 1
0, 0, 0, 7, 1, 1, 1, 1, 1
0, 0, 0, 7, 1, 1, 1, 1, 1
0, 0, 0, 7, 1, 1, 1, 1, 1
0, 0, 6, 1, 1, 1, 1, 1, 1
0, 0, 6, 1, 1, 1, 1, 1, 1
0, 0, 0, 6, 1, 1, 1, 1, 1
0, 0, 0, 6, 1, 1, 1, 1, 1
0, 0, 6, 1, 1, 1, 1, 1, 1
0, 0, 0, 0, 0, 0, 6, 6, 1
0, 0, 0, 0, 0, 0, 6, 1, 1
0, 0, 6, 1, 1, 1, 1, 1, 1
0, 0, 6, 1, 1, 1, 1, 1, 1
0, 0, 0, 0, 0, 0, 6, 1, 1
0, 0, 0, 0, 0, 0, 6, 1, 1
0, 0, 0, 0, 0, 0, 6, 1, 1
0, 0, 6, 1, 1, 1, 1, 1, 1
0, 0, 6, 1, 1, 1, 1, 1, 1
0, 0, 0, 0, 0, 0, 6, 1, 1
0, 0, 0, 0, 0, 0, 6, 1, 1
0, 0, 6, 1, 1, 1, 1, 1, 1
0, 0, 6, 1, 1, 1, 1, 1, 1
0, 0, 6, 1, 1, 1, 1, 1, 1
0, 0, 6, 1, 1, 1, 1, 1, 1
0, 0, 0, 0, 0, 0, 6, 1, 1
0, 0, 0, 0, 0, 0, 6, 1, 1
0, 0, 0, 0, 0, 0, 6, 1, 1
0, 0, 0, 0, 0, 0, 6, 1, 1
0, 0, 6, 1, 1, 1, 1, 1, 1
0, 0, 6, 1, 1, 1, 1, 1, 1
0, 0, 0, 0, 0, 6, 6, 6, 6
0, 0, 0, 0, 0, 0, 6, 1, 1
0, 0, 0, 0, 6, 6, 6, 3, 3
0, 0, 0, 0, 0, 7, 7, 4, 4
0, 0, 0, 0, 0, 0, 6, 1, 1
0, 0, 0, 0, 6, 6, 1, 1, 1
0, 0, 0, 0, 0, 6, 1, 1, 1
0, 0, 0, 0, 0, 0, 6, 1, 1
0, 0, 0, 0, 0, 6, 6, 1, 1
0, 0, 0, 6, 3, 3, 3, 3, 3
0, 0, 0, 6, 3, 3, 3, 3, 3
0, 0, 0, 0, 6, 6, 3, 3, 3
0, 0, 0, 0, 6, 6, 3, 3, 3
0, 0, 0, 0, 0, 0, 0, 0, 6
0, 0, 0, 0, 0, 0, 6, 6, 6
0, 0, 0, 0, 6, 6, 6, 6, 6
0, 0, 0, 0, 0, 0, 6, 1, 1
0, 0, 0, 0, 7, 7, 4, 4, 4
0, 0, 0, 0, 0, 6, 1, 1, 1
0, 0, 0, 0, 0, 6, 1, 1, 1
0, 0, 0, 0, 0, 6, 1, 1, 1
0, 0, 0, 0, 0, 0, 6, 1, 1
0, 0, 0, 0, 0, 0, 6, 1, 1
0, 0, 0, 0, 0, 6, 6, 6, 6
0, 0, 0, 0, 0, 0, 6, 1, 1
0, 0, 0, 0, 0, 6, 1, 1, 1
0, 0, 0, 0, 0, 0, 0, 0, 6
0, 0, 0, 0, 0, 0, 0, 0, 6
0, 0, 0, 0, 0, 0, 0, 0, 6
0, 0, 0, 0, 0, 0, 0, 0, 6
0, 0, 0, 0, 0, 0, 0, 0, 6
0, 0, 0, 0, 0, 0, 6, 6, 6
0, 0, 0, 0, 0, 0, 6, 6, 6
0, 0, 0, 0, 0, 0, 0, 0, 6
0, 0, 0, 0, 0, 0, 0, 0, 6
0, 0, 0, 0, 0, 0, 0, 6, 3
0, 0, 0, 0, 0, 0, 0, 0, 6
0, 0, 0, 0, 0, 0, 6, 1, 1
0, 0, 7, 1, 1, 1, 1, 1, 1
0, 0, 0, 0, 0, 0, 0, 0, 6
0, 0, 0, 0, 0, 0, 0, 0, 6
0, 0, 0, 0, 0, 0, 6, 1, 1
0, 0, 0, 0, 0, 0, 6, 1, 1
0, 0, 0, 0, 0, 6, 1, 1, 1
0, 0, 0, 6, 3, 3, 3, 3, 3
0, 0, 0, 0, 0, 0, 0, 0, 6
0, 0, 0, 0, 6, 6, 3, 3, 3
0, 0, 0, 0, 0, 0, 0, 0, 6
0, 0, 0, 0, 0, 0, 6, 1, 1
0, 0, 7, 4, 4, 4, 4, 4, 4
0, 5, 1, 1, 1, 1, 1, 1, 1
0, 0, 0, 0, 0, 0, 0, 0, 5
0, 0, 0, 0, 0, 0, 6, 1, 1
0, 0, 0, 0, 0, 6, 1, 1, 1
0, 0, 0, 0, 0, 6, 1, 1, 1
0, 0, 0, 0, 0, 0, 6, 1, 1
0, 0, 0, 0, 0, 0, 6, 1, 1
0, 0, 0, 6, 3, 3, 3, 3, 3
0, 0, 0, 6, 3, 3, 3, 3, 3
0, 0, 0, 7, 1, 1, 1, 1, 1
0, 0, 0, 0, 0, 0, 6, 1, 1
0, 0, 0, 0, 6, 6, 1, 1, 1
0, 0, 0, 0, 0, 6, 1, 1, 1
0, 0, 0, 0, 0, 0, 6, 1, 1
0, 0, 0, 0, 0, 0, 0, 6, 6
0, 0, 0, 0, 0, 0, 0, 0, 6
0, 0, 0, 0, 0, 0, 6, 1, 1
0, 0, 0, 0, 6, 3, 3, 3, 3
0, 0, 0, 6, 3, 3, 3, 3, 3
0, 0, 0, 0, 0, 0, 6, 1, 1
0, 0, 0, 0, 6, 3, 3, 3, 3
0, 0, 0, 6, 3, 3, 3, 3, 3
0, 0, 0, 0, 0, 0, 0, 6, 6
0, 0, 0, 0, 6, 3, 3, 3, 3
0, 0, 0, 6, 3, 3, 3, 3, 3
0, 0, 0, 0, 6, 6, 1, 1, 1
0, 0, 0, 0, 0, 6, 6, 6, 3
0, 0, 0, 7, 7, 4, 4, 4, 4
0, 0, 0, 0, 0, 0, 6, 1, 1
0, 0, 0, 0, 0, 6, 1, 1, 1
0, 0, 0, 6, 1, 1, 1, 1, 1
0, 0, 0, 0, 0, 6, 1, 1, 1
0, 0, 0, 0, 0, 0, 0, 6, 6
0, 0, 0, 0, 6, 6, 6, 6, 6
0, 0, 0, 0, 6, 3, 3, 3, 3
0, 0, 0, 0, 0, 0, 0, 0, 6
0, 0, 7, 7, 7, 7, 7, 7, 4
0, 0, 0, 0, 0, 6, 6, 3, 3
0, 0, 0, 0, 0, 0, 6, 1, 1
0, 0, 0, 0, 0, 6, 6, 3, 3
0, 0, 0, 0, 0, 6, 1, 1, 1
0, 0, 0, 0, 6, 6, 1, 1, 1
0, 0, 0, 0, 0, 0, 0, 6, 6
0, 0, 0, 0, 0, 0, 6, 1, 1
0, 0, 0, 0, 6, 6, 6, 3, 3
0, 0, 0, 0, 0, 0, 6, 1, 1
0, 0, 0, 0, 0, 6, 6, 6, 6
0, 0, 0, 0, 0, 0, 6, 6, 6
0, 0, 0, 0, 0, 0, 6, 1, 1
0, 0, 0, 0, 0, 0, 6, 1, 1
0, 0, 0, 0, 6, 3, 3, 3, 3
0, 0, 0, 0, 0, 6, 1, 1, 1
0, 0, 0, 0, 0, 0, 6, 1, 1
0, 0, 0, 0, 6, 6, 6, 3, 3
0, 0, 0, 0, 7, 4, 4, 4, 4
0, 0, 0, 0, 0, 0, 6, 1, 1
0, 0, 0, 0, 0, 6, 1, 1, 1
0, 0, 0, 0, 6, 6, 6, 1, 1
0, 0, 0, 0, 6, 1, 1, 1, 1
0, 0, 0, 0, 6, 3, 3, 3, 3
0, 0, 0, 0, 0, 0, 0, 0, 6
0, 0, 0, 0, 0, 6, 1, 1, 1
0, 0, 0, 0, 0, 0, 7, 1, 1
0, 0, 0, 0, 0, 6, 1, 1, 1
0, 0, 0, 6, 3, 3, 3, 3, 3
0, 0, 0, 0, 6, 6, 6, 6, 3
0, 0, 0, 0, 0, 0, 6, 1, 1
0, 0, 0, 0, 0, 0, 6, 1, 1
0, 5, 5, 5, 5, 5, 5, 5, 5
0, 0, 0, 0, 0, 0, 6, 1, 1
0, 0, 0, 0, 0, 0, 6, 6, 6
0, 0, 0, 0, 0, 0, 6, 1, 1
0, 0, 0, 0, 0, 0, 6, 1, 1
0, 0, 0, 7, 4, 4, 4, 4, 4
0, 0, 0, 0, 0, 0, 6, 1, 1
0, 0, 0, 0, 0, 0, 6, 1, 1
0, 0, 0, 0, 6, 6, 6, 3, 3
0, 0, 0, 0, 0, 6, 6, 3, 3
0, 0, 0, 7, 4, 4, 4, 4, 4
0, 0, 0, 0, 0, 0, 0, 6, 6
0, 5, 1, 1, 1, 1, 1, 1, 1
0, 0, 0, 0, 0, 0, 0, 6, 1
0, 0, 0, 0, 0, 0, 6, 1, 1
0, 0, 0, 0, 0, 0, 6, 6, 6
0, 0, 0, 0, 0, 0, 0, 0, 6
0, 0, 0, 0, 0, 0, 0, 0, 6
0, 0, 0, 0, 0, 6, 6, 3, 3
0, 0, 0, 0, 0, 0, 0, 6, 1
0, 0, 0, 0, 6, 1, 1, 1, 1
0, 0, 0, 7, 4, 4, 4, 4, 4
0, 0, 0, 0, 0, 0, 0, 6, 6
0, 0, 0, 0, 6, 3, 3, 3, 3
0, 0, 0, 6, 3, 3, 3, 3, 3
0, 0, 0, 0, 0, 0, 6, 1, 1
0, 0, 0, 0, 0, 0, 0, 0, 6
0, 0, 0, 0, 0, 0, 0, 6, 6
0, 0, 0, 0, 0, 0, 6, 1, 1
0, 0, 0, 0, 0, 0, 0, 6, 6
0, 0, 0, 0, 0, 0, 6, 1, 1
0, 0, 0, 0, 0, 0, 0, 0, 5
0, 0, 0, 6, 3, 3, 3, 3, 3
0, 0, 0, 0, 0, 0, 0, 6, 1
0, 0, 0, 0, 7, 4, 4, 4, 4
0, 0, 0, 0, 0, 0, 0, 0, 6
0, 0, 0, 0, 0, 0, 0, 0, 6
0, 0, 0, 0, 0, 0, 6, 1, 1
0, 0, 0, 0, 0, 6, 1, 1, 1
0, 0, 0, 6, 6, 6, 6, 6, 1
0, 0, 0, 0, 0, 0, 6, 6, 6
0, 0, 0, 0, 0, 6, 1, 1, 1
0, 0, 0, 0, 0, 0, 0, 6, 6
0, 0, 0, 0, 0, 0, 6, 1, 1
0, 0, 7, 4, 4, 4, 4, 4, 4
0, 0, 0, 0, 0, 0, 6, 1, 1
0, 0, 0, 6, 3, 3, 3, 3, 3
0, 0, 0, 0, 0, 0, 6, 1, 1
0, 0, 0, 0, 0, 0, 6, 1, 1
0, 0, 0, 6, 1, 1, 1, 1, 1
0, 0, 0, 0, 6, 6, 6, 3, 3
0, 0, 0, 0, 0, 0, 6, 1, 1
0, 0, 0, 0, 0, 6, 6, 1, 1
0, 0, 0, 0, 0, 0, 0, 6, 1
0, 0, 0, 0, 0, 0, 0, 6, 1
0, 0, 0, 0, 0, 0, 0, 6, 6
0, 0, 0, 0, 0, 0, 0, 6, 6
0, 0, 0, 0, 6, 3, 3, 3, 3
0, 0, 0, 0, 0, 6, 1, 1, 1
0, 0, 0, 0, 0, 6, 1, 1, 1
0, 0, 0, 0, 6, 6, 6, 3, 3
0, 0, 6, 1, 1, 1, 1, 1, 1
0, 0, 0, 0, 0, 0, 0, 0, 6
0, 0, 7, 1, 1, 1, 1, 1, 1
0, 0, 0, 0, 0, 0, 6, 1, 1
0, 0, 0, 0, 0, 0, 6, 1, 1
0, 0, 0, 6, 1, 1, 1, 1, 1
0, 0, 0, 0, 0, 0, 6, 1, 1
0, 0, 0, 0, 0, 6, 6, 3, 3
0, 0, 0, 0, 0, 0, 6, 1, 1
0, 0, 0, 6, 1, 1, 1, 1, 1
0, 0, 0, 0, 0, 6, 1, 1, 1
0, 0, 0, 0, 7, 4, 4, 4, 4
0, 0, 0, 0, 0, 6, 1, 1, 1
0, 0, 0, 6, 1, 1, 1, 1, 1
0, 0, 0, 0, 0, 0, 0, 0, 6
0, 0, 0, 0, 0, 6, 6, 1, 1
0, 0, 7, 4, 4, 4, 4, 4, 4
0, 0, 0, 0, 0, 0, 6, 1, 1
0, 0, 0, 0, 0, 0, 0, 6, 1
0, 0, 0, 0, 0, 0, 6, 1, 1
0, 0, 0, 0, 0, 0, 0, 0, 6
0, 0, 0, 0, 0, 0, 0, 0, 6
0, 0, 0, 0, 0, 0, 6, 1, 1
0, 0, 0, 0, 0, 0, 6, 1, 1
0, 0, 0, 0, 0, 0, 0, 6, 3
0, 0, 0, 0, 0, 6, 1, 1, 1
0, 0, 7, 1, 1, 1, 1, 1, 1
0, 0, 0, 0, 0, 6, 1, 1, 1
0, 0, 0, 0, 0, 0, 0, 6, 1
0, 0, 0, 0, 0, 0, 0, 0, 6
0, 0, 0, 6, 3, 3, 3, 3, 3
0, 0, 0, 0, 0, 0, 6, 1, 1
0, 0, 0, 6, 1, 1, 1, 1, 1
0, 0, 0, 0, 0, 6, 1, 1, 1
0, 0, 7, 1, 1, 1, 1, 1, 1
0, 0, 7, 7, 4, 4, 4, 4, 4
0, 0, 0, 0, 0, 0, 6, 1, 1
0, 0, 0, 0, 0, 6, 1, 1, 1
0, 0, 0, 0, 6, 6, 6, 3, 3
0, 0, 0, 0, 0, 6, 6, 3, 3
0, 0, 0, 0, 0, 6, 1, 1, 1
0, 0, 0, 0, 6, 6, 6, 1, 1
0, 0, 0, 0, 0, 0, 6, 1, 1
0, 0, 0, 0, 7, 7, 7, 7, 4
0, 0, 0, 6, 1, 1, 1, 1, 1
0, 0, 0, 6, 1, 1, 1, 1, 1
0, 0, 0, 0, 0, 0, 0, 6, 3
0, 0, 0, 0, 0, 6, 1, 1, 1
0, 0, 0, 0, 0, 0, 0, 0, 6
0, 0, 0, 0, 0, 0, 0, 7, 4
0, 0, 0, 0, 0, 0, 0, 0, 6
0, 0, 0, 0, 6, 3, 3, 3, 3
0, 0, 0, 0, 0, 0, 6, 1, 1
0, 0, 0, 0, 0, 6, 6, 3, 3
0, 0, 6, 1, 1, 1, 1, 1, 1
0, 0, 0, 0, 0, 0, 0, 0, 6
0, 0, 0, 0, 0, 0, 0, 0, 6
0, 0, 0, 0, 0, 0, 0, 0, 6
0, 0, 0, 0, 0, 0, 6, 1, 1
0, 0, 0, 0, 0, 0, 6, 1, 1
0, 0, 0, 0, 0, 0, 6, 1, 1
0, 0, 0, 0, 6, 1, 1, 1, 1
0, 0, 0, 0, 6, 1, 1, 1, 1
0, 0, 0, 0, 6, 1, 1, 1, 1
0, 0, 0, 0, 6, 1, 1, 1, 1
0, 0, 0, 0, 0, 0, 0, 7, 4
0, 0, 0, 0, 0, 6, 6, 6, 3
0, 0, 0, 0, 0, 0, 0, 0, 6
0, 0, 0, 0, 0, 0, 0, 0, 6
0, 0, 0, 0, 0, 0, 7, 1, 1
0, 0, 7, 7, 4, 4, 4, 4, 4
0, 0, 0, 0, 0, 0, 0, 0, 6
0, 0, 0, 0, 0, 0, 6, 1, 1
0, 0, 0, 0, 6, 3, 3, 3, 3
0, 0, 0, 0, 0, 0, 6, 1, 1
0, 0, 0, 0, 0, 6, 6, 3, 3
0, 0, 0, 6, 3, 3, 3, 3, 3
0, 0, 0, 0, 0, 0, 0, 0, 6
0, 0, 0, 0, 0, 6, 6, 6, 6
0, 0, 0, 0, 0, 6, 6, 6, 3
0, 0, 0, 0, 0, 0, 0, 0, 6
0, 0, 0, 0, 0, 7, 1, 1, 1
0, 0, 0, 0, 0, 0, 6, 1, 1
0, 0, 0, 0, 6, 3, 3, 3, 3
0, 0, 0, 0, 0, 0, 6, 1, 1
0, 0, 7, 1, 1, 1, 1, 1, 1
0, 0, 0, 0, 0, 0, 0, 6, 1
0, 0, 0, 0, 0, 0, 6, 1, 1
0, 0, 0, 0, 0, 0, 0, 6, 3
0, 0, 0, 0, 0, 0, 6, 1, 1
0, 0, 0, 0, 6, 6, 6, 6, 3
0, 0, 0, 0, 6, 3, 3, 3, 3
0, 0, 0, 0, 0, 0, 6, 1, 1
0, 0, 0, 0, 0, 6, 1, 1, 1
0, 5, 1, 1, 1, 1, 1, 1, 1
0, 0, 0, 0, 6, 6, 6, 3, 3
0, 0, 0, 0, 0, 0, 6, 1, 1
0, 0, 0, 0, 0, 6, 1, 1, 1
0, 0, 0, 0, 0, 0, 0, 6, 6
0, 0, 0, 0, 0, 0, 6, 1, 1
0, 0, 6, 1, 1, 1, 1, 1, 1
0, 0, 0, 0, 0, 6, 1, 1, 1
0, 0, 0, 0, 0, 0, 6, 1, 1
0, 0, 0, 0, 0, 0, 0, 6, 1
0, 0, 0, 0, 0, 6, 1, 1, 1
0, 0, 0, 0, 0, 0, 6, 1, 1
0, 0, 0, 0, 0, 6, 1, 1, 1
0, 0, 0, 0, 6, 1, 1, 1, 1
0, 0, 0, 0, 0, 6, 6, 6, 6
0, 0, 0, 0, 0, 6, 6, 6, 6
0, 0, 0, 0, 0, 0, 0, 0, 5
0, 0, 0, 0, 0, 0, 0, 6, 6
0, 0, 0, 0, 6, 3, 3, 3, 3
0, 0, 0, 0, 6, 6, 6, 6, 3
0, 0, 0, 0, 0, 0, 6, 1, 1
0, 0, 0, 0, 0, 6, 6, 6, 6
0, 0, 0, 0, 6, 3, 3, 3, 3
0, 0, 0, 0, 0, 0, 6, 1, 1
0, 0, 0, 0, 0, 0, 6, 6, 6
0, 0, 0, 0, 7, 4, 4, 4, 4
0, 0, 0, 0, 0, 0, 0, 6, 1
0, 0, 0, 0, 0, 0, 0, 7, 1
0, 0, 0, 0, 0, 0, 0, 0, 6
0, 0, 0, 0, 0, 0, 0, 0, 6
0, 0, 0, 6, 3, 3, 3, 3, 3
0, 0, 0, 0, 0, 0, 0, 6, 6
0, 0, 0, 0, 0, 0, 0, 6, 1
0, 0, 0, 0, 0, 0, 6, 1, 1
0, 0, 7, 4, 4, 4, 4, 4, 4
0, 0, 0, 0, 0, 0, 6, 1, 1
0, 0, 0, 0, 0, 0, 0, 0, 6
0, 0, 0, 0, 0, 6, 1, 1, 1
0, 0, 0, 0, 0, 0, 6, 1, 1
0, 0, 0, 0, 0, 0, 6, 6, 6
0, 0, 0, 0, 0, 0, 6, 6, 6
0, 0, 0, 0, 0, 0, 6, 6, 6
0, 0, 0, 0, 0, 0, 6, 6, 6
0, 0, 0, 0, 0, 0, 0, 0, 6
0, 0, 0, 0, 0, 0, 6, 6, 6
0, 0, 0, 0, 0, 0, 0, 0, 6
0, 0, 0, 0, 0, 0, 0, 0, 6
0, 0, 0, 0, 0, 0, 6, 1, 1
0, 0, 0, 0, 0, 0, 0, 6, 6
0, 0, 0, 0, 0, 0, 6, 1, 1
0, 0, 0, 0, 0, 0, 0, 6, 1
0, 0, 0, 0, 0, 0, 6, 1, 1
0, 5, 1, 1, 1, 1, 1, 1, 1
0, 0, 0, 0, 0, 0, 0, 0, 6
0, 0, 0, 0, 0, 0, 6, 3, 3
0, 0, 7, 1, 1, 1, 1, 1, 1
0, 0, 0, 7, 4, 4, 4, 4, 4
0, 0, 0, 0, 0, 0, 6, 1, 1
0, 0, 0, 0, 0, 0, 6, 1, 1
0, 0, 0, 0, 0, 0, 6, 1, 1
0, 0, 0, 0, 0, 6, 1, 1, 1
0, 0, 0, 0, 6, 6, 6, 3, 3
0, 0, 0, 0, 0, 0, 6, 1, 1
0, 0, 0, 0, 0, 0, 0, 0, 6
0, 0, 0, 0, 0, 7, 7, 4, 4
0, 0, 0, 0, 0, 0, 6, 1, 1
0, 0, 0, 0, 0, 0, 0, 0, 6
0, 0, 0, 0, 0, 0, 6, 6, 6
0, 0, 7, 1, 1, 1, 1, 1, 1
0, 0, 0, 0, 7, 7, 4, 4, 4
0, 0, 0, 0, 0, 0, 0, 6, 6
0, 0, 0, 0, 0, 0, 0, 0, 6
0, 0, 0, 0, 0, 0, 0, 6, 6
0, 0, 0, 0, 0, 0, 6, 1, 1
0, 0, 0, 0, 0, 0, 0, 6, 1
0, 0, 0, 0, 0, 0, 0, 0, 5
0, 0, 0, 0, 0, 0, 0, 0, 6
0, 0, 0, 0, 6, 6, 6, 1, 1
0, 0, 0, 0, 0, 0, 0, 6, 3
0, 0, 0, 0, 0, 0, 6, 1, 1
0, 0, 0, 6, 1, 1, 1, 1, 1
0, 0, 0, 0, 0, 0, 6, 1, 1
0, 0, 0, 0, 0, 0, 0, 6, 1
0, 0, 0, 0, 0, 0, 0, 0, 6
0, 0, 0, 0, 6, 1, 1, 1, 1
0, 0, 0, 0, 0, 0, 0, 0, 6
0, 0, 0, 0, 0, 0, 0, 6, 3
0, 0, 0, 0, 0, 0, 7, 4, 4
0, 0, 0, 0, 0, 0, 0, 6, 1
0, 0, 0, 0, 0, 0, 6, 6, 6
0, 0, 0, 0, 0, 6, 1, 1, 1
0, 0, 0, 0, 0, 0, 6, 1, 1
0, 0, 0, 0, 0, 0, 0, 6, 3
0, 0, 0, 0, 0, 0, 0, 0, 6
0, 0, 0, 7, 1, 1, 1, 1, 1
0, 0, 0, 0, 0, 0, 6, 1, 1
0, 0, 0, 0, 0, 0, 0, 6, 1
0, 0, 0, 0, 0, 0, 0, 0, 6
0, 0, 0, 0, 0, 0, 6, 6, 6
0, 0, 0, 0, 0, 0, 6, 1, 1
0, 0, 0, 0, 0, 6, 1, 1, 1
0, 0, 0, 0, 0, 6, 1, 1, 1
0, 0, 0, 6, 1, 1, 1, 1, 1
0, 0, 0, 0, 0, 0, 6, 1, 1
0, 0, 0, 0, 0, 6, 6, 3, 3
0, 0, 0, 0, 0, 0, 0, 6, 3
0, 0, 0, 0, 6, 1, 1, 1, 1
0, 0, 0, 0, 0, 0, 0, 6, 1
0, 0, 0, 0, 0, 0, 0, 6, 3
0, 0, 0, 0, 0, 0, 0, 6, 6
0, 0, 0, 0, 0, 0, 0, 0, 6
0, 0, 0, 0, 0, 6, 1, 1, 1
0, 0, 0, 6, 1, 1, 1, 1, 1
0, 0, 0, 0, 0, 6, 1, 1, 1
0, 0, 0, 0, 0, 0, 6, 1, 1
0, 0, 0, 6, 1, 1, 1, 1, 1
0, 0, 0, 0, 0, 0, 6, 6, 6
0, 5, 1, 1, 1, 1, 1, 1, 1
0, 0, 0, 0, 0, 0, 6, 6, 6
0, 0, 0, 0, 0, 0, 6, 1, 1
0, 0, 0, 0, 0, 0, 0, 0, 6
0, 0, 0, 0, 0, 0, 0, 0, 6
0, 0, 7, 7, 1, 1, 1, 1, 1
0, 0, 0, 0, 6, 1, 1, 1, 1
0, 0, 0, 0, 0, 0, 6, 1, 1
0, 0, 0, 0, 0, 0, 0, 6, 6
0, 0, 0, 0, 6, 6, 6, 3, 3
0, 0, 0, 0, 0, 6, 6, 3, 3
0, 0, 0, 0, 0, 0, 0, 0, 6
0, 0, 0, 6, 1, 1, 1, 1, 1
0, 0, 0, 0, 0, 6, 6, 1, 1
0, 0, 0, 0, 0, 0, 6, 1, 1
0, 0, 0, 0, 0, 6, 6, 1, 1
0, 0, 0, 0, 0, 0, 0, 6, 6
0, 0, 0, 6, 1, 1, 1, 1, 1
0, 0, 0, 6, 1, 1, 1, 1, 1
0, 0, 0, 0, 0, 0, 0, 6, 6
0, 0, 0, 0, 6, 3, 3, 3, 3
0, 0, 0, 0, 0, 0, 0, 6, 1
0, 0, 0, 0, 0, 0, 0, 0, 6
0, 0, 0, 0, 0, 0, 0, 6, 1
0, 0, 0, 0, 0, 6, 6, 1, 1
0, 0, 0, 0, 0, 0, 0, 0, 6
0, 0, 0, 0, 0, 0, 6, 1, 1
0, 0, 0, 0, 6, 3, 3, 3, 3
0, 0, 0, 0, 0, 0, 6, 1, 1
0, 0, 0, 0, 0, 6, 1, 1, 1
0, 0, 0, 0, 0, 0, 6, 1, 1
0, 0, 0, 0, 0, 0, 0, 0, 6
0, 0, 0, 0, 0, 0, 0, 0, 6
0, 0, 0, 0, 0, 0, 6, 1, 1
0, 0, 0, 0, 0, 0, 0, 0, 6
0, 0, 0, 7, 1, 1, 1, 1, 1
0, 0, 0, 0, 0, 0, 0, 6, 3
0, 0, 0, 0, 0, 0, 0, 0, 6
0, 0, 0, 0, 0, 0, 0, 0, 6
0, 0, 0, 0, 0, 0, 7, 1, 1
0, 0, 0, 0, 6, 6, 6, 6, 3
0, 0, 0, 0, 6, 3, 3, 3, 3
0, 0, 0, 0, 0, 6, 6, 1, 1
0, 0, 0, 6, 3, 3, 3, 3, 3
0, 0, 0, 0, 0, 0, 6, 1, 1
0, 0, 0, 0, 0, 0, 0, 6, 6
0, 0, 0, 0, 0, 0, 0, 6, 3
0, 0, 0, 0, 6, 6, 6, 3, 3
0, 0, 0, 0, 0, 0, 6, 6, 6
0, 0, 0, 0, 0, 6, 6, 3, 3
0, 0, 0, 0, 0, 0, 6, 6, 6
0, 0, 0, 0, 0, 0, 6, 1, 1
0, 0, 0, 0, 0, 0, 0, 6, 3
0, 0, 0, 0, 0, 0, 0, 6, 6
0, 0, 0, 0, 6, 3, 3, 3, 3
0, 0, 0, 0, 0, 6, 6, 6, 6
0, 0, 0, 0, 0, 0, 0, 6, 3
0, 0, 0, 0, 0, 0, 6, 1, 1
0, 0, 0, 0, 6, 6, 6, 3, 3
0, 0, 0, 0, 0, 0, 6, 1, 1
0, 0, 0, 0, 0, 0, 0, 6, 3
0, 0, 0, 0, 0, 0, 6, 1, 1
0, 0, 0, 0, 0, 0, 6, 1, 1
0, 0, 0, 7, 4, 4, 4, 4, 4
0, 0, 0, 7, 4, 4, 4, 4, 4
0, 0, 0, 0, 0, 0, 6, 1, 1
0, 0, 0, 0, 0, 0, 0, 6, 3
0, 0, 0, 6, 3, 3, 3, 3, 3
0, 0, 0, 0, 6, 3, 3, 3, 3
0, 0, 0, 0, 0, 6, 1, 1, 1
0, 0, 0, 0, 0, 6, 6, 3, 3
0, 0, 0, 0, 0, 0, 6, 6, 1
0, 0, 0, 0, 6, 1, 1, 1, 1
0, 0, 0, 0, 0, 0, 0, 0, 6
0, 0, 0, 0, 0, 0, 6, 1, 1
0, 0, 0, 0, 0, 0, 0, 0, 6
0, 0, 0, 0, 0, 0, 6, 1, 1
0, 0, 0, 0, 0, 0, 0, 6, 3
0, 0, 0, 0, 0, 0, 0, 0, 6
0, 0, 0, 0, 6, 1, 1, 1, 1
0, 0, 0, 0, 0, 0, 0, 0, 5
0, 0, 0, 0, 0, 0, 0, 0, 6
0, 0, 0, 0, 0, 0, 6, 1, 1
0, 0, 0, 0, 0, 0, 6, 1, 1
0, 0, 0, 0, 6, 6, 6, 3, 3
0, 0, 0, 0, 0, 0, 6, 1, 1
0, 0, 0, 0, 0, 0, 6, 1, 1
0, 0, 0, 0, 0, 6, 6, 6, 6
0, 0, 0, 0, 0, 0, 6, 1, 1
0, 0, 0, 6, 3, 3, 3, 3, 3
0, 0, 0, 6, 3, 3, 3, 3, 3
0, 0, 0, 0, 0, 6, 1, 1, 1
0, 0, 0, 0, 0, 0, 6, 1, 1
0, 0, 0, 0, 6, 1, 1, 1, 1
0, 0, 0, 6, 1, 1, 1, 1, 1
0, 0, 0, 0, 0, 0, 0, 0, 6
0, 0, 0, 0, 0, 6, 6, 3, 3
0, 0, 0, 0, 0, 0, 6, 6, 6
0, 0, 0, 0, 0, 6, 6, 3, 3
0, 0, 6, 1, 1, 1, 1, 1, 1
0, 0, 0, 0, 0, 0, 0, 6, 3
0, 0, 0, 0, 0, 0, 0, 0, 6
0, 0, 0, 0, 0, 6, 6, 6, 6
0, 0, 0, 0, 0, 0, 0, 0, 6
0, 0, 0, 0, 0, 0, 0, 0, 6
0, 0, 0, 0, 0, 0, 0, 0, 6
0, 0, 0, 0, 0, 0, 0, 0, 6
0, 0, 0, 0, 0, 0, 0, 0, 6
0, 0, 0, 0, 0, 0, 6, 6, 6
0, 0, 0, 0, 0, 0, 0, 0, 6
0, 0, 0, 0, 0, 6, 6, 6, 6
0, 0, 0, 0, 0, 0, 0, 0, 6
0, 0, 0, 6, 3, 3, 3, 3, 3
0, 0, 0, 0, 0, 0, 6, 6, 6
0, 0, 0, 0, 0, 0, 6, 1, 1
0, 0, 6, 6, 6, 6, 6, 6, 6
0, 0, 0, 0, 0, 0, 0, 0, 6
0, 0, 0, 0, 0, 0, 6, 1, 1
0, 0, 0, 0, 6, 1, 1, 1, 1
0, 0, 0, 0, 0, 0, 6, 1, 1
0, 0, 0, 0, 0, 0, 7, 4, 4
0, 0, 0, 0, 6, 1, 1, 1, 1
0, 0, 0, 0, 0, 6, 1, 1, 1
0, 0, 0, 0, 6, 3, 3, 3, 3
0, 0, 0, 0, 6, 1, 1, 1, 1
0, 0, 0, 0, 0, 0, 6, 1, 1
0, 0, 0, 0, 6, 6, 1, 1, 1
0, 0, 0, 0, 0, 0, 6, 1, 1
0, 0, 0, 0, 0, 0, 6, 1, 1
0, 0, 0, 0, 0, 0, 0, 6, 1
0, 0, 0, 0, 0, 0, 0, 6, 1
0, 0, 0, 0, 0, 0, 0, 0, 6
0, 0, 0, 0, 0, 0, 0, 6, 1
0, 0, 0, 0, 0, 0, 0, 0, 6
0, 0, 0, 0, 0, 0, 0, 0, 6
0, 0, 0, 0, 0, 0, 0, 0, 6
0, 0, 0, 7, 4, 4, 4, 4, 4
0, 0, 0, 0, 0, 0, 0, 6, 1
0, 0, 0, 6, 3, 3, 3, 3, 3
0, 0, 0, 0, 0, 6, 1, 1, 1
0, 0, 0, 0, 0, 0, 0, 0, 6
0, 0, 0, 0, 0, 7, 7, 4, 4
0, 0, 6, 1, 1, 1, 1, 1, 1
0, 0, 0, 0, 0, 0, 0, 0, 6
0, 0, 0, 6, 1, 1, 1, 1, 1
0, 0, 0, 6, 3, 3, 3, 3, 3
0, 0, 0, 0, 0, 0, 7, 4, 4
0, 0, 0, 6, 3, 3, 3, 3, 3
0, 0, 0, 0, 6, 3, 3, 3, 3
0, 0, 0, 0, 0, 6, 6, 3, 3
0, 0, 0, 0, 0, 0, 0, 0, 6
0, 0, 0, 0, 6, 3, 3, 3, 3
0, 0, 0, 0, 0, 0, 6, 1, 1
0, 0, 0, 0, 0, 6, 1, 1, 1
0, 0, 7, 1, 1, 1, 1, 1, 1
0, 0, 0, 0, 0, 0, 0, 0, 6
0, 0, 0, 0, 0, 6, 6, 3, 3
0, 0, 7, 4, 4, 4, 4, 4, 4
0, 0, 0, 0, 0, 0, 6, 1, 1
0, 0, 0, 0, 0, 0, 0, 0, 6
0, 0, 0, 0, 0, 6, 6, 6, 6
0, 0, 0, 0, 0, 0, 0, 0, 6
0, 0, 0, 0, 0, 0, 0, 0, 6
0, 0, 0, 0, 0, 0, 0, 0, 5
0, 0, 0, 0, 0, 0, 0, 0, 6
0, 0, 0, 0, 0, 0, 6, 1, 1
0, 0, 7, 1, 1, 1, 1, 1, 1
0, 0, 0, 0, 0, 0, 6, 1, 1
0, 0, 0, 0, 0, 0, 6, 6, 6
0, 0, 6, 1, 1, 1, 1, 1, 1
0, 0, 0, 6, 1, 1, 1, 1, 1
0, 0, 0, 0, 7, 7, 4, 4, 4
0, 0, 0, 6, 3, 3, 3, 3, 3
0, 0, 0, 0, 6, 1, 1, 1, 1
0, 0, 0, 6, 1, 1, 1, 1, 1
0, 0, 0, 0, 0, 0, 0, 6, 3
0, 0, 0, 0, 0, 6, 1, 1, 1
0, 0, 0, 6, 3, 3, 3, 3, 3
0, 0, 0, 0, 0, 0, 6, 1, 1
0, 0, 0, 0, 6, 6, 1, 1, 1
0, 0, 0, 0, 6, 6, 6, 3, 3
0, 0, 0, 0, 0, 0, 0, 0, 6
0, 0, 0, 0, 0, 0, 0, 0, 6
0, 0, 0, 0, 0, 0, 0, 0, 6
0, 0, 0, 0, 6, 6, 6, 1, 1
0, 0, 0, 6, 1, 1, 1, 1, 1
0, 0, 0, 0, 0, 0, 6, 1, 1
0, 0, 0, 0, 0, 0, 0, 0, 6
0, 0, 0, 0, 0, 0, 0, 0, 6
0, 0, 0, 0, 0, 0, 6, 1, 1
0, 0, 0, 0, 0, 0, 6, 1, 1
0, 0, 0, 0, 0, 0, 6, 1, 1
0, 0, 0, 0, 0, 0, 6, 1, 1
0, 0, 0, 6, 3, 3, 3, 3, 3
0, 0, 0, 0, 0, 0, 0, 0, 6
0, 0, 0, 0, 0, 0, 6, 1, 1
0, 0, 0, 0, 0, 0, 0, 0, 6
0, 0, 0, 0, 0, 6, 1, 1, 1
0, 0, 0, 6, 6, 3, 3, 3, 3
0, 0, 0, 6, 3, 3, 3, 3, 3
0, 0, 0, 0, 0, 0, 6, 1, 1
0, 0, 7, 1, 1, 1, 1, 1, 1
0, 0, 0, 0, 6, 1, 1, 1, 1
0, 0, 0, 0, 0, 0, 0, 0, 6
0, 0, 0, 0, 0, 0, 0, 0, 6
0, 0, 0, 0, 0, 0, 0, 0, 6
0, 0, 0, 6, 3, 3, 3, 3, 3
0, 0, 0, 0, 0, 0, 0, 0, 5
0, 0, 0, 0, 0, 0, 6, 1, 1
0, 0, 0, 0, 0, 0, 6, 1, 1
0, 0, 0, 0, 0, 0, 0, 6, 3
0, 0, 0, 0, 0, 0, 0, 0, 6
0, 0, 0, 0, 0, 0, 6, 1, 1
0, 0, 0, 0, 0, 0, 6, 1, 1
0, 0, 0, 0, 0, 0, 7, 4, 4
0, 0, 0, 0, 0, 0, 0, 6, 1
0, 0, 0, 6, 1, 1, 1, 1, 1
0, 0, 0, 0, 6, 1, 1, 1, 1
0, 0, 0, 0, 0, 0, 6, 1, 1
0, 0, 0, 0, 0, 0, 6, 1, 1
0, 0, 7, 4, 4, 4, 4, 4, 4
0, 0, 0, 0, 0, 6, 6, 3, 3
0, 0, 0, 0, 0, 0, 0, 6, 3
0, 0, 0, 0, 0, 0, 6, 1, 1
0, 0, 0, 0, 0, 0, 0, 0, 6
0, 0, 0, 0, 0, 0, 0, 0, 6
0, 0, 0, 0, 0, 6, 1, 1, 1
0, 0, 0, 0, 0, 6, 1, 1, 1
0, 0, 0, 0, 6, 3, 3, 3, 3
0, 0, 0, 0, 0, 0, 0, 0, 6
0, 0, 0, 0, 6, 3, 3, 3, 3
0, 0, 0, 0, 0, 0, 6, 1, 1
0, 0, 0, 0, 0, 0, 0, 0, 6
0, 0, 0, 0, 6, 3, 3, 3, 3
0, 0, 0, 0, 0, 0, 7, 1, 1
0, 0, 0, 0, 0, 0, 6, 1, 1
0, 0, 0, 0, 0, 6, 6, 3, 3
0, 0, 0, 0, 0, 0, 6, 1, 1
0, 0, 0, 0, 0, 0, 6, 1, 1
0, 0, 0, 0, 0, 0, 0, 6, 1
0, 0, 0, 0, 0, 0, 0, 6, 1
0, 0, 0, 0, 0, 0, 6, 1, 1
0, 0, 0, 0, 0, 0, 0, 0, 6
0, 0, 0, 0, 0, 6, 6, 1, 1
0, 0, 0, 7, 1, 1, 1, 1, 1
0, 0, 0, 0, 0, 6, 1, 1, 1
0, 0, 0, 0, 0, 6, 1, 1, 1
0, 0, 0, 0, 6, 3, 3, 3, 3
0, 0, 7, 1, 1, 1, 1, 1, 1
0, 0, 0, 0, 0, 0, 6, 1, 1
0, 0, 0, 0, 0, 0, 6, 1, 1
0, 0, 0, 0, 6, 6, 6, 3, 3
0, 0, 0, 0, 6, 6, 6, 3, 3
0, 0, 0, 0, 0, 0, 0, 0, 6
0, 0, 0, 6, 3, 3, 3, 3, 3
0, 0, 0, 0, 0, 0, 7, 1, 1
0, 0, 0, 0, 0, 0, 0, 6, 1
0, 0, 0, 6, 3, 3, 3, 3, 3
0, 0, 0, 0, 0, 7, 4, 4, 4
0, 0, 0, 0, 0, 0, 0, 6, 6
0, 0, 0, 0, 0, 0, 6, 1, 1
0, 0, 0, 0, 0, 0, 6, 6, 6
0, 0, 0, 0, 0, 0, 6, 1, 1
0, 0, 0, 0, 0, 0, 0, 0, 6
0, 0, 0, 0, 0, 0, 6, 1, 1
0, 0, 0, 0, 0, 0, 6, 6, 6
0, 0, 0, 0, 0, 0, 0, 0, 6
0, 0, 0, 0, 0, 0, 6, 6, 6
0, 0, 0, 0, 0, 0, 0, 0, 6
0, 0, 0, 0, 0, 0, 0, 0, 6
0, 0, 0, 0, 0, 0, 0, 0, 6
0, 0, 0, 0, 0, 0, 6, 1, 1
0, 0, 0, 0, 0, 0, 6, 3, 3
0, 0, 0, 0, 0, 0, 0, 0, 6
0, 0, 0, 0, 0, 6, 6, 3, 3
0, 0, 0, 0, 0, 0, 6, 1, 1
0, 0, 0, 0, 0, 0, 6, 1, 1
0, 0, 0, 0, 0, 0, 6, 1, 1
0, 0, 0, 0, 0, 0, 6, 6, 6
0, 0, 0, 0, 0, 6, 1, 1, 1
0, 0, 0, 7, 4, 4, 4, 4, 4
0, 0, 0, 0, 0, 6, 6, 6, 6
0, 0, 0, 0, 0, 0, 6, 1, 1
0, 0, 0, 0, 6, 6, 3, 3, 3
0, 0, 7, 4, 4, 4, 4, 4, 4
0, 0, 0, 0, 0, 0, 6, 6, 6
0, 0, 0, 0, 0, 0, 0, 0, 6
0, 0, 7, 1, 1, 1, 1, 1, 1
0, 0, 0, 0, 0, 0, 0, 6, 3
0, 0, 0, 0, 0, 0, 0, 0, 6
0, 0, 0, 0, 0, 0, 6, 1, 1
0, 0, 0, 0, 0, 0, 6, 1, 1
0, 0, 0, 6, 1, 1, 1, 1, 1
0, 0, 0, 0, 0, 0, 0, 6, 6
0, 0, 0, 0, 6, 6, 6, 1, 1
0, 0, 6, 6, 3, 3, 3, 3, 3
0, 0, 0, 0, 0, 6, 6, 3, 3
0, 0, 0, 0, 0, 6, 1, 1, 1
0, 0, 0, 0, 0, 0, 7, 4, 4
0, 0, 0, 0, 0, 0, 0, 6, 6
0, 0, 0, 0, 0, 0, 6, 1, 1
0, 0, 0, 0, 0, 0, 6, 6, 6
0, 0, 7, 1, 1, 1, 1, 1, 1
0, 0, 0, 0, 0, 6, 6, 3, 3
0, 0, 0, 0, 0, 6, 6, 3, 3
0, 0, 0, 0, 0, 0, 0, 0, 6
0, 0, 0, 0, 0, 6, 6, 3, 3
0, 0, 0, 0, 0, 0, 6, 1, 1
0, 0, 0, 0, 0, 0, 0, 0, 6
0, 0, 0, 0, 0, 0, 6, 1, 1
0, 0, 0, 0, 0, 0, 6, 1, 1
0, 0, 0, 7, 4, 4, 4, 4, 4
0, 0, 0, 0, 0, 6, 1, 1, 1
0, 0, 0, 0, 0, 0, 6, 1, 1
0, 0, 0, 6, 3, 3, 3, 3, 3
0, 0, 0, 0, 0, 6, 1, 1, 1
0, 0, 0, 6, 1, 1, 1, 1, 1
0, 0, 0, 6, 1, 1, 1, 1, 1
0, 0, 0, 0, 0, 0, 0, 6, 3
0, 0, 0, 0, 0, 0, 6, 1, 1
0, 0, 0, 0, 0, 0, 6, 1, 1
0, 0, 0, 0, 0, 0, 6, 1, 1
0, 0, 0, 0, 0, 0, 0, 6, 1
0, 0, 0, 0, 0, 0, 0, 6, 3
0, 0, 0, 6, 3, 3, 3, 3, 3
0, 0, 0, 0, 0, 0, 6, 1, 1
0, 0, 7, 1, 1, 1, 1, 1, 1
0, 0, 0, 6, 3, 3, 3, 3, 3
0, 0, 0, 0, 6, 3, 3, 3, 3
0, 0, 0, 0, 0, 7, 1, 1, 1
0, 0, 0, 0, 0, 0, 6, 1, 1
0, 0, 0, 0, 0, 0, 6, 1, 1
0, 0, 7, 4, 4, 4, 4, 4, 4
0, 0, 0, 0, 0, 0, 6, 1, 1
0, 0, 0, 0, 0, 0, 6, 1, 1
0, 0, 0, 0, 0, 0, 0, 6, 6
0, 0, 0, 0, 0, 0, 6, 6, 6
0, 0, 0, 0, 0, 0, 0, 6, 1
0, 0, 0, 0, 0, 0, 6, 6, 6
0, 0, 0, 0, 0, 0, 0, 0, 6
0, 0, 0, 0, 0, 0, 6, 1, 1
0, 0, 0, 0, 0, 0, 6, 1, 1
0, 0, 0, 0, 0, 6, 6, 6, 6
0, 0, 0, 0, 0, 0, 6, 6, 6
0, 0, 0, 0, 0, 0, 6, 6, 6
0, 0, 0, 0, 0, 0, 6, 1, 1
0, 0, 0, 0, 0, 0, 6, 1, 1
0, 0, 0, 0, 0, 0, 6, 1, 1
0, 0, 0, 0, 0, 0, 0, 0, 6
0, 0, 0, 0, 0, 0, 0, 6, 6
0, 0, 0, 0, 0, 0, 6, 1, 1
0, 0, 0, 0, 0, 0, 0, 0, 6
0, 0, 0, 0, 0, 0, 0, 6, 6
0, 0, 0, 0, 0, 0, 7, 4, 4
0, 0, 0, 6, 3, 3, 3, 3, 3
0, 0, 0, 0, 0, 0, 6, 1, 1
0, 0, 0, 0, 0, 0, 6, 1, 1
0, 0, 0, 0, 0, 0, 0, 6, 3
0, 0, 0, 0, 0, 0, 6, 1, 1
0, 0, 0, 0, 0, 0, 6, 1, 1
0, 0, 0, 0, 0, 0, 0, 6, 1
0, 0, 0, 0, 0, 0, 6, 6, 6
0, 0, 0, 0, 0, 0, 0, 0, 6
0, 0, 0, 0, 6, 6, 3, 3, 3
0, 0, 0, 0, 6, 1, 1, 1, 1
0, 0, 0, 0, 0, 0, 0, 6, 3
0, 0, 0, 0, 0, 0, 6, 1, 1
0, 0, 7, 7, 4, 4, 4, 4, 4
0, 0, 0, 0, 0, 0, 6, 1, 1
0, 0, 0, 0, 6, 3, 3, 3, 3
0, 0, 0, 6, 1, 1, 1, 1, 1
0, 0, 0, 7, 4, 4, 4, 4, 4
0, 0, 0, 0, 0, 0, 6, 1, 1
0, 0, 0, 0, 0, 0, 6, 1, 1
0, 0, 0, 0, 0, 0, 0, 0, 6
0, 0, 0, 0, 0, 0, 6, 1, 1
0, 0, 0, 0, 0, 0, 0, 0, 6
0, 0, 0, 0, 0, 0, 6, 1, 1
0, 0, 0, 0, 0, 6, 1, 1, 1
0, 0, 0, 0, 0, 6, 1, 1, 1
0, 0, 0, 0, 0, 6, 1, 1, 1
0, 0, 0, 6, 3, 3, 3, 3, 3
0, 0, 0, 0, 0, 0, 0, 0, 6
0, 0, 0, 0, 0, 0, 7, 4, 4
0, 0, 0, 0, 0, 0, 0, 0, 6
0, 0, 0, 0, 0, 0, 0, 0, 6
0, 0, 0, 0, 0, 6, 1, 1, 1
0, 0, 0, 0, 0, 6, 1, 1, 1
0, 0, 0, 0, 0, 0, 6, 1, 1
0, 0, 0, 0, 0, 0, 6, 1, 1
0, 0, 0, 0, 0, 0, 0, 6, 1
0, 0, 0, 0, 0, 0, 0, 6, 1
0, 0, 0, 0, 0, 0, 0, 6, 1
0, 0, 0, 0, 6, 1, 1, 1, 1
0, 0, 0, 0, 0, 0, 0, 6, 6
0, 0, 0, 0, 0, 0, 0, 0, 6
0, 0, 0, 0, 0, 0, 0, 6, 1
0, 0, 0, 0, 0, 6, 1, 1, 1
0, 0, 0, 0, 0, 0, 0, 6, 6
0, 0, 0, 6, 1, 1, 1, 1, 1
0, 0, 0, 0, 0, 0, 0, 6, 6
0, 5, 1, 1, 1, 1, 1, 1, 1
0, 0, 0, 6, 1, 1, 1, 1, 1
0, 5, 1, 1, 1, 1, 1, 1, 1
0, 0, 0, 0, 0, 6, 1, 1, 1
0, 0, 0, 0, 0, 0, 6, 6, 6
0, 0, 0, 0, 0, 0, 0, 6, 1
0, 0, 0, 0, 0, 0, 6, 1, 1
0, 0, 0, 0, 0, 0, 0, 0, 5
0, 0, 0, 0, 0, 6, 1, 1, 1
0, 0, 0, 0, 0, 0, 6, 1, 1
0, 0, 0, 0, 0, 0, 6, 1, 1
0, 0, 0, 0, 0, 0, 0, 0, 6
0, 0, 0, 0, 0, 0, 0, 0, 6
0, 0, 0, 0, 0, 0, 0, 0, 6
0, 0, 0, 0, 0, 0, 6, 1, 1
0, 0, 0, 0, 0, 0, 0, 0, 6
0, 0, 0, 0, 0, 0, 6, 1, 1
0, 0, 0, 0, 0, 0, 6, 1, 1
0, 0, 0, 6, 1, 1, 1, 1, 1
0, 0, 0, 0, 0, 0, 6, 1, 1
0, 0, 0, 0, 0, 0, 6, 1, 1
0, 0, 7, 7, 1, 1, 1, 1, 1
0, 0, 0, 6, 1, 1, 1, 1, 1
0, 0, 0, 0, 0, 0, 6, 6, 6
0, 0, 0, 0, 0, 0, 6, 1, 1
0, 0, 0, 0, 0, 6, 6, 3, 3
0, 0, 0, 0, 0, 0, 7, 1, 1
0, 0, 0, 0, 0, 0, 0, 0, 6
0, 0, 0, 0, 6, 3, 3, 3, 3
0, 0, 0, 0, 0, 0, 6, 6, 6
0, 0, 0, 0, 0, 0, 0, 6, 3
0, 0, 0, 0, 0, 0, 6, 6, 6
0, 0, 0, 0, 0, 0, 6, 1, 1
0, 0, 0, 0, 0, 0, 6, 1, 1
0, 0, 0, 0, 0, 0, 6, 1, 1
0, 0, 0, 0, 0, 0, 0, 0, 5
0, 0, 0, 0, 0, 0, 6, 1, 1
0, 0, 0, 0, 0, 0, 6, 1, 1
0, 0, 0, 0, 0, 6, 6, 3, 3
0, 0, 0, 0, 0, 0, 6, 1, 1
0, 0, 0, 0, 0, 0, 6, 6, 6
0, 0, 0, 0, 0, 0, 0, 0, 6
0, 0, 0, 0, 0, 0, 6, 1, 1
0, 0, 0, 0, 0, 0, 0, 0, 6
0, 0, 0, 0, 0, 0, 0, 6, 1
0, 0, 0, 0, 0, 6, 6, 6, 3
0, 0, 0, 0, 6, 6, 6, 6, 3
0, 0, 0, 0, 0, 0, 6, 6, 6
0, 0, 0, 0, 0, 0, 6, 6, 6
0, 0, 0, 0, 0, 0, 0, 0, 6
0, 0, 0, 0, 0, 0, 6, 1, 1
0, 0, 0, 0, 0, 0, 6, 1, 1
0, 0, 0, 0, 0, 0, 6, 1, 1
0, 0, 0, 0, 0, 0, 6, 6, 6
0, 0, 0, 0, 0, 0, 6, 1, 1
0, 0, 0, 0, 0, 0, 0, 0, 6
0, 0, 0, 0, 0, 0, 6, 6, 6
0, 0, 0, 0, 0, 0, 6, 6, 6
0, 0, 0, 0, 0, 0, 6, 6, 6
0, 0, 0, 0, 0, 0, 0, 0, 6
0, 0, 0, 0, 0, 0, 0, 0, 6
0, 0, 0, 0, 0, 0, 6, 6, 6
0, 0, 0, 0, 0, 0, 0, 0, 6
0, 0, 0, 0, 0, 0, 0, 0, 6
0, 0, 0, 0, 0, 0, 6, 6, 6
0, 0, 0, 0, 0, 0, 6, 6, 6
0, 0, 0, 0, 0, 0, 0, 6, 1
0, 0, 0, 0, 0, 0, 0, 6, 3
0, 0, 0, 0, 0, 6, 1, 1, 1
0, 0, 0, 0, 0, 0, 6, 1, 1
0, 0, 0, 0, 0, 0, 6, 1, 1
0, 0, 0, 0, 0, 0, 0, 0, 6
0, 0, 0, 0, 0, 0, 0, 0, 6
0, 0, 0, 0, 6, 3, 3, 3, 3
0, 0, 0, 0, 6, 3, 3, 3, 3
0, 0, 0, 6, 3, 3, 3, 3, 3
0, 0, 0, 6, 3, 3, 3, 3, 3
0, 0, 0, 0, 0, 0, 6, 1, 1
0, 0, 0, 0, 6, 1, 1, 1, 1
0, 0, 0, 0, 0, 0, 0, 0, 6
0, 0, 0, 0, 6, 1, 1, 1, 1
0, 0, 0, 6, 3, 3, 3, 3, 3
0, 0, 0, 0, 0, 6, 6, 1, 1
0, 0, 0, 0, 0, 0, 0, 0, 6
0, 0, 0, 0, 0, 0, 0, 6, 6
0, 0, 0, 0, 0, 0, 0, 6, 6
0, 0, 0, 0, 0, 0, 0, 0, 6
0, 0, 0, 0, 0, 0, 0, 0, 6
0, 0, 0, 0, 0, 6, 6, 3, 3
0, 0, 7, 4, 4, 4, 4, 4, 4
0, 0, 0, 0, 0, 0, 6, 6, 6
0, 0, 0, 6, 3, 3, 3, 3, 3
0, 0, 0, 0, 0, 0, 6, 1, 1
0, 0, 0, 0, 0, 0, 6, 1, 1
0, 0, 0, 0, 0, 0, 6, 1, 1
0, 0, 0, 0, 0, 0, 0, 0, 6
0, 0, 0, 0, 0, 0, 0, 0, 6
0, 0, 0, 0, 7, 4, 4, 4, 4
0, 0, 0, 0, 0, 0, 0, 6, 3
0, 0, 0, 0, 6, 3, 3, 3, 3
0, 0, 0, 0, 0, 0, 0, 6, 3
0, 0, 0, 0, 0, 6, 6, 6, 6
0, 0, 0, 0, 6, 6, 6, 3, 3
0, 0, 0, 0, 0, 0, 0, 6, 1
0, 0, 0, 0, 6, 6, 6, 6, 3
0, 0, 6, 1, 1, 1, 1, 1, 1
0, 0, 0, 0, 0, 6, 1, 1, 1
0, 0, 0, 0, 0, 0, 0, 0, 6
0, 0, 0, 0, 0, 0, 0, 0, 6
0, 0, 0, 0, 0, 0, 0, 0, 6
0, 0, 0, 0, 0, 0, 0, 0, 6
0, 0, 0, 0, 0, 0, 0, 0, 6
0, 0, 0, 0, 0, 0, 0, 0, 6
0, 0, 0, 0, 0, 0, 0, 0, 6
0, 0, 0, 0, 0, 0, 0, 0, 6
0, 0, 0, 0, 0, 0, 0, 0, 6
0, 0, 0, 0, 0, 0, 0, 0, 6
0, 0, 0, 0, 0, 0, 0, 0, 6
0, 0, 0, 0, 0, 0, 0, 0, 6
0, 0, 0, 0, 0, 0, 0, 0, 6
0, 0, 0, 0, 0, 0, 0, 0, 6
0, 0, 0, 0, 0, 0, 6, 6, 6
0, 0, 0, 0, 0, 0, 0, 0, 6
0, 0, 0, 0, 0, 0, 0, 0, 6
0, 0, 0, 0, 6, 1, 1, 1, 1
0, 0, 0, 6, 1, 1, 1, 1, 1
0, 0, 0, 0, 0, 0, 0, 6, 3
0, 0, 0, 0, 0, 0, 6, 1, 1
0, 0, 0, 0, 0, 0, 0, 0, 6
0, 0, 7, 7, 1, 1, 1, 1, 1
0, 0, 0, 0, 6, 6, 3, 3, 3
0, 0, 0, 0, 0, 0, 6, 1, 1
0, 0, 7, 4, 4, 4, 4, 4, 4
0, 0, 0, 0, 0, 0, 6, 1, 1
0, 0, 7, 4, 4, 4, 4, 4, 4
0, 0, 0, 0, 0, 0, 0, 6, 3
0, 0, 0, 0, 6, 1, 1, 1, 1
0, 0, 0, 0, 0, 6, 1, 1, 1
0, 0, 0, 0, 0, 0, 6, 6, 6
0, 0, 0, 0, 0, 0, 0, 6, 3
0, 0, 0, 0, 0, 0, 6, 6, 6
0, 0, 0, 0, 0, 0, 6, 1, 1
0, 0, 0, 0, 6, 1, 1, 1, 1
0, 0, 0, 0, 0, 0, 6, 1, 1
0, 0, 0, 0, 0, 0, 6, 1, 1
0, 0, 0, 0, 0, 0, 6, 1, 1
0, 0, 0, 0, 0, 0, 0, 0, 6
0, 0, 0, 0, 0, 0, 6, 6, 6
0, 0, 0, 6, 1, 1, 1, 1, 1
0, 0, 0, 0, 0, 6, 1, 1, 1
0, 0, 0, 0, 0, 0, 0, 6, 1
0, 0, 0, 0, 0, 0, 6, 1, 1
0, 0, 0, 6, 3, 3, 3, 3, 3
0, 0, 0, 0, 0, 6, 1, 1, 1
0, 0, 0, 0, 6, 6, 3, 3, 3
0, 0, 0, 0, 6, 6, 1, 1, 1
0, 0, 0, 0, 0, 0, 0, 0, 6
0, 0, 0, 0, 0, 0, 6, 1, 1
0, 5, 5, 5, 5, 5, 5, 5, 5
0, 0, 0, 0, 0, 0, 0, 0, 6
0, 0, 0, 0, 0, 0, 0, 0, 6
0, 0, 0, 0, 0, 6, 6, 6, 6
0, 0, 0, 0, 6, 1, 1, 1, 1
0, 0, 0, 0, 0, 0, 6, 1, 1
0, 0, 0, 0, 0, 0, 6, 1, 1
0, 0, 0, 0, 0, 0, 0, 0, 6
0, 0, 0, 0, 0, 0, 6, 1, 1
0, 0, 0, 0, 0, 0, 6, 1, 1
0, 0, 0, 0, 0, 0, 6, 1, 1
0, 0, 0, 0, 0, 6, 6, 3, 3
0, 0, 0, 0, 6, 1, 1, 1, 1
0, 0, 7, 4, 4, 4, 4, 4, 4
0, 0, 0, 0, 0, 0, 0, 6, 3
0, 0, 0, 0, 0, 0, 0, 0, 6
0, 0, 0, 0, 0, 0, 0, 0, 6
0, 0, 0, 0, 0, 0, 6, 6, 6
0, 0, 0, 0, 0, 0, 0, 6, 6
0, 0, 0, 6, 3, 3, 3, 3, 3
0, 0, 0, 0, 0, 0, 0, 0, 6
0, 0, 0, 0, 6, 3, 3, 3, 3
0, 0, 0, 6, 1, 1, 1, 1, 1
0, 0, 0, 6, 1, 1, 1, 1, 1
0, 0, 0, 6, 1, 1, 1, 1, 1
0, 0, 0, 6, 1, 1, 1, 1, 1
0, 0, 0, 6, 1, 1, 1, 1, 1
0, 0, 0, 6, 1, 1, 1, 1, 1
0, 0, 0, 6, 1, 1, 1, 1, 1
0, 0, 0, 6, 1, 1, 1, 1, 1
0, 0, 0, 6, 1, 1, 1, 1, 1
0, 0, 0, 6, 1, 1, 1, 1, 1
0, 0, 0, 6, 1, 1, 1, 1, 1
0, 0, 0, 6, 1, 1, 1, 1, 1
0, 0, 0, 6, 1, 1, 1, 1, 1
0, 0, 0, 6, 1, 1, 1, 1, 1
0, 0, 0, 6, 1, 1, 1, 1, 1
0, 0, 0, 6, 1, 1, 1, 1, 1
0, 0, 0, 6, 1, 1, 1, 1, 1
0, 0, 0, 6, 1, 1, 1, 1, 1
0, 0, 0, 0, 0, 0, 6, 1, 1
0, 0, 0, 0, 0, 0, 0, 0, 6
0, 0, 0, 0, 0, 6, 6, 1, 1
0, 0, 0, 0, 0, 6, 1, 1, 1
0, 0, 0, 0, 0, 0, 6, 1, 1
0, 0, 0, 0, 0, 0, 0, 0, 6
0, 0, 0, 0, 0, 0, 0, 0, 6
0, 0, 0, 0, 0, 0, 0, 0, 6
0, 0, 0, 0, 0, 0, 6, 1, 1
0, 0, 7, 4, 4, 4, 4, 4, 4
0, 0, 0, 6, 1, 1, 1, 1, 1
0, 0, 0, 6, 1, 1, 1, 1, 1
0, 0, 0, 6, 1, 1, 1, 1, 1
0, 0, 0, 6, 1, 1, 1, 1, 1
0, 0, 0, 6, 1, 1, 1, 1, 1
0, 0, 0, 6, 1, 1, 1, 1, 1
0, 0, 0, 0, 0, 0, 0, 6, 1
0, 0, 7, 7, 1, 1, 1, 1, 1
0, 5, 1, 1, 1, 1, 1, 1, 1
0, 0, 0, 0, 0, 0, 6, 1, 1
0, 0, 0, 0, 6, 6, 3, 3, 3
0, 0, 0, 6, 1, 1, 1, 1, 1
0, 0, 0, 0, 0, 6, 1, 1, 1
0, 0, 0, 0, 0, 0, 6, 1, 1
0, 0, 0, 0, 0, 0, 6, 1, 1
0, 0, 0, 0, 0, 0, 0, 6, 6
0, 0, 0, 0, 6, 6, 6, 3, 3
0, 0, 0, 0, 0, 0, 0, 0, 6
0, 0, 0, 0, 0, 0, 6, 6, 6
0, 0, 0, 0, 0, 0, 6, 6, 6
0, 0, 0, 0, 0, 0, 6, 6, 6
0, 0, 0, 0, 0, 0, 0, 0, 6
0, 0, 0, 0, 0, 0, 6, 6, 6
0, 0, 0, 0, 0, 0, 6, 6, 6
0, 0, 0, 0, 0, 0, 6, 6, 6
0, 0, 0, 0, 0, 0, 6, 6, 6
0, 0, 0, 0, 0, 0, 6, 6, 6
0, 0, 0, 0, 0, 0, 6, 6, 6
0, 0, 0, 0, 0, 0, 6, 6, 6
0, 0, 0, 0, 0, 0, 6, 6, 6
0, 0, 0, 0, 0, 0, 6, 6, 6
0, 0, 0, 0, 0, 0, 6, 6, 6
0, 0, 0, 0, 0, 0, 6, 6, 6
0, 0, 0, 0, 0, 0, 6, 6, 6
0, 0, 0, 0, 0, 0, 6, 6, 6
0, 0, 0, 0, 0, 0, 6, 1, 1
0, 0, 0, 0, 0, 0, 6, 1, 1
0, 0, 0, 0, 0, 0, 6, 1, 1
0, 0, 0, 6, 3, 3, 3, 3, 3
0, 0, 0, 7, 7, 4, 4, 4, 4
0, 0, 0, 0, 0, 0, 0, 0, 6
0, 0, 0, 0, 0, 0, 0, 6, 6
0, 0, 0, 6, 6, 6, 1, 1, 1
0, 0, 0, 0, 0, 6, 1, 1, 1
0, 0, 0, 0, 0, 0, 0, 0, 6
0, 0, 0, 0, 0, 0, 0, 0, 6
0, 0, 0, 0, 0, 0, 0, 6, 1
0, 0, 0, 0, 0, 0, 0, 6, 3
0, 0, 0, 0, 0, 0, 6, 1, 1
0, 0, 0, 0, 0, 0, 0, 0, 6
0, 0, 0, 0, 0, 0, 0, 0, 6
0, 0, 0, 0, 0, 6, 1, 1, 1
0, 5, 1, 1, 1, 1, 1, 1, 1
0, 0, 0, 0, 0, 6, 1, 1, 1
0, 0, 0, 0, 6, 3, 3, 3, 3
0, 0, 0, 0, 0, 6, 1, 1, 1
0, 0, 0, 0, 0, 0, 6, 1, 1
0, 0, 0, 0, 0, 0, 0, 6, 3
0, 0, 0, 0, 0, 6, 6, 6, 6
0, 0, 0, 0, 0, 0, 6, 1, 1
0, 0, 0, 0, 0, 6, 6, 1, 1
0, 0, 0, 0, 0, 0, 0, 0, 6
0, 0, 6, 1, 1, 1, 1, 1, 1
0, 0, 0, 0, 0, 0, 6, 1, 1
0, 0, 0, 0, 7, 4, 4, 4, 4
0, 0, 0, 0, 0, 6, 1, 1, 1
0, 0, 7, 7, 1, 1, 1, 1, 1
0, 0, 0, 0, 0, 0, 0, 0, 6
0, 0, 0, 0, 0, 0, 6, 1, 1
0, 0, 0, 0, 0, 6, 1, 1, 1
0, 0, 0, 0, 0, 6, 1, 1, 1
0, 0, 0, 0, 0, 0, 6, 1, 1
0, 0, 0, 0, 6, 6, 3, 3, 3
0, 0, 0, 0, 0, 6, 6, 6, 6
0, 0, 0, 6, 3, 3, 3, 3, 3
0, 0, 0, 0, 0, 6, 6, 3, 3
0, 0, 0, 0, 0, 0, 0, 0, 6
0, 0, 0, 0, 0, 0, 6, 1, 1
0, 0, 0, 0, 0, 6, 6, 3, 3
0, 0, 0, 0, 0, 0, 0, 6, 1
0, 0, 0, 0, 0, 0, 6, 1, 1
0, 0, 0, 0, 0, 0, 6, 1, 1
0, 0, 0, 0, 7, 4, 4, 4, 4
0, 0, 0, 0, 0, 6, 6, 6, 6
0, 0, 0, 0, 0, 6, 1, 1, 1
0, 0, 0, 0, 0, 0, 0, 6, 3
0, 0, 0, 0, 0, 6, 1, 1, 1
0, 0, 0, 0, 6, 3, 3, 3, 3
0, 0, 0, 0, 0, 0, 0, 0, 6
0, 0, 0, 6, 3, 3, 3, 3, 3
0, 0, 0, 0, 0, 0, 6, 1, 1
0, 0, 0, 0, 6, 6, 1, 1, 1
0, 0, 0, 0, 0, 0, 6, 1, 1
0, 0, 0, 0, 0, 0, 0, 0, 6
0, 0, 0, 0, 0, 0, 6, 1, 1
0, 0, 0, 0, 0, 0, 6, 1, 1
0, 0, 6, 1, 1, 1, 1, 1, 1
0, 0, 0, 0, 7, 7, 7, 4, 4
0, 0, 0, 0, 0, 0, 0, 0, 6
0, 0, 7, 1, 1, 1, 1, 1, 1
0, 0, 0, 0, 0, 0, 0, 0, 6
0, 0, 0, 0, 0, 0, 0, 6, 3
0, 0, 0, 0, 0, 0, 6, 1, 1
0, 0, 0, 6, 1, 1, 1, 1, 1
0, 0, 0, 0, 6, 3, 3, 3, 3
0, 0, 0, 0, 6, 3, 3, 3, 3
0, 0, 0, 6, 1, 1, 1, 1, 1
0, 0, 0, 0, 6, 6, 3, 3, 3
0, 0, 0, 0, 0, 0, 0, 6, 1
0, 0, 0, 0, 0, 0, 0, 0, 6
0, 0, 0, 0, 0, 0, 0, 0, 6
0, 0, 0, 0, 0, 0, 0, 0, 6
0, 0, 0, 0, 6, 6, 6, 3, 3
0, 0, 0, 0, 0, 0, 0, 6, 1
0, 0, 0, 0, 0, 0, 0, 6, 1
0, 0, 0, 0, 6, 6, 3, 3, 3
0, 0, 0, 0, 0, 0, 6, 1, 1
0, 0, 0, 0, 0, 0, 0, 6, 3
0, 0, 0, 0, 0, 0, 0, 6, 6
0, 0, 0, 0, 7, 4, 4, 4, 4
0, 0, 7, 1, 1, 1, 1, 1, 1
0, 0, 0, 0, 0, 0, 6, 1, 1
0, 0, 0, 0, 0, 0, 6, 1, 1
0, 0, 0, 0, 0, 0, 6, 1, 1
0, 0, 0, 0, 6, 3, 3, 3, 3
0, 0, 0, 0, 0, 0, 0, 6, 6
0, 0, 0, 0, 6, 3, 3, 3, 3
0, 0, 0, 6, 3, 3, 3, 3, 3
0, 0, 0, 0, 0, 0, 6, 1, 1
0, 5, 1, 1, 1, 1, 1, 1, 1
0, 0, 0, 0, 0, 6, 6, 1, 1
0, 0, 0, 0, 0, 6, 1, 1, 1
0, 0, 0, 0, 0, 0, 0, 6, 6
0, 0, 0, 0, 0, 0, 6, 1, 1
0, 0, 0, 0, 0, 0, 0, 6, 1
0, 0, 0, 6, 3, 3, 3, 3, 3
0, 0, 0, 0, 0, 0, 0, 6, 3
0, 0, 0, 0, 0, 6, 1, 1, 1
0, 0, 0, 0, 0, 0, 6, 6, 6
0, 0, 0, 0, 0, 6, 1, 1, 1
0, 0, 0, 0, 0, 0, 0, 6, 1
0, 0, 0, 0, 0, 6, 1, 1, 1
0, 0, 0, 0, 0, 0, 0, 0, 6
0, 0, 0, 0, 0, 0, 6, 1, 1
0, 0, 0, 0, 6, 3, 3, 3, 3
0, 0, 0, 0, 0, 0, 6, 1, 1
0, 0, 0, 0, 0, 0, 0, 0, 6
0, 0, 0, 0, 0, 0, 0, 0, 6
0, 0, 0, 0, 0, 0, 0, 0, 5
0, 0, 0, 0, 0, 0, 6, 1, 1
0, 0, 0, 0, 0, 6, 6, 3, 3
0, 0, 0, 0, 0, 0, 6, 1, 1
0, 0, 0, 0, 0, 0, 0, 0, 6
0, 0, 0, 0, 0, 6, 6, 6, 6
0, 0, 0, 6, 1, 1, 1, 1, 1
0, 0, 6, 6, 6, 3, 3, 3, 3
0, 0, 0, 0, 0, 0, 6, 1, 1
0, 0, 0, 0, 6, 1, 1, 1, 1
0, 0, 0, 0, 0, 6, 6, 6, 6
0, 0, 0, 0, 0, 6, 6, 3, 3
0, 0, 0, 0, 6, 3, 3, 3, 3
0, 0, 0, 0, 0, 0, 0, 6, 1
0, 0, 0, 0, 0, 0, 0, 0, 6
0, 0, 0, 0, 0, 6, 6, 3, 3
0, 0, 0, 6, 1, 1, 1, 1, 1
0, 0, 0, 0, 0, 0, 0, 0, 6
0, 0, 0, 0, 6, 6, 6, 1, 1
0, 0, 0, 0, 0, 0, 0, 0, 6
0, 0, 0, 0, 0, 0, 6, 1, 1
0, 0, 0, 0, 0, 0, 6, 1, 1
0, 0, 0, 0, 0, 0, 6, 1, 1
0, 0, 0, 0, 0, 0, 0, 6, 1
0, 0, 0, 0, 0, 0, 6, 1, 1
0, 0, 0, 0, 0, 0, 6, 1, 1
0, 0, 0, 0, 0, 0, 6, 1, 1
0, 0, 0, 0, 0, 0, 0, 0, 6
0, 0, 0, 0, 0, 0, 0, 0, 6
0, 0, 0, 0, 0, 0, 0, 0, 6
0, 0, 0, 0, 0, 0, 0, 6, 1
0, 0, 0, 0, 0, 0, 0, 6, 3
0, 0, 0, 0, 0, 0, 6, 1, 1
0, 0, 0, 0, 0, 0, 0, 0, 6
0, 0, 0, 0, 0, 0, 0, 0, 6
0, 0, 0, 0, 0, 0, 0, 0, 6
0, 0, 0, 0, 0, 0, 6, 1, 1
0, 0, 0, 0, 0, 0, 0, 6, 1
0, 0, 0, 0, 0, 0, 6, 1, 1
0, 0, 0, 6, 1, 1, 1, 1, 1
0, 0, 0, 6, 1, 1, 1, 1, 1
0, 0, 0, 6, 1, 1, 1, 1, 1
0, 0, 0, 6, 1, 1, 1, 1, 1
0, 0, 0, 0, 0, 0, 0, 6, 3
0, 0, 0, 0, 0, 0, 0, 0, 6
0, 0, 0, 0, 0, 0, 6, 1, 1
0, 0, 0, 0, 0, 0, 0, 0, 6
0, 0, 0, 0, 0, 7, 7, 1, 1
0, 0, 0, 0, 0, 0, 0, 6, 6
0, 0, 0, 0, 0, 0, 6, 1, 1
0, 0, 0, 0, 0, 0, 0, 0, 6
0, 0, 0, 0, 0, 0, 0, 6, 3
0, 0, 0, 6, 1, 1, 1, 1, 1
0, 0, 0, 0, 0, 0, 0, 0, 6
0, 0, 0, 0, 0, 0, 6, 1, 1
0, 0, 0, 0, 0, 0, 0, 6, 3
0, 0, 0, 0, 0, 0, 6, 1, 1
0, 0, 0, 0, 0, 0, 6, 1, 1
0, 0, 0, 0, 6, 3, 3, 3, 3
0, 0, 0, 0, 0, 6, 6, 6, 6
0, 0, 0, 0, 6, 6, 6, 3, 3
0, 0, 0, 7, 1, 1, 1, 1, 1
0, 0, 7, 4, 4, 4, 4, 4, 4
0, 0, 0, 0, 0, 0, 6, 1, 1
0, 0, 0, 6, 3, 3, 3, 3, 3
0, 0, 0, 0, 6, 3, 3, 3, 3
0, 0, 0, 0, 0, 0, 6, 1, 1
0, 0, 0, 0, 0, 0, 0, 6, 3
0, 0, 0, 0, 0, 6, 6, 6, 6
0, 0, 0, 0, 0, 6, 1, 1, 1
0, 0, 0, 0, 0, 0, 6, 1, 1
0, 0, 7, 7, 1, 1, 1, 1, 1
0, 0, 0, 0, 0, 0, 0, 0, 5
0, 0, 7, 1, 1, 1, 1, 1, 1
0, 0, 0, 7, 4, 4, 4, 4, 4
0, 0, 0, 0, 0, 0, 0, 0, 6
0, 0, 0, 0, 0, 0, 6, 1, 1
0, 0, 0, 0, 0, 6, 6, 3, 3
0, 0, 0, 0, 0, 0, 0, 6, 3
0, 0, 0, 0, 0, 0, 6, 1, 1
0, 0, 0, 0, 0, 0, 0, 0, 5
0, 0, 0, 0, 6, 1, 1, 1, 1
0, 0, 0, 0, 0, 0, 6, 1, 1
0, 0, 0, 0, 0, 6, 1, 1, 1
0, 0, 0, 0, 0, 0, 6, 6, 6
0, 0, 0, 6, 3, 3, 3, 3, 3
0, 0, 0, 0, 0, 0, 0, 6, 1
0, 0, 0, 0, 0, 0, 0, 6, 3
0, 0, 0, 0, 0, 0, 0, 0, 6
0, 0, 0, 0, 0, 6, 6, 3, 3
0, 0, 0, 0, 6, 6, 6, 3, 3
0, 0, 0, 6, 3, 3, 3, 3, 3
0, 0, 7, 1, 1, 1, 1, 1, 1
0, 0, 0, 0, 0, 6, 6, 3, 3
0, 0, 0, 0, 0, 0, 0, 0, 6
0, 0, 0, 0, 0, 0, 6, 1, 1
0, 0, 0, 0, 0, 0, 0, 0, 6
0, 0, 0, 6, 1, 1, 1, 1, 1
0, 0, 0, 6, 1, 1, 1, 1, 1
0, 0, 0, 6, 1, 1, 1, 1, 1
0, 0, 0, 6, 1, 1, 1, 1, 1
0, 0, 0, 6, 1, 1, 1, 1, 1
0, 0, 0, 7, 1, 1, 1, 1, 1
0, 0, 0, 6, 3, 3, 3, 3, 3
0, 0, 0, 0, 0, 0, 0, 6, 3
0, 0, 0, 0, 0, 0, 0, 6, 3
0, 0, 0, 0, 0, 0, 6, 1, 1
0, 0, 0, 0, 0, 0, 0, 0, 6
0, 0, 0, 0, 6, 3, 3, 3, 3
0, 0, 0, 0, 0, 0, 0, 0, 6
0, 0, 0, 6, 3, 3, 3, 3, 3
0, 0, 0, 0, 6, 3, 3, 3, 3
0, 0, 0, 0, 0, 6, 6, 6, 6
0, 0, 0, 0, 0, 6, 6, 3, 3
0, 0, 0, 0, 0, 0, 0, 6, 3
0, 0, 0, 6, 1, 1, 1, 1, 1
0, 0, 0, 0, 0, 0, 0, 6, 6
0, 0, 0, 0, 0, 0, 0, 0, 6
0, 0, 0, 0, 0, 0, 0, 6, 1
0, 0, 0, 0, 0, 0, 6, 1, 1
0, 0, 0, 0, 0, 0, 0, 0, 6
0, 0, 0, 0, 0, 0, 0, 0, 6
0, 0, 0, 0, 0, 0, 6, 1, 1
0, 0, 0, 0, 0, 0, 0, 6, 3
0, 0, 0, 0, 6, 1, 1, 1, 1
0, 0, 0, 0, 0, 6, 1, 1, 1
0, 0, 0, 0, 0, 0, 0, 0, 6
0, 0, 0, 0, 0, 0, 0, 0, 6
0, 0, 0, 6, 3, 3, 3, 3, 3
0, 0, 0, 0, 0, 0, 0, 0, 6
0, 0, 0, 0, 0, 6, 6, 3, 3
0, 0, 0, 0, 0, 0, 7, 4, 4
0, 0, 0, 0, 0, 0, 0, 6, 3
0, 0, 0, 0, 0, 6, 6, 3, 3
0, 0, 0, 0, 6, 6, 6, 1, 1
0, 0, 0, 0, 6, 3, 3, 3, 3
0, 0, 0, 0, 0, 0, 0, 0, 6
0, 0, 0, 6, 3, 3, 3, 3, 3
0, 0, 0, 0, 6, 1, 1, 1, 1
0, 0, 0, 0, 0, 0, 0, 0, 6
0, 0, 7, 4, 4, 4, 4, 4, 4
0, 0, 0, 0, 0, 0, 0, 6, 1
0, 0, 7, 1, 1, 1, 1, 1, 1
0, 0, 0, 0, 0, 6, 6, 3, 3
0, 0, 0, 0, 6, 1, 1, 1, 1
0, 0, 0, 0, 0, 0, 6, 1, 1
0, 0, 0, 0, 0, 0, 0, 0, 6
0, 0, 0, 0, 0, 0, 0, 0, 6
0, 0, 0, 0, 0, 0, 0, 6, 6
0, 0, 0, 0, 6, 6, 6, 6, 3
0, 0, 0, 0, 6, 1, 1, 1, 1
0, 0, 0, 0, 0, 0, 0, 0, 6
0, 0, 0, 0, 0, 0, 0, 0, 6
0, 0, 0, 0, 0, 0, 0, 0, 6
0, 0, 0, 6, 1, 1, 1, 1, 1
0, 0, 0, 6, 1, 1, 1, 1, 1
0, 0, 0, 6, 1, 1, 1, 1, 1
0, 0, 0, 6, 1, 1, 1, 1, 1
0, 0, 0, 6, 1, 1, 1, 1, 1
0, 0, 0, 6, 1, 1, 1, 1, 1
0, 0, 0, 6, 1, 1, 1, 1, 1
0, 0, 0, 6, 1, 1, 1, 1, 1
0, 0, 0, 6, 1, 1, 1, 1, 1
0, 0, 0, 6, 1, 1, 1, 1, 1
0, 0, 0, 6, 1, 1, 1, 1, 1
0, 0, 0, 6, 1, 1, 1, 1, 1
0, 0, 0, 0, 6, 3, 3, 3, 3
0, 0, 0, 0, 6, 3, 3, 3, 3
0, 0, 0, 0, 0, 6, 1, 1, 1
0, 0, 0, 0, 0, 0, 0, 6, 3
0, 0, 0, 0, 0, 6, 6, 3, 3
0, 0, 0, 0, 0, 0, 6, 1, 1
0, 0, 0, 6, 3, 3, 3, 3, 3
0, 0, 0, 0, 0, 0, 6, 6, 6
0, 0, 0, 0, 0, 0, 6, 6, 1
0, 0, 0, 0, 0, 0, 6, 1, 1
0, 0, 0, 6, 3, 3, 3, 3, 3
0, 0, 0, 0, 6, 6, 6, 3, 3
0, 0, 0, 0, 0, 0, 6, 1, 1
0, 0, 0, 0, 0, 0, 6, 6, 6
0, 0, 0, 0, 0, 0, 0, 6, 3
0, 0, 0, 0, 0, 6, 6, 3, 3
0, 0, 0, 0, 0, 0, 6, 1, 1
0, 0, 0, 0, 0, 0, 6, 1, 1
0, 0, 0, 0, 0, 0, 0, 0, 6
0, 0, 0, 0, 0, 6, 6, 3, 3
0, 0, 7, 4, 4, 4, 4, 4, 4
0, 0, 0, 0, 0, 6, 1, 1, 1
0, 0, 0, 0, 0, 6, 1, 1, 1
0, 0, 0, 0, 0, 0, 0, 0, 6
0, 0, 0, 0, 0, 6, 3, 3, 3
0, 0, 0, 0, 0, 6, 6, 1, 1
0, 0, 0, 0, 0, 0, 6, 1, 1
0, 0, 0, 0, 0, 0, 0, 6, 3
0, 5, 1, 1, 1, 1, 1, 1, 1
0, 0, 0, 0, 6, 1, 1, 1, 1
0, 0, 0, 0, 6, 6, 3, 3, 3
0, 0, 0, 6, 3, 3, 3, 3, 3
0, 0, 0, 0, 0, 0, 0, 0, 6
0, 0, 0, 0, 0, 0, 0, 6, 6
0, 0, 0, 0, 0, 0, 6, 1, 1
0, 0, 0, 0, 0, 0, 6, 1, 1
0, 0, 0, 0, 0, 6, 6, 3, 3
0, 0, 0, 0, 0, 0, 0, 6, 6
0, 0, 0, 0, 0, 0, 0, 0, 6
0, 0, 0, 0, 0, 0, 0, 0, 6
0, 0, 0, 0, 0, 0, 0, 0, 6
0, 0, 0, 0, 6, 1, 1, 1, 1
0, 0, 0, 0, 0, 0, 0, 0, 6
0, 0, 0, 0, 6, 3, 3, 3, 3
0, 0, 0, 0, 0, 0, 0, 7, 4
0, 0, 0, 0, 0, 6, 6, 3, 3
0, 0, 0, 6, 3, 3, 3, 3, 3
0, 0, 0, 0, 0, 0, 6, 1, 1
0, 0, 0, 0, 6, 3, 3, 3, 3
0, 0, 0, 0, 0, 0, 6, 1, 1
0, 0, 0, 0, 0, 6, 6, 3, 3
0, 0, 0, 7, 4, 4, 4, 4, 4
0, 0, 0, 0, 0, 6, 1, 1, 1
0, 0, 0, 0, 0, 6, 1, 1, 1
0, 0, 0, 0, 6, 6, 3, 3, 3
0, 0, 0, 0, 0, 0, 0, 6, 1
0, 0, 0, 0, 6, 3, 3, 3, 3
0, 0, 0, 0, 0, 0, 6, 1, 1
0, 0, 7, 4, 4, 4, 4, 4, 4
0, 0, 0, 0, 0, 6, 6, 3, 3
0, 0, 0, 0, 0, 0, 0, 6, 6
0, 0, 0, 0, 0, 6, 6, 3, 3
0, 0, 0, 0, 0, 0, 0, 6, 3
0, 0, 0, 0, 0, 0, 0, 0, 6
0, 0, 0, 0, 0, 0, 6, 1, 1
0, 0, 0, 0, 0, 0, 0, 0, 6
0, 0, 0, 0, 0, 0, 0, 6, 3
0, 0, 0, 0, 0, 0, 0, 0, 6
0, 0, 0, 6, 3, 3, 3, 3, 3
0, 0, 0, 0, 0, 6, 1, 1, 1
0, 0, 0, 0, 0, 0, 6, 6, 6
0, 0, 0, 0, 0, 0, 0, 6, 3
0, 0, 0, 0, 0, 6, 6, 6, 6
0, 0, 0, 0, 0, 0, 6, 1, 1
0, 0, 0, 0, 0, 0, 0, 6, 6
0, 0, 0, 0, 0, 6, 1, 1, 1
0, 0, 7, 4, 4, 4, 4, 4, 4
0, 0, 0, 0, 6, 6, 6, 1, 1
0, 0, 0, 0, 0, 0, 6, 1, 1
0, 0, 0, 0, 0, 0, 0, 0, 6
0, 0, 0, 0, 0, 0, 0, 6, 3
0, 0, 0, 0, 0, 0, 0, 6, 6
0, 0, 0, 0, 0, 0, 0, 0, 6
0, 0, 0, 0, 0, 0, 6, 6, 6
0, 0, 0, 0, 6, 1, 1, 1, 1
0, 0, 0, 6, 1, 1, 1, 1, 1
0, 0, 6, 6, 6, 6, 6, 6, 6
0, 0, 0, 0, 0, 6, 1, 1, 1
0, 0, 0, 0, 0, 6, 1, 1, 1
0, 0, 0, 0, 0, 7, 1, 1, 1
0, 0, 0, 0, 0, 7, 1, 1, 1
0, 0, 0, 0, 0, 7, 1, 1, 1
0, 0, 6, 6, 3, 3, 3, 3, 3
0, 0, 0, 0, 0, 0, 6, 1, 1
0, 0, 0, 0, 0, 0, 0, 0, 6
0, 0, 7, 4, 4, 4, 4, 4, 4
0, 0, 0, 0, 0, 0, 0, 0, 6
0, 0, 0, 0, 0, 0, 0, 0, 6
0, 0, 0, 0, 0, 0, 0, 0, 6
0, 0, 0, 0, 0, 6, 1, 1, 1
0, 0, 0, 0, 0, 0, 0, 0, 6
0, 0, 0, 0, 6, 3, 3, 3, 3
0, 0, 0, 0, 0, 0, 0, 0, 6
0, 0, 0, 0, 0, 0, 6, 6, 6
0, 0, 0, 0, 0, 0, 0, 0, 6
0, 0, 0, 0, 0, 0, 0, 0, 6
0, 0, 0, 0, 0, 6, 6, 3, 3
0, 0, 0, 0, 0, 6, 1, 1, 1
0, 0, 0, 0, 0, 6, 1, 1, 1
0, 0, 0, 0, 0, 0, 0, 0, 6
0, 0, 0, 0, 0, 0, 0, 0, 6
0, 0, 0, 0, 0, 0, 0, 0, 6
0, 0, 0, 0, 0, 0, 0, 0, 6
0, 0, 0, 0, 6, 1, 1, 1, 1
0, 0, 0, 0, 0, 0, 6, 1, 1
0, 0, 0, 7, 4, 4, 4, 4, 4
0, 0, 0, 0, 0, 0, 0, 6, 1
0, 0, 6, 3, 3, 3, 3, 3, 3
0, 0, 0, 0, 0, 0, 0, 6, 1
0, 0, 0, 0, 0, 0, 6, 1, 1
0, 0, 0, 0, 0, 0, 6, 6, 6
0, 0, 0, 0, 0, 7, 1, 1, 1
0, 0, 0, 0, 0, 6, 1, 1, 1
0, 0, 0, 0, 0, 0, 6, 6, 6
0, 0, 0, 0, 0, 6, 6, 6, 6
0, 0, 0, 0, 0, 0, 6, 6, 6
0, 0, 0, 0, 0, 0, 0, 0, 6
0, 0, 0, 0, 6, 6, 1, 1, 1
0, 0, 0, 6, 6, 6, 1, 1, 1
0, 0, 0, 0, 0, 6, 6, 6, 6
0, 0, 0, 0, 0, 0, 0, 0, 5
0, 0, 0, 0, 0, 0, 0, 6, 3
0, 5, 1, 1, 1, 1, 1, 1, 1
0, 0, 0, 0, 6, 1, 1, 1, 1
0, 0, 0, 0, 0, 0, 6, 1, 1
0, 0, 0, 0, 0, 0, 6, 1, 1
0, 0, 7, 7, 7, 7, 1, 1, 1
0, 0, 0, 0, 0, 0, 0, 6, 6
0, 0, 0, 0, 6, 3, 3, 3, 3
0, 0, 0, 0, 0, 0, 6, 1, 1
0, 0, 0, 0, 0, 0, 6, 1, 1
0, 0, 0, 0, 6, 6, 3, 3, 3
0, 0, 0, 0, 0, 0, 0, 0, 6
0, 0, 0, 6, 1, 1, 1, 1, 1
0, 0, 0, 0, 0, 0, 0, 0, 6
0, 0, 0, 0, 0, 0, 0, 0, 6
0, 0, 0, 0, 0, 0, 0, 0, 6
0, 0, 0, 0, 0, 0, 0, 0, 6
0, 0, 0, 0, 0, 0, 6, 1, 1
0, 0, 0, 0, 6, 3, 3, 3, 3
0, 0, 0, 0, 0, 0, 6, 1, 1
0, 0, 0, 0, 0, 6, 6, 6, 6
0, 0, 0, 0, 6, 1, 1, 1, 1
0, 0, 0, 0, 0, 0, 0, 6, 6
0, 0, 0, 0, 0, 7, 1, 1, 1
0, 0, 0, 0, 0, 0, 6, 1, 1
0, 0, 0, 6, 3, 3, 3, 3, 3
0, 0, 0, 0, 0, 0, 0, 0, 6
0, 0, 0, 0, 0, 0, 6, 1, 1
0, 0, 0, 0, 0, 0, 0, 0, 6
0, 0, 0, 6, 3, 3, 3, 3, 3
0, 0, 0, 0, 0, 0, 0, 0, 6
0, 0, 0, 0, 0, 0, 0, 0, 6
0, 0, 0, 0, 0, 6, 1, 1, 1
0, 0, 0, 0, 6, 6, 6, 6, 3
0, 0, 0, 6, 1, 1, 1, 1, 1
0, 0, 0, 0, 0, 0, 6, 1, 1
0, 0, 0, 0, 0, 0, 0, 6, 1
0, 0, 0, 0, 0, 0, 6, 1, 1
0, 0, 0, 0, 0, 6, 6, 3, 3
0, 0, 0, 0, 0, 0, 6, 1, 1
0, 0, 0, 0, 0, 0, 6, 1, 1
0, 0, 0, 0, 0, 0, 0, 6, 6
0, 0, 0, 0, 0, 0, 6, 6, 6
0, 0, 0, 0, 0, 6, 1, 1, 1
0, 0, 0, 0, 0, 0, 0, 0, 6
0, 0, 0, 0, 0, 6, 1, 1, 1
0, 0, 0, 6, 1, 1, 1, 1, 1
0, 0, 0, 0, 6, 6, 1, 1, 1
0, 0, 0, 0, 0, 0, 6, 1, 1
0, 0, 0, 0, 0, 7, 7, 4, 4
0, 0, 0, 0, 0, 0, 6, 1, 1
0, 0, 0, 0, 0, 0, 0, 0, 6
0, 0, 0, 0, 0, 0, 7, 1, 1
0, 0, 0, 0, 0, 0, 6, 1, 1
0, 0, 0, 0, 0, 0, 6, 1, 1
0, 0, 6, 6, 6, 6, 6, 6, 6
0, 0, 0, 0, 6, 1, 1, 1, 1
0, 0, 0, 0, 7, 4, 4, 4, 4
0, 0, 7, 7, 1, 1, 1, 1, 1
0, 0, 0, 0, 0, 0, 6, 6, 6
0, 0, 0, 0, 0, 0, 0, 6, 3
0, 0, 0, 0, 0, 0, 0, 0, 6
0, 0, 0, 0, 6, 6, 6, 3, 3
0, 0, 0, 0, 0, 0, 0, 0, 6
0, 0, 0, 0, 0, 0, 6, 1, 1
0, 0, 0, 0, 0, 0, 6, 1, 1
0, 0, 0, 0, 0, 6, 6, 1, 1
0, 0, 0, 6, 1, 1, 1, 1, 1
0, 0, 0, 0, 0, 0, 6, 1, 1
0, 0, 0, 0, 0, 0, 6, 1, 1
0, 0, 0, 0, 0, 0, 6, 1, 1
0, 0, 0, 0, 0, 6, 6, 6, 6
0, 0, 0, 0, 0, 0, 0, 6, 3
0, 5, 1, 1, 1, 1, 1, 1, 1
0, 0, 0, 6, 3, 3, 3, 3, 3
0, 0, 0, 6, 3, 3, 3, 3, 3
0, 0, 0, 0, 0, 0, 6, 1, 1
0, 0, 0, 0, 0, 6, 6, 1, 1
0, 0, 0, 0, 0, 0, 6, 1, 1
0, 0, 0, 0, 0, 0, 6, 1, 1
0, 0, 0, 0, 0, 6, 1, 1, 1
0, 0, 7, 7, 7, 1, 1, 1, 1
0, 0, 0, 6, 1, 1, 1, 1, 1
0, 0, 0, 6, 1, 1, 1, 1, 1
0, 0, 0, 6, 1, 1, 1, 1, 1
0, 0, 0, 0, 0, 0, 6, 1, 1
0, 0, 0, 0, 0, 0, 0, 0, 6
0, 0, 0, 0, 0, 0, 6, 1, 1
0, 0, 0, 0, 0, 0, 7, 4, 4
0, 0, 0, 0, 0, 0, 6, 1, 1
0, 5, 5, 5, 5, 5, 1, 0, 5
0, 0, 0, 0, 0, 6, 6, 6, 6
0, 0, 0, 6, 1, 1, 1, 1, 1
0, 0, 0, 0, 0, 0, 6, 1, 1
0, 0, 0, 0, 6, 3, 3, 3, 3
0, 0, 0, 0, 0, 0, 0, 7, 4
0, 0, 5, 5, 5, 5, 5, 5, 5
0, 0, 0, 0, 0, 0, 6, 1, 1
0, 0, 0, 0, 0, 0, 0, 6, 6
0, 0, 0, 0, 0, 0, 6, 1, 1
0, 0, 7, 1, 1, 1, 1, 1, 1
0, 0, 0, 0, 0, 0, 0, 6, 3
0, 0, 0, 0, 6, 3, 3, 3, 3
0, 0, 0, 0, 0, 0, 6, 6, 6
0, 0, 0, 6, 3, 3, 3, 3, 3
0, 0, 0, 0, 6, 3, 3, 3, 3
0, 0, 0, 0, 0, 0, 6, 1, 1
0, 0, 0, 0, 0, 0, 7, 1, 1
0, 0, 0, 0, 6, 6, 6, 3, 3
0, 0, 0, 0, 0, 6, 6, 1, 1
0, 0, 0, 0, 0, 0, 6, 6, 6
0, 0, 0, 0, 0, 0, 0, 6, 3
0, 0, 7, 7, 7, 7, 7, 7, 4
0, 0, 0, 0, 0, 6, 1, 1, 1
0, 0, 0, 0, 0, 0, 6, 1, 1
0, 0, 0, 0, 0, 0, 0, 0, 6
0, 0, 0, 0, 0, 0, 0, 0, 6
0, 0, 0, 0, 0, 0, 0, 6, 6
0, 0, 0, 0, 0, 0, 0, 6, 6
0, 0, 0, 0, 0, 0, 0, 0, 6
0, 0, 0, 0, 0, 0, 0, 6, 6
0, 0, 0, 0, 0, 0, 6, 1, 1
0, 0, 0, 7, 4, 4, 4, 4, 4
0, 0, 0, 0, 0, 6, 6, 3, 3
0, 0, 0, 0, 0, 0, 6, 1, 1
0, 0, 0, 0, 0, 0, 6, 1, 1
0, 0, 0, 0, 0, 0, 0, 0, 6
0, 0, 0, 0, 0, 0, 0, 0, 6
0, 0, 0, 0, 0, 0, 0, 0, 6
0, 0, 0, 0, 0, 0, 6, 1, 1
0, 0, 0, 0, 0, 0, 6, 1, 1
0, 0, 0, 0, 0, 0, 6, 1, 1
0, 0, 0, 0, 0, 0, 0, 0, 5
0, 0, 0, 0, 0, 0, 0, 0, 6
0, 0, 0, 0, 0, 0, 0, 0, 5
0, 0, 0, 0, 0, 0, 0, 0, 6
0, 0, 0, 0, 0, 0, 0, 0, 6
0, 0, 0, 0, 0, 0, 6, 1, 1
0, 0, 0, 0, 0, 0, 6, 1, 1
0, 0, 0, 0, 0, 0, 6, 1, 1
0, 0, 0, 0, 0, 0, 0, 7, 4
0, 0, 0, 0, 0, 6, 1, 1, 1
0, 0, 0, 0, 0, 0, 0, 0, 6
0, 0, 0, 0, 0, 0, 0, 0, 6
0, 0, 7, 1, 1, 1, 1, 1, 1
0, 0, 7, 1, 1, 1, 1, 1, 1
0, 0, 0, 0, 0, 6, 1, 1, 1
0, 0, 0, 0, 0, 0, 6, 1, 1
0, 0, 0, 0, 0, 0, 0, 0, 6
0, 0, 0, 0, 0, 6, 1, 1, 1
0, 0, 0, 0, 0, 0, 0, 6, 6
0, 0, 0, 0, 0, 0, 0, 0, 6
0, 0, 0, 0, 6, 3, 3, 3, 3
0, 0, 0, 0, 0, 6, 1, 1, 1
