0, 297, 660, 990, 1320, 1650, 1980, 2310, 2640, 2970
0.001, 0.140088948748, 0.279177897497, 0.635780023319, 0.352383868625, 0.625097582748, 0.606316268769, 0.661285231007, 0.418039554435, 0.58471531451
0.001, 0.102933642675, 0.204867285349, 0.263712300754, 0.383445700851, 0.255654711274, 0.328131600954, 0.195867645008, 0.553626436797, 0.205460269489
794.0, 776.0, 743.0, 714.0, 628.0, 535.0, 332.0, 296.0, 214.0, 0.0
0.0, 18.0, 36.0, 48.0, 95.0, 118.0, 239.0, 89.0, 119.0, 259.0
0.0, 0.0, 14.0, 28.0, 59.0, 124.0, 202.0, 386.0, 426.0, 475.0
0.0, 0.0, 1.0, 1.0, 2.0, 2.0, 2.0, 2.0, 2.0, 2.0
0.0, 0.0, 0.0, 2.0, 5.0, 9.0, 10.0, 10.0, 12.0, 12.0
0.0, 0.0, 0.0, 1.0, 5.0, 6.0, 9.0, 11.0, 21.0, 46.0
0, 0, 0, 0, 6, 1, 1, 1, 1, 1
0, 0, 0, 0, 0, 0, 0, 0, 0, 6
0, 0, 0, 7, 1, 1, 1, 1, 1, 1
0, 0, 0, 0, 0, 0, 0, 6, 1, 1
0, 0, 0, 0, 0, 0, 0, 0, 0, 6
0, 0, 0, 0, 0, 0, 0, 0, 0, 6
0, 0, 0, 0, 0, 0, 0, 0, 0, 6
0, 0, 0, 0, 0, 0, 7, 1, 1, 1
0, 0, 0, 7, 1, 1, 1, 1, 1, 1
0, 0, 0, 0, 0, 7, 1, 1, 1, 1
0, 0, 7, 4, 4, 4, 4, 4, 4, 4
0, 0, 0, 0, 0, 0, 0, 7, 1, 1
0, 5, 1, 1, 1, 1, 1, 1, 1, 1
0, 0, 0, 0, 0, 0, 0, 0, 0, 6
0, 0, 0, 0, 0, 0, 7, 1, 1, 1
0, 0, 7, 1, 1, 1, 1, 1, 1, 1
0, 0, 0, 0, 0, 0, 0, 0, 6, 1
0, 0, 0, 0, 0, 0, 0, 0, 0, 6
0, 0, 0, 0, 0, 0, 0, 0, 0, 6
0, 0, 0, 0, 0, 0, 0, 0, 0, 6
0, 0, 0, 0, 0, 0, 0, 0, 0, 6
0, 0, 0, 0, 0, 0, 0, 0, 6, 6
0, 0, 0, 0, 0, 0, 7, 1, 1, 1
0, 0, 0, 0, 0, 0, 7, 7, 7, 4
0, 0, 0, 0, 0, 0, 7, 7, 7, 4
0, 0, 0, 0, 0, 0, 0, 0, 0, 6
0, 0, 0, 0, 0, 0, 7, 7, 7, 4
0, 0, 0, 0, 0, 0, 7, 7, 7, 4
0, 0, 0, 0, 0, 0, 6, 6, 6, 6
0, 0, 0, 0, 0, 0, 6, 6, 6, 6
0, 0, 0, 0, 0, 0, 0, 0, 0, 6
0, 0, 0, 0, 0, 0, 7, 7, 7, 4
0, 0, 0, 0, 0, 0, 0, 0, 6, 1
0, 0, 0, 0, 0, 0, 6, 6, 6, 6
0, 0, 0, 0, 0, 0, 6, 6, 6, 6
0, 0, 0, 0, 0, 0, 7, 7, 7, 1
0, 0, 0, 0, 0, 0, 0, 0, 0, 6
0, 0, 0, 0, 0, 0, 7, 1, 1, 1
0, 0, 0, 0, 0, 0, 0, 0, 0, 6
0, 0, 0, 0, 0, 0, 0, 0, 0, 6
0, 0, 0, 0, 0, 0, 7, 1, 1, 1
0, 0, 0, 0, 0, 0, 0, 0, 0, 6
0, 0, 0, 0, 0, 0, 0, 0, 0, 6
0, 0, 0, 0, 0, 0, 0, 0, 0, 6
0, 0, 0, 0, 0, 7, 1, 1, 1, 1
0, 0, 0, 0, 7, 1, 1, 1, 1, 1
0, 0, 0, 0, 7, 1, 1, 1, 1, 1
0, 0, 0, 0, 6, 1, 1, 1, 1, 1
0, 0, 0, 0, 6, 1, 1, 1, 1, 1
0, 0, 0, 0, 6, 1, 1, 1, 1, 1
0, 0, 0, 0, 6, 1, 1, 1, 1, 1
0, 0, 0, 0, 6, 1, 1, 1, 1, 1
0, 0, 0, 0, 6, 1, 1, 1, 1, 1
0, 0, 0, 0, 6, 1, 1, 1, 1, 1
0, 0, 0, 0, 6, 1, 1, 1, 1, 1
0, 0, 0, 0, 6, 1, 1, 1, 1, 1
0, 0, 0, 0, 6, 1, 1, 1, 1, 1
0, 0, 0, 0, 6, 1, 1, 1, 1, 1
0, 0, 0, 0, 6, 1, 1, 1, 1, 1
0, 0, 0, 0, 6, 1, 1, 1, 1, 1
0, 0, 0, 0, 6, 1, 1, 1, 1, 1
0, 0, 0, 0, 0, 0, 7, 1, 1, 1
0, 0, 0, 0, 0, 0, 7, 1, 1, 1
0, 0, 0, 0, 0, 0, 7, 1, 1, 1
0, 0, 0, 0, 0, 0, 7, 1, 1, 1
0, 0, 0, 0, 0, 0, 7, 1, 1, 1
0, 0, 0, 0, 0, 0, 7, 1, 1, 1
0, 0, 0, 0, 0, 0, 7, 1, 1, 1
0, 0, 0, 0, 0, 0, 7, 1, 1, 1
0, 0, 0, 0, 0, 0, 7, 1, 1, 1
0, 0, 0, 0, 0, 0, 7, 1, 1, 1
0, 0, 0, 0, 0, 0, 7, 1, 1, 1
0, 0, 0, 0, 0, 0, 7, 1, 1, 1
0, 0, 0, 0, 0, 0, 7, 1, 1, 1
0, 0, 0, 0, 0, 0, 7, 1, 1, 1
0, 0, 0, 0, 0, 0, 7, 1, 1, 1
0, 0, 0, 0, 0, 0, 7, 1, 1, 1
0, 0, 0, 0, 0, 0, 7, 1, 1, 1
0, 0, 0, 0, 0, 0, 7, 1, 1, 1
0, 0, 0, 0, 0, 0, 7, 1, 1, 1
0, 0, 0, 0, 0, 0, 7, 1, 1, 1
0, 0, 0, 0, 0, 0, 7, 1, 1, 1
0, 0, 0, 0, 0, 0, 7, 1, 1, 1
0, 0, 0, 0, 0, 0, 7, 1, 1, 1
0, 0, 0, 0, 0, 0, 7, 1, 1, 1
0, 0, 0, 0, 0, 0, 7, 1, 1, 1
0, 0, 0, 0, 0, 0, 0, 0, 0, 6
0, 0, 0, 0, 0, 0, 0, 0, 0, 6
0, 0, 0, 0, 0, 0, 0, 0, 0, 6
0, 0, 0, 0, 0, 0, 0, 0, 0, 6
0, 0, 6, 1, 1, 1, 1, 1, 1, 1
0, 0, 0, 0, 0, 0, 0, 0, 0, 6
0, 0, 0, 0, 0, 0, 7, 1, 1, 1
0, 0, 0, 0, 0, 0, 0, 0, 0, 6
0, 0, 0, 0, 0, 0, 0, 0, 6, 1
0, 0, 0, 0, 0, 0, 0, 0, 0, 6
0, 0, 0, 0, 0, 0, 0, 0, 6, 6
0, 0, 0, 0, 0, 0, 7, 1, 1, 1
0, 0, 0, 0, 7, 7, 7, 1, 1, 1
0, 5, 1, 0, 7, 7, 7, 1, 1, 1
0, 5, 1, 0, 7, 1, 1, 1, 1, 1
0, 5, 1, 0, 6, 6, 6, 1, 1, 1
0, 0, 0, 0, 0, 7, 1, 1, 1, 1
0, 0, 7, 1, 1, 1, 1, 1, 1, 1
0, 0, 7, 1, 1, 1, 1, 1, 1, 1
0, 0, 0, 0, 0, 0, 0, 7, 1, 1
0, 0, 0, 0, 0, 0, 0, 7, 1, 1
0, 0, 0, 0, 0, 0, 0, 7, 1, 1
0, 5, 1, 1, 1, 1, 1, 1, 1, 1
0, 0, 0, 0, 0, 7, 1, 1, 1, 1
0, 0, 0, 0, 0, 0, 7, 1, 1, 1
0, 0, 0, 0, 0, 0, 7, 1, 1, 1
0, 0, 6, 1, 1, 1, 1, 1, 1, 1
0, 0, 7, 7, 7, 7, 7, 1, 1, 1
0, 0, 0, 0, 0, 7, 7, 7, 1, 1
0, 0, 0, 0, 0, 7, 7, 7, 1, 1
0, 0, 0, 0, 0, 7, 7, 7, 1, 1
0, 0, 0, 0, 0, 7, 7, 7, 1, 1
0, 0, 0, 0, 0, 7, 7, 7, 1, 1
0, 0, 0, 0, 0, 0, 0, 7, 1, 1
0, 0, 0, 0, 0, 7, 7, 7, 1, 1
0, 0, 0, 0, 0, 7, 7, 7, 1, 1
0, 0, 7, 7, 7, 7, 7, 7, 1, 1
0, 0, 0, 0, 0, 0, 7, 1, 1, 1
0, 0, 0, 0, 0, 0, 7, 1, 1, 1
0, 0, 0, 0, 0, 0, 0, 7, 1, 1
0, 0, 7, 7, 7, 7, 7, 7, 1, 1
0, 0, 7, 7, 7, 7, 7, 7, 1, 1
0, 0, 0, 0, 0, 0, 7, 1, 1, 1
0, 0, 0, 0, 0, 0, 7, 1, 1, 1
0, 0, 0, 0, 0, 0, 0, 0, 0, 6
0, 0, 0, 0, 0, 0, 7, 1, 1, 1
0, 0, 0, 0, 0, 7, 1, 1, 1, 1
0, 0, 0, 0, 0, 0, 7, 1, 1, 1
0, 0, 0, 0, 0, 0, 0, 0, 0, 6
0, 0, 0, 0, 0, 0, 0, 0, 0, 6
0, 0, 0, 0, 0, 0, 0, 0, 0, 6
0, 0, 0, 0, 0, 0, 0, 0, 0, 6
0, 0, 0, 0, 0, 0, 0, 0, 0, 6
0, 0, 0, 0, 0, 0, 0, 0, 6, 1
0, 0, 0, 0, 0, 0, 0, 7, 1, 1
0, 0, 0, 0, 0, 0, 0, 6, 1, 1
0, 0, 0, 0, 0, 0, 0, 0, 0, 6
0, 0, 0, 0, 0, 0, 0, 0, 0, 5
0, 0, 0, 7, 4, 4, 4, 4, 4, 4
0, 0, 0, 0, 6, 1, 1, 1, 1, 1
0, 0, 0, 0, 0, 0, 7, 1, 1, 1
0, 0, 0, 0, 0, 0, 6, 1, 1, 1
0, 0, 0, 0, 0, 0, 7, 1, 1, 1
0, 0, 0, 0, 0, 0, 7, 1, 1, 1
0, 0, 0, 0, 0, 0, 7, 1, 1, 1
0, 0, 0, 0, 0, 0, 7, 1, 1, 1
0, 0, 0, 0, 0, 0, 7, 1, 1, 1
0, 0, 0, 0, 0, 0, 0, 0, 0, 6
0, 0, 0, 0, 0, 0, 0, 7, 4, 4
0, 0, 0, 0, 6, 1, 1, 1, 1, 1
0, 0, 0, 0, 0, 0, 0, 0, 0, 6
0, 0, 0, 0, 0, 0, 0, 0, 0, 6
0, 0, 0, 0, 0, 0, 0, 0, 6, 1
0, 0, 0, 0, 0, 0, 0, 0, 6, 1
0, 0, 0, 0, 0, 0, 0, 0, 6, 6
0, 0, 0, 0, 0, 0, 0, 0, 6, 1
0, 0, 0, 0, 0, 7, 1, 1, 1, 1
0, 0, 0, 0, 0, 7, 7, 7, 4, 4
0, 0, 0, 0, 0, 7, 1, 1, 1, 1
0, 0, 0, 0, 0, 0, 0, 0, 0, 6
0, 0, 0, 0, 0, 0, 0, 0, 0, 6
0, 0, 0, 0, 0, 0, 0, 0, 0, 6
0, 0, 0, 0, 0, 0, 7, 1, 1, 1
0, 0, 0, 0, 0, 0, 0, 0, 0, 6
0, 0, 0, 0, 0, 0, 0, 0, 0, 6
0, 0, 0, 7, 1, 1, 1, 1, 1, 1
0, 0, 0, 0, 0, 0, 0, 0, 0, 6
0, 0, 0, 7, 1, 1, 1, 1, 1, 1
0, 0, 7, 1, 1, 1, 1, 1, 1, 1
0, 0, 0, 0, 0, 0, 0, 0, 0, 6
0, 0, 0, 0, 0, 0, 0, 0, 0, 6
0, 0, 0, 0, 0, 0, 0, 0, 6, 6
0, 0, 0, 0, 0, 0, 0, 0, 0, 6
0, 0, 0, 0, 0, 0, 7, 1, 1, 1
0, 0, 0, 0, 0, 0, 7, 1, 1, 1
0, 0, 0, 0, 0, 0, 7, 1, 1, 1
0, 0, 0, 0, 0, 0, 0, 0, 0, 6
0, 0, 0, 0, 0, 0, 0, 0, 0, 6
0, 0, 0, 0, 0, 0, 0, 0, 0, 6
0, 0, 0, 0, 0, 0, 0, 0, 6, 6
0, 0, 0, 0, 0, 0, 6, 6, 6, 6
0, 0, 0, 0, 0, 0, 0, 0, 0, 6
0, 0, 0, 0, 0, 0, 7, 1, 1, 1
0, 0, 0, 0, 0, 7, 1, 1, 1, 1
0, 0, 0, 0, 0, 7, 1, 1, 1, 1
0, 0, 0, 0, 0, 7, 1, 1, 1, 1
0, 0, 0, 0, 0, 7, 7, 1, 1, 1
0, 0, 0, 0, 0, 7, 1, 1, 1, 1
0, 0, 0, 0, 0, 7, 1, 1, 1, 1
0, 0, 0, 0, 0, 0, 7, 1, 1, 1
0, 0, 0, 0, 0, 7, 1, 1, 1, 1
0, 0, 0, 0, 0, 7, 7, 1, 1, 1
0, 0, 0, 0, 0, 0, 7, 1, 1, 1
0, 0, 0, 0, 0, 0, 0, 0, 0, 6
0, 0, 0, 0, 0, 0, 7, 1, 1, 1
0, 0, 0, 0, 0, 0, 7, 1, 1, 1
0, 0, 0, 0, 0, 0, 7, 1, 1, 1
0, 0, 0, 0, 0, 0, 7, 1, 1, 1
0, 0, 0, 0, 0, 0, 7, 1, 1, 1
0, 0, 0, 0, 0, 0, 0, 0, 0, 6
0, 0, 0, 0, 0, 0, 0, 0, 6, 1
0, 0, 0, 0, 0, 0, 0, 0, 0, 6
0, 0, 0, 0, 0, 0, 0, 0, 0, 6
0, 0, 0, 0, 0, 0, 0, 0, 6, 6
0, 0, 0, 0, 0, 0, 0, 0, 5, 1
0, 0, 0, 0, 0, 0, 0, 7, 1, 1
0, 0, 0, 0, 0, 0, 0, 0, 6, 1
0, 0, 0, 0, 0, 0, 0, 0, 0, 6
0, 0, 0, 0, 0, 0, 0, 0, 0, 6
0, 0, 0, 0, 0, 7, 1, 1, 1, 1
0, 0, 0, 0, 0, 0, 0, 0, 0, 6
0, 0, 0, 0, 0, 0, 0, 0, 0, 6
0, 0, 0, 0, 0, 0, 0, 0, 6, 1
0, 0, 0, 0, 0, 0, 6, 6, 6, 6
0, 0, 0, 0, 0, 0, 7, 1, 1, 1
0, 0, 0, 0, 0, 0, 0, 0, 0, 6
0, 0, 0, 0, 0, 0, 0, 0, 0, 6
0, 0, 6, 1, 1, 1, 1, 1, 1, 1
0, 0, 0, 7, 1, 1, 1, 1, 1, 1
0, 0, 0, 7, 1, 1, 1, 1, 1, 1
0, 0, 0, 0, 0, 0, 0, 0, 6, 1
0, 0, 0, 0, 0, 0, 0, 0, 6, 1
0, 0, 0, 0, 0, 0, 0, 0, 6, 1
0, 0, 0, 0, 0, 0, 0, 0, 6, 6
0, 0, 0, 0, 0, 0, 0, 0, 0, 6
0, 0, 0, 0, 0, 0, 7, 1, 1, 1
0, 0, 0, 0, 0, 0, 7, 1, 1, 1
0, 0, 0, 0, 0, 0, 7, 1, 1, 1
0, 0, 0, 0, 0, 0, 0, 0, 0, 6
0, 0, 0, 0, 0, 0, 0, 0, 0, 6
0, 0, 0, 0, 0, 0, 7, 1, 1, 1
0, 0, 6, 1, 1, 1, 1, 1, 1, 1
0, 0, 6, 1, 1, 1, 1, 1, 1, 1
0, 0, 0, 0, 0, 0, 7, 1, 1, 1
0, 0, 0, 0, 0, 0, 7, 1, 1, 1
0, 0, 0, 0, 0, 0, 7, 1, 1, 1
0, 0, 0, 0, 0, 0, 7, 1, 1, 1
0, 0, 0, 0, 0, 7, 1, 1, 1, 1
0, 0, 0, 0, 0, 7, 1, 1, 1, 1
0, 0, 0, 0, 0, 7, 7, 1, 1, 1
0, 0, 0, 0, 0, 7, 1, 1, 1, 1
0, 0, 0, 0, 0, 0, 0, 0, 6, 6
0, 0, 0, 0, 0, 0, 0, 0, 6, 1
0, 0, 0, 0, 0, 0, 0, 0, 6, 6
0, 0, 0, 0, 0, 0, 0, 0, 0, 6
0, 0, 0, 0, 0, 0, 0, 0, 0, 6
0, 0, 0, 0, 0, 0, 7, 1, 1, 1
0, 0, 0, 0, 0, 0, 0, 0, 0, 6
0, 0, 0, 0, 0, 0, 7, 1, 1, 1
0, 0, 0, 0, 0, 0, 0, 0, 6, 6
0, 0, 0, 0, 0, 0, 0, 0, 0, 6
0, 5, 5, 5, 5, 5, 5, 5, 5, 5
0, 0, 0, 0, 0, 0, 0, 0, 7, 1
0, 0, 0, 0, 7, 7, 1, 1, 1, 1
0, 0, 0, 0, 6, 6, 6, 6, 6, 6
0, 0, 6, 3, 3, 3, 3, 3, 3, 3
0, 0, 0, 0, 6, 3, 3, 3, 3, 3
0, 0, 0, 0, 0, 0, 0, 0, 0, 6
0, 0, 0, 0, 0, 0, 0, 0, 6, 1
0, 0, 0, 0, 0, 0, 0, 0, 0, 6
0, 0, 0, 0, 0, 0, 0, 7, 1, 1
0, 0, 0, 0, 0, 0, 7, 1, 1, 1
0, 0, 0, 0, 0, 0, 0, 0, 0, 6
0, 0, 0, 7, 1, 1, 1, 1, 1, 1
0, 0, 0, 0, 0, 0, 0, 0, 0, 6
0, 0, 0, 6, 3, 3, 3, 3, 3, 3
0, 0, 0, 7, 1, 1, 1, 1, 1, 1
0, 0, 0, 0, 0, 0, 0, 7, 1, 1
0, 0, 0, 0, 0, 0, 0, 7, 1, 1
0, 0, 0, 0, 0, 7, 1, 1, 1, 1
0, 0, 0, 0, 0, 7, 1, 1, 1, 1
0, 0, 0, 0, 0, 7, 7, 1, 1, 1
0, 0, 0, 0, 0, 7, 7, 1, 1, 1
0, 0, 0, 0, 0, 0, 7, 7, 1, 1
0, 0, 0, 0, 0, 0, 7, 1, 1, 1
0, 0, 7, 1, 1, 1, 1, 1, 1, 1
0, 0, 7, 7, 7, 7, 7, 1, 1, 1
0, 0, 0, 0, 0, 0, 7, 1, 1, 1
0, 0, 0, 0, 0, 0, 7, 1, 1, 1
0, 0, 0, 0, 0, 0, 7, 1, 1, 1
0, 0, 7, 1, 1, 1, 1, 1, 1, 1
0, 0, 0, 0, 0, 0, 7, 1, 1, 1
0, 0, 0, 0, 0, 7, 7, 1, 1, 1
0, 0, 0, 0, 0, 7, 7, 1, 1, 1
0, 0, 0, 0, 0, 7, 7, 1, 1, 1
0, 0, 7, 1, 1, 1, 1, 1, 1, 1
0, 0, 7, 1, 1, 1, 1, 1, 1, 1
0, 0, 0, 0, 0, 0, 7, 1, 1, 1
0, 0, 7, 7, 7, 7, 7, 1, 1, 1
0, 0, 0, 0, 0, 0, 0, 0, 0, 6
0, 0, 0, 0, 0, 0, 0, 0, 0, 6
0, 0, 0, 0, 0, 0, 0, 0, 0, 6
0, 0, 0, 0, 0, 0, 0, 6, 1, 1
0, 0, 0, 0, 6, 1, 1, 1, 1, 1
0, 0, 0, 0, 0, 7, 1, 1, 1, 1
0, 0, 0, 0, 0, 0, 7, 1, 1, 1
0, 0, 0, 0, 0, 0, 7, 1, 1, 1
0, 0, 0, 0, 0, 0, 0, 0, 6, 6
0, 0, 0, 0, 0, 0, 0, 0, 6, 6
0, 0, 0, 0, 0, 0, 0, 0, 0, 6
0, 0, 0, 0, 0, 0, 7, 1, 1, 1
0, 0, 0, 0, 0, 0, 6, 6, 6, 6
0, 0, 0, 0, 0, 0, 0, 0, 0, 6
0, 0, 0, 0, 0, 0, 0, 0, 0, 6
0, 0, 0, 0, 0, 0, 6, 6, 6, 6
0, 0, 0, 0, 0, 0, 7, 1, 1, 1
0, 0, 0, 0, 0, 0, 0, 0, 0, 6
0, 0, 0, 0, 0, 0, 7, 7, 7, 4
0, 0, 0, 0, 0, 0, 0, 0, 0, 6
0, 0, 0, 0, 0, 0, 0, 0, 0, 6
0, 0, 0, 0, 0, 0, 0, 0, 0, 6
0, 0, 0, 0, 0, 0, 7, 1, 1, 1
0, 0, 0, 0, 0, 0, 6, 6, 6, 6
0, 0, 0, 0, 0, 0, 0, 0, 0, 6
0, 0, 0, 0, 0, 0, 6, 6, 6, 6
0, 0, 0, 0, 0, 0, 0, 0, 6, 1
0, 0, 0, 0, 0, 0, 0, 0, 0, 6
0, 0, 0, 0, 7, 7, 7, 7, 4, 4
0, 5, 1, 1, 1, 1, 1, 1, 1, 1
0, 0, 0, 0, 0, 0, 7, 1, 1, 1
0, 0, 0, 0, 0, 0, 7, 1, 1, 1
0, 0, 0, 0, 0, 0, 7, 1, 1, 1
0, 0, 0, 0, 0, 0, 7, 1, 1, 1
0, 0, 0, 0, 0, 0, 7, 1, 1, 1
0, 0, 0, 0, 0, 0, 7, 1, 1, 1
0, 0, 0, 0, 0, 0, 7, 1, 1, 1
0, 0, 0, 0, 0, 0, 7, 1, 1, 1
0, 0, 0, 0, 0, 0, 7, 1, 1, 1
0, 0, 0, 0, 0, 0, 7, 1, 1, 1
0, 0, 0, 0, 0, 0, 7, 1, 1, 1
0, 0, 0, 0, 0, 7, 1, 1, 1, 1
0, 0, 0, 0, 0, 7, 1, 1, 1, 1
0, 0, 0, 0, 0, 0, 0, 0, 7, 4
0, 0, 0, 0, 0, 0, 0, 0, 6, 6
0, 0, 0, 0, 0, 0, 0, 0, 0, 6
0, 0, 0, 0, 0, 0, 0, 0, 6, 6
0, 0, 0, 0, 0, 7, 1, 1, 1, 1
0, 0, 0, 0, 0, 0, 7, 1, 1, 1
0, 0, 0, 0, 6, 3, 3, 3, 3, 3
0, 0, 0, 0, 0, 0, 7, 1, 1, 1
0, 0, 0, 0, 0, 0, 0, 0, 0, 6
0, 0, 0, 0, 0, 0, 0, 0, 0, 6
0, 0, 0, 0, 0, 0, 7, 1, 1, 1
0, 0, 0, 0, 0, 0, 7, 1, 1, 1
0, 0, 0, 0, 0, 0, 7, 1, 1, 1
0, 0, 0, 0, 0, 0, 7, 1, 1, 1
0, 0, 0, 0, 0, 0, 0, 0, 6, 1
0, 0, 0, 0, 0, 0, 0, 0, 7, 4
0, 0, 0, 0, 0, 0, 0, 0, 0, 6
0, 0, 0, 0, 0, 0, 0, 0, 0, 6
0, 0, 0, 0, 0, 0, 0, 0, 6, 1
0, 0, 0, 0, 0, 0, 0, 0, 6, 1
0, 0, 0, 0, 0, 0, 7, 1, 1, 1
0, 0, 0, 0, 0, 0, 0, 0, 6, 1
0, 0, 0, 0, 0, 7, 1, 1, 1, 1
0, 0, 0, 0, 0, 7, 1, 1, 1, 1
0, 0, 0, 0, 0, 0, 7, 1, 1, 1
0, 0, 0, 0, 0, 0, 7, 1, 1, 1
0, 0, 0, 0, 0, 0, 0, 0, 0, 6
0, 0, 0, 0, 0, 0, 0, 0, 5, 1
0, 0, 0, 0, 6, 1, 1, 1, 1, 1
0, 0, 0, 0, 0, 0, 0, 0, 0, 6
0, 0, 0, 0, 6, 1, 1, 1, 1, 1
0, 0, 0, 0, 6, 1, 1, 1, 1, 1
0, 0, 0, 0, 6, 1, 1, 1, 1, 1
0, 0, 0, 0, 6, 1, 1, 1, 1, 1
0, 0, 0, 0, 6, 1, 1, 1, 1, 1
0, 0, 0, 0, 6, 1, 1, 1, 1, 1
0, 0, 0, 0, 6, 1, 1, 1, 1, 1
0, 0, 0, 0, 0, 0, 7, 1, 1, 1
0, 0, 0, 0, 0, 0, 7, 1, 1, 1
0, 0, 0, 0, 6, 6, 6, 6, 6, 6
0, 0, 0, 0, 6, 1, 1, 1, 1, 1
0, 0, 0, 0, 0, 0, 0, 0, 0, 6
0, 0, 0, 0, 6, 1, 1, 1, 1, 1
0, 0, 0, 0, 0, 0, 0, 7, 1, 1
0, 0, 0, 0, 0, 0, 7, 1, 1, 1
0, 0, 7, 7, 4, 4, 4, 4, 4, 4
0, 0, 0, 0, 0, 7, 1, 1, 1, 1
0, 0, 0, 0, 0, 0, 0, 0, 0, 6
0, 0, 0, 0, 0, 0, 0, 0, 0, 6
0, 0, 0, 0, 0, 0, 0, 0, 0, 6
0, 0, 0, 0, 0, 0, 0, 0, 0, 6
0, 0, 0, 0, 0, 0, 0, 0, 0, 6
0, 0, 0, 0, 0, 0, 0, 0, 0, 6
0, 0, 0, 0, 0, 0, 0, 0, 0, 6
0, 0, 0, 0, 0, 0, 0, 0, 0, 6
0, 0, 0, 0, 0, 0, 0, 0, 0, 6
0, 0, 0, 0, 0, 0, 0, 0, 0, 6
0, 0, 0, 0, 0, 0, 0, 0, 0, 6
0, 0, 0, 0, 0, 0, 0, 0, 0, 6
0, 0, 0, 0, 0, 7, 1, 1, 1, 1
0, 0, 7, 1, 1, 1, 1, 1, 1, 1
0, 0, 0, 7, 1, 1, 1, 1, 1, 1
0, 0, 0, 0, 0, 0, 0, 0, 0, 6
0, 0, 0, 0, 0, 0, 5, 5, 5, 5
0, 5, 1, 1, 1, 1, 1, 1, 1, 1
0, 5, 2, 2, 2, 2, 2, 2, 2, 2
0, 0, 0, 0, 7, 4, 4, 4, 4, 4
0, 0, 0, 0, 0, 0, 7, 1, 1, 1
0, 0, 0, 0, 0, 0, 0, 0, 0, 6
0, 0, 0, 0, 0, 0, 0, 0, 0, 6
0, 0, 0, 0, 0, 0, 0, 0, 0, 6
0, 0, 0, 0, 7, 7, 7, 7, 4, 4
0, 0, 0, 0, 0, 0, 7, 1, 1, 1
0, 0, 0, 0, 0, 0, 0, 7, 1, 1
0, 0, 0, 0, 0, 0, 0, 0, 0, 6
0, 0, 0, 0, 0, 0, 0, 0, 0, 6
0, 0, 0, 0, 0, 0, 0, 0, 0, 6
0, 0, 0, 0, 0, 0, 7, 1, 1, 1
0, 0, 0, 0, 0, 0, 0, 0, 0, 6
0, 0, 0, 0, 0, 7, 1, 1, 1, 1
0, 0, 0, 0, 0, 0, 0, 7, 1, 1
0, 0, 0, 0, 0, 7, 1, 1, 1, 1
0, 0, 0, 0, 0, 0, 7, 1, 1, 1
0, 0, 0, 0, 0, 7, 1, 1, 1, 1
0, 0, 0, 0, 0, 0, 0, 0, 6, 1
0, 0, 0, 0, 0, 0, 0, 0, 0, 6
0, 0, 0, 0, 0, 7, 1, 1, 1, 1
0, 0, 0, 0, 0, 7, 1, 1, 1, 1
0, 0, 0, 0, 0, 0, 0, 0, 6, 6
0, 0, 0, 0, 0, 0, 0, 0, 0, 6
0, 0, 0, 0, 0, 0, 0, 0, 0, 6
0, 0, 0, 0, 0, 0, 0, 0, 6, 6
0, 0, 0, 0, 0, 0, 0, 0, 6, 6
0, 0, 0, 0, 0, 0, 0, 0, 7, 4
0, 0, 0, 0, 0, 0, 0, 0, 0, 6
0, 0, 0, 0, 0, 0, 0, 0, 6, 1
0, 0, 0, 0, 0, 0, 7, 1, 1, 1
0, 0, 0, 0, 0, 7, 1, 1, 1, 1
0, 0, 0, 0, 0, 0, 7, 1, 1, 1
0, 0, 0, 0, 0, 0, 7, 1, 1, 1
0, 0, 0, 0, 0, 0, 7, 1, 1, 1
0, 0, 0, 0, 0, 0, 7, 1, 1, 1
0, 0, 0, 0, 0, 0, 0, 0, 0, 6
0, 0, 0, 0, 0, 0, 0, 0, 6, 1
0, 0, 0, 0, 0, 0, 0, 0, 0, 6
0, 0, 0, 0, 0, 0, 0, 0, 0, 6
0, 0, 0, 0, 0, 0, 0, 0, 6, 1
0, 0, 0, 0, 0, 0, 7, 1, 1, 1
0, 0, 0, 0, 0, 0, 0, 0, 0, 6
0, 0, 0, 0, 6, 1, 1, 1, 1, 1
0, 0, 0, 7, 1, 1, 1, 1, 1, 1
0, 0, 0, 7, 1, 1, 1, 1, 1, 1
0, 0, 0, 7, 1, 1, 1, 1, 1, 1
0, 0, 0, 7, 1, 1, 1, 1, 1, 1
0, 0, 0, 7, 1, 1, 1, 1, 1, 1
0, 0, 0, 7, 1, 1, 1, 1, 1, 1
0, 0, 0, 7, 1, 1, 1, 1, 1, 1
0, 0, 0, 7, 1, 1, 1, 1, 1, 1
0, 0, 0, 7, 1, 1, 1, 1, 1, 1
0, 0, 0, 7, 1, 1, 1, 1, 1, 1
0, 0, 0, 7, 1, 1, 1, 1, 1, 1
0, 0, 0, 7, 1, 1, 1, 1, 1, 1
0, 0, 0, 0, 0, 0, 0, 0, 0, 6
0, 0, 0, 0, 0, 0, 0, 0, 0, 6
0, 0, 0, 0, 0, 0, 0, 0, 6, 1
0, 0, 0, 0, 0, 0, 0, 0, 6, 1
0, 0, 0, 7, 7, 7, 7, 4, 4, 4
0, 0, 0, 0, 0, 0, 0, 0, 6, 1
0, 0, 0, 0, 0, 0, 0, 0, 0, 6
0, 0, 0, 0, 0, 0, 7, 1, 1, 1
0, 0, 0, 0, 0, 0, 0, 0, 0, 6
0, 0, 0, 0, 0, 0, 7, 1, 1, 1
0, 0, 0, 0, 0, 0, 7, 1, 1, 1
0, 0, 0, 0, 0, 0, 7, 1, 1, 1
0, 0, 0, 0, 0, 0, 7, 1, 1, 1
0, 0, 0, 0, 0, 0, 7, 1, 1, 1
0, 0, 0, 0, 0, 0, 7, 1, 1, 1
0, 0, 0, 0, 0, 0, 7, 1, 1, 1
0, 0, 0, 0, 0, 0, 7, 1, 1, 1
0, 0, 0, 0, 0, 0, 7, 1, 1, 1
0, 0, 0, 0, 0, 0, 7, 1, 1, 1
0, 0, 0, 0, 0, 0, 0, 0, 6, 6
0, 0, 0, 0, 0, 0, 7, 1, 1, 1
0, 0, 0, 0, 0, 0, 7, 1, 1, 1
0, 0, 0, 0, 0, 0, 0, 0, 0, 6
0, 0, 0, 0, 0, 0, 0, 0, 6, 1
0, 0, 0, 0, 0, 0, 0, 0, 0, 6
0, 0, 0, 0, 0, 0, 0, 0, 0, 6
0, 0, 0, 0, 0, 0, 0, 0, 0, 6
0, 0, 0, 0, 0, 0, 0, 0, 6, 1
0, 0, 0, 0, 0, 0, 0, 0, 6, 6
0, 0, 0, 0, 0, 0, 0, 0, 6, 1
0, 0, 0, 0, 0, 0, 7, 1, 1, 1
0, 0, 0, 0, 0, 0, 0, 0, 0, 6
0, 0, 0, 0, 0, 0, 0, 7, 1, 1
0, 0, 0, 0, 0, 0, 0, 0, 0, 6
0, 0, 6, 3, 3, 3, 3, 3, 3, 3
0, 0, 7, 1, 1, 1, 1, 1, 1, 1
0, 0, 0, 0, 0, 0, 0, 7, 1, 1
0, 0, 0, 0, 6, 1, 1, 1, 1, 1
0, 0, 0, 0, 0, 0, 0, 0, 0, 6
0, 0, 0, 0, 0, 0, 7, 1, 1, 1
0, 0, 0, 0, 0, 0, 0, 0, 6, 1
0, 5, 1, 0, 7, 7, 4, 4, 4, 4
0, 0, 0, 0, 0, 0, 0, 0, 0, 6
0, 0, 0, 0, 0, 0, 0, 0, 0, 6
0, 0, 0, 0, 0, 7, 1, 1, 1, 1
0, 0, 0, 0, 0, 0, 0, 0, 0, 6
0, 0, 0, 0, 0, 0, 0, 0, 6, 6
0, 0, 0, 0, 0, 0, 0, 0, 6, 1
0, 0, 0, 0, 0, 0, 7, 1, 1, 1
0, 0, 0, 0, 0, 0, 0, 0, 0, 6
0, 0, 0, 0, 0, 0, 0, 0, 0, 6
0, 0, 0, 0, 0, 0, 0, 7, 1, 1
0, 0, 0, 0, 0, 0, 0, 0, 0, 6
0, 0, 0, 0, 0, 0, 0, 0, 0, 6
0, 0, 0, 0, 6, 1, 1, 1, 1, 1
0, 0, 0, 0, 0, 0, 0, 0, 0, 6
0, 0, 0, 0, 0, 0, 7, 1, 1, 1
0, 0, 0, 0, 0, 0, 0, 0, 0, 6
0, 0, 0, 0, 0, 0, 0, 0, 0, 6
0, 0, 0, 0, 0, 0, 0, 0, 0, 6
0, 0, 0, 0, 0, 0, 0, 0, 0, 6
0, 0, 0, 0, 0, 0, 0, 0, 0, 6
0, 0, 0, 0, 0, 0, 0, 0, 0, 6
0, 0, 0, 0, 0, 0, 0, 0, 0, 6
0, 0, 0, 0, 0, 0, 0, 0, 0, 6
0, 0, 0, 0, 0, 0, 0, 0, 0, 6
0, 0, 0, 0, 0, 0, 0, 0, 0, 6
0, 0, 0, 0, 0, 0, 0, 0, 0, 6
0, 0, 0, 0, 0, 7, 1, 1, 1, 1
0, 0, 7, 1, 1, 1, 1, 1, 1, 1
0, 0, 0, 0, 0, 0, 7, 1, 1, 1
0, 0, 0, 0, 0, 0, 7, 1, 1, 1
0, 0, 0, 0, 0, 0, 0, 0, 6, 1
0, 0, 0, 0, 0, 0, 0, 0, 0, 6
0, 0, 0, 0, 0, 0, 0, 0, 0, 6
0, 0, 0, 0, 0, 0, 0, 0, 0, 6
0, 0, 0, 0, 0, 0, 0, 0, 0, 6
0, 0, 0, 0, 0, 0, 0, 0, 0, 6
0, 0, 0, 0, 0, 0, 0, 0, 0, 6
0, 0, 0, 0, 0, 0, 0, 0, 0, 6
0, 0, 0, 0, 0, 0, 0, 0, 0, 6
0, 0, 0, 0, 0, 0, 0, 0, 0, 6
0, 0, 0, 0, 0, 0, 0, 0, 7, 4
0, 0, 0, 0, 0, 0, 0, 0, 0, 6
0, 0, 0, 0, 0, 0, 0, 0, 0, 6
0, 0, 0, 0, 0, 0, 0, 0, 6, 1
0, 0, 0, 7, 1, 1, 1, 1, 1, 1
0, 0, 0, 0, 0, 7, 1, 1, 1, 1
0, 0, 0, 7, 1, 1, 1, 1, 1, 1
0, 0, 0, 0, 0, 0, 0, 0, 0, 6
0, 0, 0, 0, 0, 0, 0, 0, 0, 6
0, 0, 0, 0, 0, 0, 0, 7, 1, 1
0, 0, 0, 0, 0, 0, 0, 6, 1, 1
0, 0, 0, 0, 0, 0, 0, 6, 1, 1
0, 0, 0, 0, 0, 0, 0, 6, 1, 1
0, 0, 0, 0, 0, 0, 7, 7, 4, 4
0, 0, 0, 0, 0, 0, 7, 1, 1, 1
0, 0, 0, 0, 0, 0, 7, 1, 1, 1
0, 0, 0, 0, 0, 0, 7, 1, 1, 1
0, 0, 0, 0, 0, 0, 7, 1, 1, 1
0, 0, 0, 0, 0, 0, 0, 0, 0, 6
0, 0, 0, 0, 0, 0, 0, 0, 0, 6
0, 0, 0, 0, 0, 0, 0, 0, 0, 6
0, 0, 0, 0, 0, 0, 0, 0, 0, 6
0, 0, 0, 0, 0, 0, 0, 0, 6, 1
0, 0, 0, 6, 3, 3, 3, 3, 3, 3
0, 0, 0, 0, 0, 7, 7, 4, 4, 4
0, 0, 0, 0, 0, 0, 7, 1, 1, 1
0, 0, 0, 0, 0, 0, 7, 1, 1, 1
0, 0, 0, 0, 6, 1, 1, 1, 1, 1
0, 0, 0, 0, 6, 1, 1, 1, 1, 1
0, 0, 0, 0, 6, 1, 1, 1, 1, 1
0, 0, 0, 0, 6, 1, 1, 1, 1, 1
0, 0, 0, 0, 6, 1, 1, 1, 1, 1
0, 0, 0, 0, 6, 1, 1, 1, 1, 1
0, 0, 0, 0, 0, 0, 7, 7, 7, 4
0, 0, 0, 0, 0, 0, 7, 7, 7, 4
0, 0, 0, 0, 0, 0, 7, 7, 7, 4
0, 0, 0, 0, 0, 0, 0, 0, 6, 1
0, 0, 0, 0, 0, 0, 0, 0, 7, 4
0, 0, 0, 0, 0, 0, 7, 7, 7, 4
0, 0, 0, 0, 0, 0, 7, 7, 7, 4
0, 0, 0, 0, 0, 0, 7, 7, 7, 4
0, 0, 0, 0, 0, 0, 0, 0, 6, 6
0, 0, 0, 0, 0, 0, 0, 0, 7, 4
0, 0, 0, 0, 0, 0, 7, 7, 7, 4
0, 0, 0, 0, 0, 0, 0, 0, 6, 6
0, 0, 0, 0, 0, 0, 0, 0, 6, 6
0, 0, 0, 0, 0, 0, 0, 0, 6, 6
0, 0, 0, 0, 0, 0, 7, 7, 7, 4
0, 0, 0, 0, 0, 0, 7, 7, 7, 4
0, 0, 0, 0, 0, 0, 7, 7, 7, 4
0, 0, 0, 0, 0, 0, 7, 7, 7, 4
0, 0, 0, 0, 0, 0, 0, 0, 0, 6
0, 0, 0, 0, 0, 0, 0, 0, 0, 6
0, 0, 0, 0, 0, 0, 0, 0, 0, 6
0, 0, 0, 0, 0, 0, 0, 0, 0, 6
0, 0, 0, 0, 6, 3, 3, 3, 3, 3
0, 0, 0, 0, 0, 0, 0, 0, 0, 6
0, 0, 0, 0, 0, 0, 0, 0, 0, 6
0, 0, 0, 0, 0, 0, 0, 7, 1, 1
0, 0, 0, 0, 0, 0, 0, 0, 0, 6
0, 0, 0, 0, 0, 0, 0, 0, 0, 6
0, 0, 0, 0, 0, 0, 7, 1, 1, 1
0, 0, 0, 0, 0, 7, 1, 1, 1, 1
0, 0, 0, 0, 0, 0, 0, 6, 6, 6
0, 0, 0, 0, 0, 0, 0, 0, 0, 6
0, 0, 0, 0, 0, 0, 0, 0, 0, 6
0, 0, 0, 0, 0, 7, 1, 1, 1, 1
0, 0, 0, 0, 0, 7, 1, 1, 1, 1
0, 0, 0, 0, 0, 0, 0, 0, 0, 6
0, 0, 0, 0, 0, 0, 7, 1, 1, 1
0, 0, 0, 0, 0, 0, 7, 1, 1, 1
0, 0, 0, 0, 0, 7, 1, 1, 1, 1
0, 0, 0, 0, 0, 0, 0, 0, 0, 6
0, 0, 0, 0, 0, 0, 0, 0, 6, 1
0, 0, 0, 0, 0, 0, 0, 0, 6, 6
0, 0, 0, 0, 0, 0, 0, 0, 0, 6
0, 0, 0, 0, 0, 0, 0, 0, 0, 6
0, 0, 0, 7, 1, 1, 1, 1, 1, 1
0, 0, 0, 0, 0, 0, 7, 1, 1, 1
0, 0, 0, 0, 0, 0, 7, 1, 1, 1
0, 0, 0, 0, 0, 0, 7, 1, 1, 1
0, 0, 0, 0, 0, 0, 7, 1, 1, 1
0, 0, 0, 0, 0, 0, 7, 1, 1, 1
0, 0, 0, 0, 0, 0, 7, 1, 1, 1
0, 0, 0, 0, 0, 0, 0, 0, 6, 1
0, 0, 0, 0, 0, 0, 7, 7, 4, 4
0, 0, 0, 0, 0, 0, 0, 0, 0, 6
0, 0, 0, 0, 0, 0, 0, 0, 6, 1
0, 0, 0, 0, 6, 1, 1, 1, 1, 1
0, 0, 0, 0, 6, 1, 1, 1, 1, 1
0, 0, 0, 0, 0, 0, 0, 0, 0, 6
0, 0, 0, 0, 0, 0, 7, 1, 1, 1
0, 0, 0, 0, 0, 0, 7, 1, 1, 1
0, 0, 0, 0, 0, 0, 0, 0, 0, 6
0, 0, 0, 0, 6, 1, 1, 1, 1, 1
0, 0, 0, 0, 6, 6, 3, 3, 3, 3
0, 0, 0, 0, 0, 7, 1, 1, 1, 1
0, 0, 0, 0, 0, 0, 0, 0, 0, 6
0, 0, 0, 7, 4, 4, 4, 4, 4, 4
0, 0, 0, 0, 0, 0, 0, 0, 0, 6
0, 0, 0, 6, 3, 3, 3, 3, 3, 3
0, 0, 6, 1, 1, 1, 1, 1, 1, 1
0, 0, 0, 0, 0, 0, 0, 0, 6, 1
0, 0, 0, 7, 1, 1, 1, 1, 1, 1
0, 0, 0, 0, 0, 0, 0, 0, 0, 6
0, 0, 0, 0, 0, 7, 1, 1, 1, 1
0, 0, 0, 0, 0, 0, 7, 1, 1, 1
0, 0, 0, 0, 0, 0, 0, 0, 0, 6
0, 0, 0, 0, 0, 0, 0, 7, 1, 1
0, 0, 0, 0, 0, 0, 0, 7, 4, 4
0, 0, 0, 0, 0, 7, 1, 1, 1, 1
0, 0, 0, 0, 0, 7, 1, 1, 1, 1
0, 0, 0, 7, 1, 1, 1, 1, 1, 1
0, 0, 0, 0, 7, 7, 4, 4, 4, 4
0, 0, 0, 0, 0, 0, 0, 0, 0, 6
0, 0, 0, 0, 0, 0, 0, 0, 0, 6
0, 0, 0, 0, 0, 7, 1, 1, 1, 1
0, 0, 0, 0, 0, 7, 1, 1, 1, 1
0, 0, 0, 0, 0, 7, 1, 1, 1, 1
0, 0, 0, 0, 0, 7, 1, 1, 1, 1
0, 0, 0, 0, 0, 7, 1, 1, 1, 1
0, 0, 0, 0, 0, 7, 1, 1, 1, 1
0, 0, 0, 0, 0, 7, 1, 1, 1, 1
0, 0, 0, 0, 0, 7, 1, 1, 1, 1
0, 0, 0, 0, 0, 7, 1, 1, 1, 1
0, 0, 0, 0, 0, 7, 1, 1, 1, 1
0, 0, 0, 0, 0, 7, 1, 1, 1, 1
0, 0, 0, 0, 0, 7, 1, 1, 1, 1
0, 0, 0, 0, 0, 7, 1, 1, 1, 1
0, 0, 0, 0, 0, 7, 1, 1, 1, 1
0, 0, 0, 0, 6, 1, 1, 1, 1, 1
0, 0, 0, 0, 6, 1, 1, 1, 1, 1
0, 0, 0, 0, 6, 1, 1, 1, 1, 1
0, 0, 0, 0, 6, 1, 1, 1, 1, 1
0, 0, 0, 0, 0, 0, 0, 0, 6, 1
0, 0, 0, 0, 0, 0, 0, 0, 0, 6
0, 0, 0, 0, 0, 7, 1, 1, 1, 1
0, 0, 0, 0, 0, 7, 1, 1, 1, 1
0, 0, 0, 0, 0, 7, 1, 1, 1, 1
0, 0, 0, 0, 0, 7, 1, 1, 1, 1
0, 0, 0, 0, 0, 7, 1, 1, 1, 1
0, 0, 0, 0, 0, 7, 1, 1, 1, 1
0, 0, 0, 0, 0, 7, 1, 1, 1, 1
0, 0, 0, 0, 0, 7, 1, 1, 1, 1
0, 0, 0, 0, 0, 7, 1, 1, 1, 1
0, 0, 0, 0, 0, 7, 1, 1, 1, 1
0, 0, 0, 0, 0, 7, 1, 1, 1, 1
0, 0, 0, 0, 0, 7, 1, 1, 1, 1
0, 0, 0, 0, 0, 7, 1, 1, 1, 1
0, 0, 0, 0, 0, 7, 1, 1, 1, 1
0, 0, 0, 0, 0, 7, 1, 1, 1, 1
0, 0, 0, 0, 0, 0, 0, 0, 0, 6
0, 0, 0, 0, 0, 0, 0, 0, 0, 6
0, 0, 0, 0, 0, 0, 0, 0, 0, 6
0, 0, 0, 0, 0, 0, 7, 1, 1, 1
0, 0, 0, 0, 0, 0, 7, 1, 1, 1
0, 0, 0, 0, 0, 0, 0, 0, 0, 6
0, 0, 0, 0, 0, 0, 7, 1, 1, 1
0, 0, 0, 0, 0, 0, 0, 6, 6, 6
0, 0, 0, 0, 0, 0, 6, 6, 6, 6
0, 0, 0, 0, 0, 6, 1, 1, 1, 1
0, 0, 6, 6, 1, 1, 1, 1, 1, 1
0, 0, 0, 0, 0, 0, 0, 0, 0, 6
0, 0, 0, 0, 0, 0, 0, 0, 0, 6
0, 0, 0, 0, 7, 7, 4, 4, 4, 4
0, 0, 0, 0, 0, 0, 7, 1, 1, 1
0, 0, 0, 0, 0, 0, 0, 0, 0, 6
0, 0, 0, 0, 0, 0, 7, 1, 1, 1
0, 0, 0, 0, 0, 0, 0, 7, 4, 4
0, 0, 0, 0, 0, 0, 0, 0, 0, 6
0, 0, 0, 0, 6, 1, 1, 1, 1, 1
0, 0, 7, 1, 1, 1, 1, 1, 1, 1
0, 0, 0, 0, 0, 0, 0, 0, 0, 6
0, 0, 0, 0, 0, 0, 0, 0, 0, 6
0, 0, 0, 0, 0, 0, 0, 0, 0, 6
0, 0, 0, 0, 0, 0, 0, 0, 0, 6
0, 5, 1, 0, 7, 7, 7, 7, 7, 4
0, 0, 0, 0, 6, 1, 1, 1, 1, 1
0, 0, 0, 0, 0, 7, 1, 1, 1, 1
0, 0, 0, 0, 0, 6, 1, 1, 1, 1
0, 0, 0, 0, 0, 6, 1, 1, 1, 1
0, 0, 0, 0, 0, 0, 7, 1, 1, 1
0, 0, 0, 0, 0, 0, 7, 1, 1, 1
0, 0, 0, 0, 0, 0, 7, 1, 1, 1
0, 0, 0, 0, 0, 0, 0, 6, 1, 1
0, 0, 0, 0, 0, 0, 0, 0, 0, 6
0, 0, 0, 0, 0, 0, 0, 0, 6, 1
0, 0, 0, 0, 0, 0, 0, 0, 0, 6
0, 0, 0, 0, 0, 0, 0, 6, 6, 6
0, 0, 0, 0, 0, 0, 0, 0, 6, 6
0, 0, 0, 0, 0, 0, 0, 7, 1, 1
0, 0, 0, 0, 0, 0, 0, 0, 0, 6
0, 0, 0, 0, 0, 0, 7, 1, 1, 1
0, 0, 0, 7, 1, 1, 1, 1, 1, 1
0, 0, 0, 0, 0, 0, 0, 0, 0, 6
0, 0, 0, 0, 0, 0, 0, 0, 6, 1
0, 0, 0, 0, 0, 0, 7, 1, 1, 1
0, 0, 0, 0, 0, 0, 0, 0, 6, 1
0, 0, 0, 0, 0, 0, 0, 0, 0, 6
0, 0, 0, 7, 1, 1, 1, 1, 1, 1
0, 0, 0, 7, 1, 1, 1, 1, 1, 1
0, 0, 0, 0, 0, 0, 0, 0, 0, 6
0, 0, 0, 0, 6, 1, 1, 1, 1, 1
0, 0, 7, 7, 4, 4, 4, 4, 4, 4
0, 0, 0, 0, 0, 0, 0, 0, 0, 6
0, 0, 0, 0, 0, 0, 0, 7, 4, 4
0, 0, 0, 0, 0, 0, 7, 1, 1, 1
0, 0, 0, 0, 0, 0, 0, 7, 1, 1
0, 0, 0, 7, 1, 1, 1, 1, 1, 1
0, 0, 0, 6, 6, 6, 6, 6, 3, 3
0, 0, 0, 0, 0, 0, 0, 0, 7, 4
0, 0, 0, 0, 0, 0, 0, 0, 0, 5
0, 0, 0, 0, 0, 0, 0, 0, 0, 6
0, 0, 0, 0, 0, 0, 7, 1, 1, 1
0, 5, 1, 0, 7, 7, 7, 1, 1, 1
0, 0, 7, 1, 1, 1, 1, 1, 1, 1
0, 0, 7, 1, 1, 1, 1, 1, 1, 1
0, 0, 0, 0, 0, 0, 7, 1, 1, 1
0, 0, 0, 0, 0, 0, 7, 1, 1, 1
0, 0, 0, 0, 0, 0, 7, 1, 1, 1
0, 0, 0, 0, 0, 0, 7, 1, 1, 1
0, 5, 1, 0, 6, 3, 3, 3, 3, 3
0, 5, 5, 5, 2, 2, 2, 2, 2, 2
0, 5, 1, 1, 1, 1, 1, 1, 1, 1
0, 5, 5, 1, 1, 0, 6, 6, 3, 3
0, 5, 1, 1, 1, 1, 1, 1, 1, 1
0, 5, 1, 0, 7, 7, 7, 7, 4, 4
0, 0, 0, 0, 0, 0, 0, 0, 6, 6
0, 0, 0, 0, 0, 0, 0, 0, 0, 6
0, 0, 6, 1, 1, 1, 1, 1, 1, 1
0, 0, 0, 0, 0, 0, 7, 1, 1, 1
0, 0, 0, 0, 0, 0, 0, 0, 0, 6
0, 0, 0, 0, 0, 0, 0, 0, 6, 1
0, 0, 0, 0, 0, 0, 0, 0, 0, 6
0, 0, 0, 0, 0, 0, 0, 0, 0, 6
0, 0, 0, 0, 6, 1, 1, 1, 1, 1
0, 0, 0, 0, 6, 1, 1, 1, 1, 1
0, 0, 0, 0, 6, 1, 1, 1, 1, 1
0, 0, 0, 0, 6, 1, 1, 1, 1, 1
0, 0, 0, 0, 6, 1, 1, 1, 1, 1
0, 0, 0, 0, 6, 1, 1, 1, 1, 1
0, 0, 0, 0, 6, 1, 1, 1, 1, 1
0, 0, 0, 0, 6, 1, 1, 1, 1, 1
0, 0, 0, 0, 6, 1, 1, 1, 1, 1
0, 0, 0, 0, 6, 1, 1, 1, 1, 1
0, 0, 0, 0, 6, 1, 1, 1, 1, 1
0, 0, 0, 0, 6, 1, 1, 1, 1, 1
0, 0, 0, 0, 6, 1, 1, 1, 1, 1
0, 0, 0, 0, 6, 1, 1, 1, 1, 1
0, 0, 0, 0, 6, 1, 1, 1, 1, 1
0, 0, 0, 0, 6, 1, 1, 1, 1, 1
0, 0, 0, 0, 0, 0, 0, 0, 0, 6
