0, 297, 660, 990, 1320, 1650, 1980, 2310, 2640, 2970
794.0, 751.0, 728.0, 698.0, 619.0, 527.0, 342.0, 313.0, 224.0, 0.0
0.0, 0.0, 18.0, 38.0, 67.0, 132.0, 209.0, 391.0, 427.0, 476.0
0.0, 0.0, 1.0, 2.0, 3.0, 3.0, 3.0, 3.0, 3.0, 3.0
0.0, 43.0, 47.0, 56.0, 105.0, 132.0, 240.0, 87.0, 140.0, 315.0
0, 0, 0, 0, 3, 1, 1, 1, 1, 1
0, 0, 0, 0, 0, 0, 0, 0, 0, 3
0, 0, 0, 3, 1, 1, 1, 1, 1, 1
0, 0, 0, 0, 0, 0, 0, 3, 1, 1
0, 0, 0, 0, 0, 0, 0, 0, 0, 3
0, 0, 0, 0, 0, 0, 0, 0, 0, 3
0, 0, 0, 0, 0, 0, 0, 0, 0, 3
0, 0, 0, 0, 0, 0, 3, 1, 1, 1
0, 0, 0, 3, 1, 1, 1, 1, 1, 1
0, 0, 0, 0, 0, 3, 1, 1, 1, 1
0, 0, 3, 3, 3, 3, 3, 3, 3, 3
0, 0, 0, 0, 0, 0, 0, 3, 1, 1
0, 3, 1, 1, 1, 1, 1, 1, 1, 1
0, 0, 0, 0, 0, 0, 0, 0, 0, 3
0, 0, 0, 0, 0, 0, 3, 1, 1, 1
0, 0, 3, 1, 1, 1, 1, 1, 1, 1
0, 0, 0, 0, 0, 0, 0, 0, 3, 1
0, 0, 0, 0, 0, 0, 0, 0, 0, 3
0, 0, 0, 0, 0, 0, 0, 0, 0, 3
0, 0, 0, 0, 0, 0, 0, 0, 0, 3
0, 0, 0, 0, 0, 0, 0, 0, 0, 3
0, 0, 0, 0, 0, 0, 0, 0, 3, 3
0, 0, 0, 0, 0, 0, 3, 1, 1, 1
0, 0, 0, 0, 0, 0, 0, 0, 0, 3
0, 0, 0, 0, 0, 0, 0, 0, 0, 3
0, 0, 0, 0, 0, 0, 0, 0, 0, 3
0, 0, 0, 0, 0, 0, 3, 3, 3, 3
0, 0, 0, 0, 0, 0, 3, 3, 3, 3
0, 0, 0, 0, 0, 0, 3, 3, 3, 3
0, 0, 0, 0, 0, 0, 0, 0, 0, 3
0, 0, 0, 0, 0, 0, 0, 0, 0, 3
0, 0, 0, 0, 0, 0, 3, 3, 3, 3
0, 0, 0, 0, 0, 0, 0, 0, 3, 1
0, 0, 0, 0, 0, 0, 3, 3, 3, 3
0, 0, 0, 0, 0, 0, 3, 3, 3, 3
0, 0, 0, 0, 0, 0, 3, 3, 3, 1
0, 0, 0, 0, 0, 0, 0, 0, 0, 3
0, 0, 0, 0, 0, 0, 3, 1, 1, 1
0, 0, 0, 0, 0, 0, 0, 0, 0, 3
0, 0, 0, 0, 0, 0, 0, 0, 0, 3
0, 0, 0, 0, 0, 0, 3, 1, 1, 1
0, 0, 0, 0, 0, 0, 0, 0, 0, 3
0, 0, 0, 0, 0, 0, 0, 0, 0, 3
0, 0, 0, 0, 0, 0, 0, 0, 0, 3
0, 0, 0, 0, 0, 3, 1, 1, 1, 1
0, 0, 0, 0, 3, 1, 1, 1, 1, 1
0, 0, 0, 0, 3, 1, 1, 1, 1, 1
0, 0, 0, 0, 3, 1, 1, 1, 1, 1
0, 0, 0, 0, 3, 1, 1, 1, 1, 1
0, 0, 0, 0, 3, 1, 1, 1, 1, 1
0, 0, 0, 0, 3, 1, 1, 1, 1, 1
0, 0, 0, 0, 3, 1, 1, 1, 1, 1
0, 0, 0, 0, 3, 1, 1, 1, 1, 1
0, 0, 0, 0, 3, 1, 1, 1, 1, 1
0, 0, 0, 0, 3, 1, 1, 1, 1, 1
0, 0, 0, 0, 3, 1, 1, 1, 1, 1
0, 0, 0, 0, 3, 1, 1, 1, 1, 1
0, 0, 0, 0, 3, 1, 1, 1, 1, 1
0, 0, 0, 0, 3, 1, 1, 1, 1, 1
0, 0, 0, 0, 3, 1, 1, 1, 1, 1
0, 0, 0, 0, 3, 1, 1, 1, 1, 1
0, 0, 0, 0, 0, 0, 3, 1, 1, 1
0, 0, 0, 0, 0, 0, 3, 1, 1, 1
0, 0, 0, 0, 0, 0, 3, 1, 1, 1
0, 0, 0, 0, 0, 0, 3, 1, 1, 1
0, 0, 0, 0, 0, 0, 3, 1, 1, 1
0, 0, 0, 0, 0, 0, 3, 1, 1, 1
0, 0, 0, 0, 0, 0, 3, 1, 1, 1
0, 0, 0, 0, 0, 0, 3, 1, 1, 1
0, 0, 0, 0, 0, 0, 3, 1, 1, 1
0, 0, 0, 0, 0, 0, 3, 1, 1, 1
0, 0, 0, 0, 0, 0, 3, 1, 1, 1
0, 0, 0, 0, 0, 0, 3, 1, 1, 1
0, 0, 0, 0, 0, 0, 3, 1, 1, 1
0, 0, 0, 0, 0, 0, 3, 1, 1, 1
0, 0, 0, 0, 0, 0, 3, 1, 1, 1
0, 0, 0, 0, 0, 0, 3, 1, 1, 1
0, 0, 0, 0, 0, 0, 3, 1, 1, 1
0, 0, 0, 0, 0, 0, 3, 1, 1, 1
0, 0, 0, 0, 0, 0, 3, 1, 1, 1
0, 0, 0, 0, 0, 0, 3, 1, 1, 1
0, 0, 0, 0, 0, 0, 3, 1, 1, 1
0, 0, 0, 0, 0, 0, 3, 1, 1, 1
0, 0, 0, 0, 0, 0, 3, 1, 1, 1
0, 0, 0, 0, 0, 0, 3, 1, 1, 1
0, 0, 0, 0, 0, 0, 3, 1, 1, 1
0, 0, 0, 0, 0, 0, 0, 0, 0, 3
0, 0, 0, 0, 0, 0, 0, 0, 0, 3
0, 0, 0, 0, 0, 0, 0, 0, 0, 3
0, 0, 0, 0, 0, 0, 0, 0, 0, 3
0, 0, 3, 1, 1, 1, 1, 1, 1, 1
0, 0, 0, 0, 0, 0, 0, 0, 0, 3
0, 0, 0, 0, 0, 0, 3, 1, 1, 1
0, 0, 0, 0, 0, 0, 0, 0, 0, 3
0, 0, 0, 0, 0, 0, 0, 0, 3, 1
0, 0, 0, 0, 0, 0, 0, 0, 0, 3
0, 0, 0, 0, 0, 0, 0, 0, 3, 3
0, 0, 0, 0, 0, 0, 3, 1, 1, 1
0, 0, 0, 0, 3, 3, 3, 1, 1, 1
0, 3, 3, 3, 3, 3, 3, 1, 1, 1
0, 3, 3, 3, 3, 1, 1, 1, 1, 1
0, 3, 3, 3, 3, 3, 3, 1, 1, 1
0, 0, 0, 0, 0, 3, 1, 1, 1, 1
0, 0, 3, 1, 1, 1, 1, 1, 1, 1
0, 3, 3, 1, 1, 1, 1, 1, 1, 1
0, 3, 1, 1, 1, 1, 1, 1, 1, 1
0, 3, 1, 1, 1, 1, 1, 1, 1, 1
0, 3, 1, 1, 1, 1, 1, 1, 1, 1
0, 3, 1, 1, 1, 1, 1, 1, 1, 1
0, 0, 0, 0, 0, 3, 1, 1, 1, 1
0, 0, 0, 0, 0, 0, 3, 1, 1, 1
0, 0, 0, 0, 0, 0, 3, 1, 1, 1
0, 0, 3, 1, 1, 1, 1, 1, 1, 1
0, 0, 3, 3, 3, 3, 3, 1, 1, 1
0, 0, 0, 0, 0, 3, 3, 3, 1, 1
0, 0, 0, 0, 0, 3, 3, 3, 1, 1
0, 0, 0, 0, 0, 3, 3, 3, 1, 1
0, 0, 0, 0, 0, 0, 0, 3, 1, 1
0, 0, 0, 0, 0, 3, 3, 3, 1, 1
0, 0, 0, 0, 0, 0, 0, 3, 1, 1
0, 0, 0, 0, 0, 3, 3, 3, 1, 1
0, 0, 0, 0, 0, 3, 3, 3, 1, 1
0, 0, 3, 3, 3, 3, 3, 3, 1, 1
0, 3, 3, 3, 3, 3, 3, 1, 1, 1
0, 3, 1, 1, 1, 1, 1, 1, 1, 1
0, 3, 1, 1, 1, 1, 1, 1, 1, 1
0, 3, 3, 3, 3, 3, 3, 3, 1, 1
0, 3, 3, 3, 3, 3, 3, 3, 1, 1
0, 0, 0, 0, 0, 0, 3, 1, 1, 1
0, 0, 0, 0, 0, 0, 3, 1, 1, 1
0, 0, 0, 0, 0, 0, 0, 0, 0, 3
0, 0, 0, 0, 0, 0, 3, 1, 1, 1
0, 0, 0, 0, 0, 3, 1, 1, 1, 1
0, 0, 0, 0, 0, 0, 3, 1, 1, 1
0, 0, 0, 0, 0, 0, 0, 0, 0, 3
0, 0, 0, 0, 0, 0, 0, 0, 0, 3
0, 0, 0, 0, 0, 0, 0, 0, 0, 3
0, 0, 0, 0, 0, 0, 0, 0, 0, 3
0, 0, 0, 0, 0, 0, 0, 0, 0, 3
0, 0, 0, 0, 0, 0, 0, 0, 3, 1
0, 0, 0, 0, 0, 0, 0, 3, 1, 1
0, 0, 0, 0, 0, 0, 0, 3, 1, 1
0, 0, 0, 0, 0, 0, 0, 0, 0, 3
0, 0, 0, 0, 0, 0, 0, 0, 0, 3
0, 0, 0, 3, 3, 3, 3, 3, 3, 3
0, 0, 0, 0, 3, 1, 1, 1, 1, 1
0, 0, 0, 0, 0, 0, 3, 1, 1, 1
0, 0, 0, 0, 0, 0, 3, 1, 1, 1
0, 0, 0, 0, 0, 0, 3, 1, 1, 1
0, 0, 0, 0, 0, 0, 3, 1, 1, 1
0, 0, 0, 0, 0, 0, 3, 1, 1, 1
0, 0, 0, 0, 0, 0, 3, 1, 1, 1
0, 0, 0, 0, 0, 0, 3, 1, 1, 1
0, 0, 0, 0, 0, 0, 0, 0, 0, 3
0, 0, 0, 0, 0, 0, 0, 0, 3, 3
0, 0, 0, 0, 3, 1, 1, 1, 1, 1
0, 0, 0, 0, 0, 0, 0, 0, 0, 3
0, 0, 0, 0, 0, 0, 0, 0, 0, 3
0, 0, 0, 0, 0, 0, 0, 0, 3, 1
0, 0, 0, 0, 0, 0, 0, 0, 3, 1
0, 0, 0, 0, 0, 0, 0, 0, 3, 3
0, 0, 0, 0, 0, 0, 0, 0, 3, 1
0, 0, 0, 0, 0, 3, 1, 1, 1, 1
0, 0, 0, 0, 0, 3, 3, 3, 3, 3
0, 0, 0, 0, 0, 3, 1, 1, 1, 1
0, 0, 0, 0, 0, 0, 0, 0, 0, 3
0, 0, 0, 0, 0, 0, 0, 0, 0, 3
0, 0, 0, 0, 0, 0, 0, 0, 0, 3
0, 0, 0, 0, 0, 0, 3, 1, 1, 1
0, 0, 0, 0, 0, 0, 0, 0, 0, 3
0, 0, 0, 0, 0, 0, 0, 0, 0, 3
0, 0, 0, 3, 1, 1, 1, 1, 1, 1
0, 0, 0, 0, 0, 0, 0, 0, 0, 3
0, 3, 1, 1, 1, 1, 1, 1, 1, 1
0, 0, 3, 1, 1, 1, 1, 1, 1, 1
0, 0, 0, 0, 0, 0, 0, 0, 0, 3
0, 0, 0, 0, 0, 0, 0, 0, 0, 3
0, 0, 0, 0, 0, 0, 0, 0, 3, 3
0, 0, 0, 0, 0, 0, 0, 0, 0, 3
0, 0, 0, 0, 0, 0, 3, 1, 1, 1
0, 0, 0, 0, 0, 0, 3, 1, 1, 1
0, 0, 0, 0, 0, 0, 3, 1, 1, 1
0, 0, 0, 0, 0, 0, 0, 0, 0, 3
0, 0, 0, 0, 0, 0, 0, 0, 0, 3
0, 0, 0, 0, 0, 0, 0, 0, 0, 3
0, 0, 0, 0, 0, 0, 0, 0, 3, 3
0, 0, 0, 0, 0, 0, 0, 0, 0, 3
0, 0, 0, 0, 0, 0, 0, 0, 0, 3
0, 0, 0, 0, 0, 0, 3, 1, 1, 1
0, 0, 0, 0, 0, 3, 1, 1, 1, 1
0, 0, 0, 0, 0, 3, 1, 1, 1, 1
0, 0, 0, 0, 0, 3, 1, 1, 1, 1
0, 0, 0, 0, 0, 3, 3, 1, 1, 1
0, 0, 0, 0, 0, 3, 1, 1, 1, 1
0, 0, 0, 0, 0, 3, 1, 1, 1, 1
0, 0, 0, 0, 0, 0, 3, 1, 1, 1
0, 0, 0, 0, 0, 3, 1, 1, 1, 1
0, 0, 0, 0, 0, 3, 3, 1, 1, 1
0, 0, 0, 0, 0, 0, 3, 1, 1, 1
0, 0, 0, 0, 0, 0, 0, 0, 0, 3
0, 0, 0, 0, 0, 0, 3, 1, 1, 1
0, 0, 0, 0, 0, 0, 3, 1, 1, 1
0, 0, 0, 0, 0, 0, 3, 1, 1, 1
0, 0, 0, 0, 0, 0, 3, 1, 1, 1
0, 0, 0, 0, 0, 0, 3, 1, 1, 1
0, 0, 0, 0, 0, 0, 0, 0, 0, 3
0, 0, 0, 0, 0, 0, 0, 0, 3, 1
0, 0, 0, 0, 0, 0, 0, 0, 0, 3
0, 0, 0, 0, 0, 0, 0, 0, 0, 3
0, 0, 0, 0, 0, 0, 0, 0, 3, 3
0, 0, 0, 0, 0, 0, 0, 0, 3, 1
0, 0, 0, 0, 0, 0, 0, 3, 1, 1
0, 0, 0, 0, 0, 0, 0, 0, 3, 1
0, 0, 0, 0, 0, 0, 0, 0, 0, 3
0, 0, 0, 0, 0, 0, 0, 0, 0, 3
0, 0, 0, 0, 0, 3, 1, 1, 1, 1
0, 0, 0, 0, 0, 0, 0, 0, 0, 3
0, 0, 0, 0, 0, 0, 0, 0, 0, 3
0, 0, 0, 0, 0, 0, 0, 0, 3, 1
0, 0, 0, 0, 0, 0, 3, 3, 3, 3
0, 0, 0, 0, 0, 0, 3, 1, 1, 1
0, 0, 0, 0, 0, 0, 0, 0, 0, 3
0, 0, 0, 0, 0, 0, 0, 0, 0, 3
0, 0, 3, 1, 1, 1, 1, 1, 1, 1
0, 0, 0, 3, 1, 1, 1, 1, 1, 1
0, 0, 0, 3, 1, 1, 1, 1, 1, 1
0, 0, 0, 0, 0, 0, 0, 0, 3, 1
0, 0, 0, 0, 0, 0, 0, 0, 3, 1
0, 0, 0, 0, 0, 0, 0, 0, 3, 1
0, 0, 0, 0, 0, 0, 0, 0, 3, 3
0, 0, 0, 0, 0, 0, 0, 0, 0, 3
0, 0, 0, 0, 0, 0, 3, 1, 1, 1
0, 0, 0, 0, 0, 0, 3, 1, 1, 1
0, 0, 0, 0, 0, 0, 3, 1, 1, 1
0, 0, 0, 0, 0, 0, 0, 0, 0, 3
0, 0, 0, 0, 0, 0, 0, 0, 0, 3
0, 0, 0, 0, 0, 0, 3, 1, 1, 1
0, 0, 3, 1, 1, 1, 1, 1, 1, 1
0, 0, 3, 1, 1, 1, 1, 1, 1, 1
0, 0, 0, 0, 0, 0, 3, 1, 1, 1
0, 0, 0, 0, 0, 0, 3, 1, 1, 1
0, 0, 0, 0, 0, 0, 3, 1, 1, 1
0, 0, 0, 0, 0, 0, 3, 1, 1, 1
0, 0, 0, 0, 0, 3, 1, 1, 1, 1
0, 0, 0, 0, 0, 3, 1, 1, 1, 1
0, 0, 0, 0, 0, 3, 3, 1, 1, 1
0, 0, 0, 0, 0, 3, 1, 1, 1, 1
0, 0, 0, 0, 0, 0, 0, 0, 3, 3
0, 0, 0, 0, 0, 0, 0, 0, 3, 1
0, 0, 0, 0, 0, 0, 0, 0, 3, 3
0, 0, 0, 0, 0, 0, 0, 0, 0, 3
0, 0, 0, 0, 0, 0, 0, 0, 0, 3
0, 0, 0, 0, 0, 0, 3, 1, 1, 1
0, 0, 0, 0, 0, 0, 0, 0, 0, 3
0, 0, 0, 0, 0, 0, 3, 1, 1, 1
0, 0, 0, 0, 0, 0, 0, 0, 3, 3
0, 0, 0, 0, 0, 0, 0, 0, 0, 3
0, 3, 3, 2, 2, 2, 2, 2, 2, 2
0, 0, 0, 0, 0, 0, 0, 0, 3, 1
0, 0, 0, 0, 3, 3, 1, 1, 1, 1
0, 0, 0, 0, 3, 3, 3, 3, 3, 3
0, 0, 3, 3, 3, 3, 3, 3, 3, 3
0, 0, 0, 0, 3, 3, 3, 3, 3, 3
0, 0, 0, 0, 0, 0, 0, 0, 0, 3
0, 0, 0, 0, 0, 0, 0, 0, 3, 1
0, 0, 0, 0, 0, 0, 0, 0, 0, 3
0, 0, 0, 0, 0, 0, 0, 3, 1, 1
0, 0, 0, 0, 0, 0, 3, 1, 1, 1
0, 0, 0, 0, 0, 0, 0, 0, 0, 3
0, 0, 0, 3, 1, 1, 1, 1, 1, 1
0, 0, 0, 0, 0, 0, 0, 0, 0, 3
0, 3, 3, 3, 3, 3, 3, 3, 3, 3
0, 0, 0, 3, 1, 1, 1, 1, 1, 1
0, 0, 0, 0, 0, 0, 0, 3, 1, 1
0, 0, 0, 0, 0, 0, 0, 3, 1, 1
0, 0, 0, 0, 0, 3, 1, 1, 1, 1
0, 0, 0, 0, 0, 3, 1, 1, 1, 1
0, 0, 0, 0, 0, 3, 3, 1, 1, 1
0, 0, 0, 0, 0, 3, 3, 1, 1, 1
0, 3, 1, 1, 1, 0, 3, 3, 1, 1
0, 0, 0, 0, 0, 0, 3, 1, 1, 1
0, 0, 3, 1, 1, 1, 1, 1, 1, 1
0, 0, 3, 1, 1, 1, 1, 1, 1, 1
0, 0, 0, 0, 0, 0, 3, 1, 1, 1
0, 0, 0, 0, 0, 0, 3, 1, 1, 1
0, 0, 0, 0, 0, 0, 3, 1, 1, 1
0, 0, 3, 1, 1, 1, 1, 1, 1, 1
0, 0, 0, 0, 0, 0, 3, 1, 1, 1
0, 0, 0, 0, 0, 3, 3, 1, 1, 1
0, 0, 0, 0, 0, 3, 3, 1, 1, 1
0, 0, 0, 0, 0, 3, 3, 1, 1, 1
0, 0, 3, 1, 1, 1, 1, 1, 1, 1
0, 3, 3, 1, 1, 1, 1, 1, 1, 1
0, 3, 3, 3, 3, 3, 3, 1, 1, 1
0, 0, 0, 0, 0, 0, 3, 1, 1, 1
0, 0, 0, 0, 0, 0, 0, 0, 0, 3
0, 0, 0, 0, 0, 0, 0, 0, 0, 3
0, 0, 0, 0, 0, 0, 0, 0, 0, 3
0, 0, 0, 0, 0, 0, 0, 3, 1, 1
0, 0, 0, 0, 3, 1, 1, 1, 1, 1
0, 0, 0, 0, 0, 3, 1, 1, 1, 1
0, 0, 0, 0, 0, 0, 3, 1, 1, 1
0, 0, 0, 0, 0, 0, 3, 1, 1, 1
0, 0, 0, 0, 0, 0, 0, 0, 3, 3
0, 0, 0, 0, 0, 0, 0, 0, 3, 3
0, 0, 0, 0, 0, 0, 0, 0, 0, 3
0, 0, 0, 0, 0, 0, 3, 1, 1, 1
0, 0, 0, 0, 0, 0, 3, 3, 3, 3
0, 0, 0, 0, 0, 0, 0, 0, 0, 3
0, 0, 0, 0, 0, 0, 0, 0, 0, 3
0, 0, 0, 0, 0, 0, 0, 0, 3, 3
0, 0, 0, 0, 0, 0, 3, 1, 1, 1
0, 0, 0, 0, 0, 0, 0, 0, 0, 3
0, 0, 0, 0, 0, 0, 3, 3, 3, 3
0, 0, 0, 0, 0, 0, 0, 0, 0, 3
0, 0, 0, 0, 0, 0, 0, 0, 0, 3
0, 0, 0, 0, 0, 0, 0, 0, 0, 3
0, 0, 0, 0, 0, 0, 3, 1, 1, 1
0, 0, 0, 0, 0, 0, 0, 0, 0, 3
0, 0, 0, 0, 0, 0, 0, 0, 0, 3
0, 0, 0, 0, 0, 0, 0, 0, 0, 3
0, 0, 0, 0, 0, 0, 0, 0, 3, 1
0, 0, 0, 0, 0, 0, 0, 0, 0, 3
0, 0, 0, 0, 3, 3, 3, 3, 3, 3
0, 3, 1, 1, 1, 1, 1, 1, 1, 1
0, 0, 0, 0, 0, 0, 3, 1, 1, 1
0, 0, 0, 0, 0, 0, 3, 1, 1, 1
0, 0, 0, 0, 0, 0, 3, 1, 1, 1
0, 0, 0, 0, 0, 0, 3, 1, 1, 1
0, 0, 0, 0, 0, 0, 3, 1, 1, 1
0, 0, 0, 0, 0, 0, 3, 1, 1, 1
0, 0, 0, 0, 0, 0, 3, 1, 1, 1
0, 0, 0, 0, 0, 0, 3, 1, 1, 1
0, 0, 0, 0, 0, 0, 3, 1, 1, 1
0, 0, 0, 0, 0, 0, 3, 1, 1, 1
0, 0, 0, 0, 0, 0, 3, 1, 1, 1
0, 0, 0, 0, 0, 3, 1, 1, 1, 1
0, 0, 0, 0, 0, 3, 1, 1, 1, 1
0, 0, 0, 0, 0, 0, 0, 0, 3, 3
0, 0, 0, 0, 0, 0, 0, 0, 3, 3
0, 0, 0, 0, 0, 0, 0, 0, 0, 3
0, 0, 0, 0, 0, 0, 0, 0, 3, 3
0, 0, 0, 0, 0, 3, 1, 1, 1, 1
0, 0, 0, 0, 0, 0, 3, 1, 1, 1
0, 0, 0, 0, 0, 3, 3, 3, 3, 3
0, 0, 0, 0, 0, 0, 3, 1, 1, 1
0, 0, 0, 0, 0, 0, 0, 0, 0, 3
0, 0, 0, 0, 0, 0, 0, 0, 0, 3
0, 0, 0, 0, 0, 0, 3, 1, 1, 1
0, 0, 0, 0, 0, 0, 3, 1, 1, 1
0, 0, 0, 0, 0, 0, 3, 1, 1, 1
0, 0, 0, 0, 0, 0, 3, 1, 1, 1
0, 0, 0, 0, 0, 0, 0, 0, 3, 1
0, 0, 0, 0, 0, 0, 0, 0, 3, 3
0, 0, 0, 0, 0, 0, 0, 0, 0, 3
0, 0, 0, 0, 0, 0, 0, 0, 0, 3
0, 0, 0, 0, 0, 0, 0, 0, 3, 1
0, 0, 0, 0, 0, 0, 0, 0, 3, 1
0, 0, 0, 0, 0, 0, 3, 1, 1, 1
0, 0, 0, 0, 0, 0, 0, 0, 3, 1
0, 0, 0, 0, 0, 3, 1, 1, 1, 1
0, 0, 0, 0, 0, 3, 1, 1, 1, 1
0, 0, 0, 0, 0, 0, 3, 1, 1, 1
0, 0, 0, 0, 0, 0, 3, 1, 1, 1
0, 0, 0, 0, 0, 0, 0, 0, 0, 3
0, 0, 0, 0, 0, 0, 0, 0, 3, 1
0, 0, 0, 0, 3, 1, 1, 1, 1, 1
0, 0, 0, 0, 0, 0, 0, 0, 0, 3
0, 0, 0, 0, 3, 1, 1, 1, 1, 1
0, 0, 0, 0, 3, 1, 1, 1, 1, 1
0, 0, 0, 0, 3, 1, 1, 1, 1, 1
0, 0, 0, 0, 3, 1, 1, 1, 1, 1
0, 0, 0, 0, 3, 1, 1, 1, 1, 1
0, 0, 0, 0, 3, 1, 1, 1, 1, 1
0, 0, 0, 0, 3, 1, 1, 1, 1, 1
0, 0, 0, 0, 0, 0, 3, 1, 1, 1
0, 0, 0, 0, 0, 0, 3, 1, 1, 1
0, 0, 0, 0, 3, 3, 3, 3, 3, 3
0, 0, 0, 0, 3, 1, 1, 1, 1, 1
0, 0, 0, 0, 0, 0, 0, 0, 0, 3
0, 0, 0, 0, 3, 1, 1, 1, 1, 1
0, 0, 0, 0, 0, 0, 0, 3, 1, 1
0, 0, 0, 0, 0, 0, 3, 1, 1, 1
0, 3, 3, 3, 3, 3, 3, 3, 3, 3
0, 0, 0, 0, 0, 3, 1, 1, 1, 1
0, 0, 0, 0, 0, 0, 0, 0, 0, 3
0, 0, 0, 0, 0, 0, 0, 0, 0, 3
0, 0, 0, 0, 0, 0, 0, 0, 0, 3
0, 0, 0, 0, 0, 0, 0, 0, 0, 3
0, 0, 0, 0, 0, 0, 0, 0, 0, 3
0, 0, 0, 0, 0, 0, 0, 0, 0, 3
0, 0, 0, 0, 0, 0, 0, 0, 0, 3
0, 0, 0, 0, 0, 0, 0, 0, 0, 3
0, 0, 0, 0, 0, 0, 0, 0, 0, 3
0, 0, 0, 0, 0, 0, 0, 0, 0, 3
0, 0, 0, 0, 0, 0, 0, 0, 0, 3
0, 0, 0, 0, 0, 0, 0, 0, 0, 3
0, 0, 0, 0, 0, 3, 1, 1, 1, 1
0, 3, 1, 1, 1, 1, 1, 1, 1, 1
0, 3, 1, 1, 1, 1, 1, 1, 1, 1
0, 0, 0, 0, 0, 0, 0, 0, 0, 3
0, 0, 0, 0, 3, 3, 3, 3, 3, 3
0, 3, 1, 1, 1, 1, 1, 1, 1, 1
0, 3, 2, 2, 2, 2, 2, 2, 2, 2
0, 0, 0, 0, 3, 3, 3, 3, 3, 3
0, 0, 0, 0, 0, 0, 3, 1, 1, 1
0, 0, 0, 0, 0, 0, 0, 0, 0, 3
0, 0, 0, 0, 0, 0, 0, 0, 0, 3
0, 0, 0, 0, 0, 0, 0, 0, 0, 3
0, 0, 0, 0, 3, 3, 3, 3, 3, 3
0, 0, 0, 0, 0, 0, 3, 1, 1, 1
0, 0, 0, 0, 0, 0, 0, 3, 1, 1
0, 0, 0, 0, 0, 0, 0, 0, 0, 3
0, 0, 0, 0, 0, 0, 0, 0, 0, 3
0, 0, 0, 0, 0, 0, 0, 0, 0, 3
0, 0, 0, 0, 0, 0, 3, 1, 1, 1
0, 0, 0, 0, 0, 0, 0, 0, 0, 3
0, 0, 0, 0, 0, 3, 1, 1, 1, 1
0, 0, 0, 0, 0, 0, 0, 3, 1, 1
0, 0, 0, 0, 0, 3, 1, 1, 1, 1
0, 0, 0, 0, 0, 0, 3, 1, 1, 1
0, 0, 0, 0, 0, 3, 1, 1, 1, 1
0, 0, 0, 0, 0, 0, 0, 0, 3, 1
0, 0, 0, 0, 0, 0, 0, 0, 0, 3
0, 0, 0, 0, 0, 3, 1, 1, 1, 1
0, 0, 0, 0, 0, 3, 1, 1, 1, 1
0, 0, 0, 0, 0, 0, 0, 0, 3, 3
0, 0, 0, 0, 0, 0, 0, 0, 0, 3
0, 0, 0, 0, 0, 0, 0, 0, 0, 3
0, 0, 0, 0, 0, 0, 0, 0, 3, 3
0, 0, 0, 0, 0, 0, 0, 0, 3, 3
0, 0, 0, 0, 0, 0, 0, 0, 3, 3
0, 0, 0, 0, 0, 0, 0, 0, 0, 3
0, 0, 0, 0, 0, 0, 0, 0, 3, 1
0, 0, 0, 0, 0, 0, 3, 1, 1, 1
0, 3, 1, 1, 1, 1, 1, 1, 1, 1
0, 0, 0, 0, 0, 0, 3, 1, 1, 1
0, 0, 0, 0, 0, 0, 3, 1, 1, 1
0, 0, 0, 0, 0, 0, 3, 1, 1, 1
0, 0, 0, 0, 0, 0, 3, 1, 1, 1
0, 0, 0, 0, 0, 0, 0, 0, 0, 3
0, 0, 0, 0, 0, 0, 0, 0, 3, 1
0, 0, 0, 0, 0, 0, 0, 0, 0, 3
0, 0, 0, 0, 0, 0, 0, 0, 0, 3
0, 0, 0, 0, 0, 0, 0, 0, 3, 1
0, 0, 0, 0, 0, 0, 3, 1, 1, 1
0, 0, 0, 0, 0, 0, 0, 0, 0, 3
0, 0, 0, 0, 3, 1, 1, 1, 1, 1
0, 0, 0, 3, 1, 1, 1, 1, 1, 1
0, 0, 0, 3, 1, 1, 1, 1, 1, 1
0, 0, 0, 3, 1, 1, 1, 1, 1, 1
0, 0, 0, 3, 1, 1, 1, 1, 1, 1
0, 0, 0, 3, 1, 1, 1, 1, 1, 1
0, 0, 0, 3, 1, 1, 1, 1, 1, 1
0, 0, 0, 3, 1, 1, 1, 1, 1, 1
0, 0, 0, 3, 1, 1, 1, 1, 1, 1
0, 0, 0, 3, 1, 1, 1, 1, 1, 1
0, 0, 0, 3, 1, 1, 1, 1, 1, 1
0, 0, 0, 3, 1, 1, 1, 1, 1, 1
0, 0, 0, 3, 1, 1, 1, 1, 1, 1
0, 0, 0, 0, 0, 0, 0, 0, 0, 3
0, 0, 0, 0, 0, 0, 0, 0, 0, 3
0, 0, 0, 0, 0, 0, 0, 0, 3, 1
0, 0, 0, 0, 0, 0, 0, 0, 3, 1
0, 3, 3, 3, 3, 3, 3, 3, 3, 3
0, 0, 0, 0, 0, 0, 0, 0, 3, 1
0, 0, 0, 0, 0, 0, 0, 0, 0, 3
0, 0, 0, 0, 0, 0, 3, 1, 1, 1
0, 0, 0, 0, 0, 0, 0, 0, 0, 3
0, 0, 0, 0, 0, 0, 3, 1, 1, 1
0, 0, 0, 0, 0, 0, 3, 1, 1, 1
0, 0, 0, 0, 0, 0, 3, 1, 1, 1
0, 0, 0, 0, 0, 0, 3, 1, 1, 1
0, 0, 0, 0, 0, 0, 3, 1, 1, 1
0, 0, 0, 0, 0, 0, 3, 1, 1, 1
0, 0, 0, 0, 0, 0, 3, 1, 1, 1
0, 0, 0, 0, 0, 0, 3, 1, 1, 1
0, 0, 0, 0, 0, 0, 3, 1, 1, 1
0, 0, 0, 0, 0, 0, 3, 1, 1, 1
0, 0, 0, 0, 0, 0, 0, 0, 3, 3
0, 0, 0, 0, 0, 0, 3, 1, 1, 1
0, 0, 0, 0, 0, 0, 3, 1, 1, 1
0, 0, 0, 0, 0, 0, 0, 0, 0, 3
0, 0, 0, 0, 0, 0, 0, 0, 3, 1
0, 0, 0, 0, 0, 0, 0, 0, 0, 3
0, 0, 0, 0, 0, 0, 0, 0, 0, 3
0, 0, 0, 0, 0, 0, 0, 0, 0, 3
0, 0, 0, 0, 0, 0, 0, 0, 3, 1
0, 0, 0, 0, 0, 0, 0, 0, 3, 3
0, 0, 0, 0, 0, 0, 0, 0, 3, 1
0, 0, 0, 0, 0, 0, 3, 1, 1, 1
0, 0, 0, 0, 0, 0, 0, 0, 0, 3
0, 0, 0, 0, 0, 0, 0, 3, 1, 1
0, 0, 0, 0, 0, 0, 0, 0, 0, 3
0, 3, 3, 3, 3, 3, 3, 3, 3, 3
0, 3, 1, 1, 1, 1, 1, 1, 1, 1
0, 0, 0, 0, 0, 0, 0, 3, 1, 1
0, 0, 0, 0, 3, 1, 1, 1, 1, 1
0, 0, 0, 0, 0, 0, 0, 0, 0, 3
0, 0, 0, 0, 0, 0, 3, 1, 1, 1
0, 0, 0, 0, 0, 0, 0, 0, 3, 1
0, 3, 3, 3, 3, 3, 3, 3, 3, 3
0, 0, 0, 0, 0, 0, 0, 0, 0, 3
0, 0, 0, 0, 0, 0, 0, 0, 0, 3
0, 0, 0, 0, 0, 3, 1, 1, 1, 1
0, 0, 0, 0, 0, 0, 0, 0, 0, 3
0, 0, 0, 0, 0, 0, 0, 0, 3, 3
0, 0, 0, 0, 0, 0, 0, 0, 3, 1
0, 0, 0, 0, 0, 0, 3, 1, 1, 1
0, 0, 0, 0, 0, 0, 0, 0, 0, 3
0, 0, 0, 0, 0, 0, 0, 0, 0, 3
0, 0, 0, 0, 0, 0, 0, 3, 1, 1
0, 0, 0, 0, 0, 0, 0, 0, 0, 3
0, 0, 0, 0, 0, 0, 0, 0, 0, 3
0, 0, 0, 0, 3, 1, 1, 1, 1, 1
0, 0, 0, 0, 0, 0, 0, 0, 0, 3
0, 0, 0, 0, 0, 0, 3, 1, 1, 1
0, 0, 0, 0, 0, 0, 0, 0, 0, 3
0, 0, 0, 0, 0, 0, 0, 0, 0, 3
0, 0, 0, 0, 0, 0, 0, 0, 0, 3
0, 0, 0, 0, 0, 0, 0, 0, 0, 3
0, 0, 0, 0, 0, 0, 0, 0, 0, 3
0, 0, 0, 0, 0, 0, 0, 0, 0, 3
0, 0, 0, 0, 0, 0, 0, 0, 0, 3
0, 0, 0, 0, 0, 0, 0, 0, 0, 3
0, 0, 0, 0, 0, 0, 0, 0, 0, 3
0, 0, 0, 0, 0, 0, 0, 0, 0, 3
0, 0, 0, 0, 0, 0, 0, 0, 0, 3
0, 0, 0, 0, 0, 3, 1, 1, 1, 1
0, 0, 3, 1, 1, 1, 1, 1, 1, 1
0, 0, 0, 0, 0, 0, 3, 1, 1, 1
0, 0, 0, 0, 0, 0, 3, 1, 1, 1
0, 0, 0, 0, 0, 0, 0, 0, 3, 1
0, 0, 0, 0, 0, 0, 0, 0, 0, 3
0, 0, 0, 0, 0, 0, 0, 0, 0, 3
0, 0, 0, 0, 0, 0, 0, 0, 0, 3
0, 0, 0, 0, 0, 0, 0, 0, 0, 3
0, 0, 0, 0, 0, 0, 0, 0, 0, 3
0, 0, 0, 0, 0, 0, 0, 0, 0, 3
0, 0, 0, 0, 0, 0, 0, 0, 0, 3
0, 0, 0, 0, 0, 0, 0, 0, 0, 3
0, 0, 0, 0, 0, 0, 0, 0, 0, 3
0, 0, 0, 0, 0, 0, 0, 0, 3, 3
0, 0, 0, 0, 0, 0, 0, 0, 0, 3
0, 0, 0, 0, 0, 0, 0, 0, 0, 3
0, 0, 0, 0, 0, 0, 0, 0, 3, 1
0, 0, 0, 3, 1, 1, 1, 1, 1, 1
0, 0, 0, 0, 0, 3, 1, 1, 1, 1
0, 0, 0, 3, 1, 1, 1, 1, 1, 1
0, 0, 0, 0, 0, 0, 0, 0, 0, 3
0, 0, 0, 0, 0, 0, 0, 0, 0, 3
0, 0, 0, 0, 0, 0, 0, 3, 1, 1
0, 0, 0, 0, 0, 0, 0, 3, 1, 1
0, 0, 0, 0, 0, 0, 0, 3, 1, 1
0, 0, 0, 0, 0, 0, 0, 3, 1, 1
0, 0, 0, 0, 0, 0, 0, 0, 3, 3
0, 0, 0, 0, 0, 0, 3, 1, 1, 1
0, 0, 0, 0, 0, 0, 3, 1, 1, 1
0, 0, 0, 0, 0, 0, 3, 1, 1, 1
0, 0, 0, 0, 0, 0, 3, 1, 1, 1
0, 0, 0, 0, 0, 0, 0, 0, 0, 3
0, 0, 0, 0, 0, 0, 0, 0, 0, 3
0, 0, 0, 0, 0, 0, 0, 0, 0, 3
0, 0, 0, 0, 0, 0, 0, 0, 0, 3
0, 0, 0, 0, 0, 0, 0, 0, 3, 1
0, 0, 0, 3, 3, 3, 3, 3, 3, 3
0, 0, 0, 0, 0, 3, 3, 3, 3, 3
0, 0, 0, 0, 0, 0, 3, 1, 1, 1
0, 0, 0, 0, 0, 0, 3, 1, 1, 1
0, 0, 0, 0, 3, 1, 1, 1, 1, 1
0, 0, 0, 0, 3, 1, 1, 1, 1, 1
0, 0, 0, 0, 3, 1, 1, 1, 1, 1
0, 0, 0, 0, 3, 1, 1, 1, 1, 1
0, 0, 0, 0, 3, 1, 1, 1, 1, 1
0, 0, 0, 0, 3, 1, 1, 1, 1, 1
0, 0, 0, 0, 0, 0, 3, 3, 3, 3
0, 0, 0, 0, 0, 0, 3, 3, 3, 3
0, 0, 0, 0, 0, 0, 3, 3, 3, 3
0, 0, 0, 0, 0, 0, 0, 0, 3, 1
0, 0, 0, 0, 0, 0, 0, 0, 3, 3
0, 0, 0, 0, 0, 0, 3, 3, 3, 3
0, 0, 0, 0, 0, 0, 3, 3, 3, 3
0, 0, 0, 0, 0, 0, 0, 0, 3, 3
0, 0, 0, 0, 0, 0, 0, 0, 3, 3
0, 0, 0, 0, 0, 0, 0, 0, 3, 3
0, 0, 0, 0, 0, 0, 3, 3, 3, 3
0, 0, 0, 0, 0, 0, 0, 0, 3, 3
0, 0, 0, 0, 0, 0, 0, 0, 3, 3
0, 0, 0, 0, 0, 0, 0, 0, 3, 3
0, 0, 0, 0, 0, 0, 0, 0, 0, 3
0, 0, 0, 0, 0, 0, 0, 0, 0, 3
0, 0, 0, 0, 0, 0, 0, 0, 0, 3
0, 0, 0, 0, 0, 0, 0, 0, 0, 3
0, 0, 0, 0, 0, 0, 0, 0, 0, 3
0, 0, 0, 0, 0, 0, 0, 0, 0, 3
0, 0, 0, 0, 0, 0, 0, 0, 0, 3
0, 0, 0, 0, 0, 0, 0, 0, 0, 3
0, 0, 0, 0, 3, 3, 3, 3, 3, 3
0, 0, 0, 0, 0, 0, 0, 0, 0, 3
0, 0, 0, 0, 0, 0, 0, 0, 0, 3
0, 0, 0, 0, 0, 0, 0, 3, 1, 1
0, 0, 0, 0, 0, 0, 0, 0, 0, 3
0, 0, 0, 0, 0, 0, 0, 0, 0, 3
0, 0, 0, 0, 0, 0, 3, 1, 1, 1
0, 0, 0, 0, 0, 3, 1, 1, 1, 1
0, 0, 0, 0, 0, 0, 0, 3, 3, 3
0, 0, 0, 0, 0, 0, 0, 0, 0, 3
0, 0, 0, 0, 0, 0, 0, 0, 0, 3
0, 0, 0, 0, 0, 3, 1, 1, 1, 1
0, 0, 0, 0, 0, 3, 1, 1, 1, 1
0, 0, 0, 0, 0, 0, 0, 0, 0, 3
0, 0, 0, 0, 0, 0, 3, 1, 1, 1
0, 0, 0, 0, 0, 0, 3, 1, 1, 1
0, 0, 0, 0, 0, 3, 1, 1, 1, 1
0, 0, 0, 0, 0, 0, 0, 0, 0, 3
0, 0, 0, 0, 0, 0, 0, 0, 3, 1
0, 0, 0, 0, 0, 0, 0, 0, 3, 3
0, 0, 0, 0, 0, 0, 0, 0, 0, 3
0, 0, 0, 0, 0, 0, 0, 0, 0, 3
0, 0, 0, 3, 1, 1, 1, 1, 1, 1
0, 0, 0, 0, 0, 0, 3, 1, 1, 1
0, 0, 0, 0, 0, 0, 3, 1, 1, 1
0, 0, 0, 0, 0, 0, 3, 1, 1, 1
0, 0, 0, 0, 0, 0, 3, 1, 1, 1
0, 0, 0, 0, 0, 0, 3, 1, 1, 1
0, 0, 0, 0, 0, 0, 3, 1, 1, 1
0, 0, 0, 0, 0, 0, 0, 0, 3, 1
0, 0, 0, 0, 0, 0, 3, 3, 3, 3
0, 0, 0, 0, 0, 0, 0, 0, 0, 3
0, 0, 0, 0, 0, 0, 0, 0, 3, 1
0, 0, 0, 0, 3, 1, 1, 1, 1, 1
0, 0, 0, 0, 3, 1, 1, 1, 1, 1
0, 0, 0, 0, 0, 0, 0, 0, 0, 3
0, 0, 0, 0, 0, 0, 3, 1, 1, 1
0, 0, 0, 0, 0, 0, 3, 1, 1, 1
0, 0, 0, 0, 0, 0, 0, 0, 0, 3
0, 0, 0, 0, 3, 1, 1, 1, 1, 1
0, 0, 0, 0, 3, 3, 3, 3, 3, 3
0, 0, 0, 0, 0, 3, 1, 1, 1, 1
0, 0, 0, 0, 0, 0, 0, 0, 0, 3
0, 0, 0, 0, 3, 3, 3, 3, 3, 3
0, 0, 0, 0, 0, 0, 0, 0, 0, 3
0, 0, 0, 0, 3, 3, 3, 3, 3, 3
0, 0, 3, 1, 1, 1, 1, 1, 1, 1
0, 0, 0, 0, 0, 0, 0, 0, 3, 1
0, 0, 0, 3, 1, 1, 1, 1, 1, 1
0, 0, 0, 0, 0, 0, 0, 0, 0, 3
0, 0, 0, 0, 0, 3, 1, 1, 1, 1
0, 0, 0, 0, 0, 0, 3, 1, 1, 1
0, 0, 0, 0, 0, 0, 0, 0, 0, 3
0, 0, 0, 0, 0, 0, 0, 3, 1, 1
0, 0, 0, 0, 0, 0, 0, 0, 3, 3
0, 0, 0, 0, 0, 3, 1, 1, 1, 1
0, 0, 0, 0, 0, 3, 1, 1, 1, 1
0, 0, 0, 3, 1, 1, 1, 1, 1, 1
0, 0, 0, 0, 3, 3, 3, 3, 3, 3
0, 0, 0, 0, 0, 0, 0, 0, 0, 3
0, 0, 0, 0, 0, 0, 0, 0, 0, 3
0, 0, 0, 0, 0, 3, 1, 1, 1, 1
0, 0, 0, 0, 0, 3, 1, 1, 1, 1
0, 0, 0, 0, 0, 3, 1, 1, 1, 1
0, 0, 0, 0, 0, 3, 1, 1, 1, 1
0, 0, 0, 0, 0, 3, 1, 1, 1, 1
0, 0, 0, 0, 0, 3, 1, 1, 1, 1
0, 0, 0, 0, 0, 3, 1, 1, 1, 1
0, 0, 0, 0, 0, 3, 1, 1, 1, 1
0, 0, 0, 0, 0, 3, 1, 1, 1, 1
0, 0, 0, 0, 0, 3, 1, 1, 1, 1
0, 0, 0, 0, 0, 3, 1, 1, 1, 1
0, 0, 0, 0, 0, 3, 1, 1, 1, 1
0, 0, 0, 0, 0, 3, 1, 1, 1, 1
0, 0, 0, 0, 0, 3, 1, 1, 1, 1
0, 0, 0, 0, 3, 1, 1, 1, 1, 1
0, 0, 0, 0, 3, 1, 1, 1, 1, 1
0, 0, 0, 0, 3, 1, 1, 1, 1, 1
0, 0, 0, 0, 3, 1, 1, 1, 1, 1
0, 0, 0, 0, 0, 0, 0, 0, 3, 1
0, 0, 0, 0, 0, 0, 0, 0, 0, 3
0, 0, 0, 0, 0, 3, 1, 1, 1, 1
0, 0, 0, 0, 0, 3, 1, 1, 1, 1
0, 0, 0, 0, 0, 3, 1, 1, 1, 1
0, 0, 0, 0, 0, 3, 1, 1, 1, 1
0, 0, 0, 0, 0, 3, 1, 1, 1, 1
0, 0, 0, 0, 0, 3, 1, 1, 1, 1
0, 0, 0, 0, 0, 3, 1, 1, 1, 1
0, 0, 0, 0, 0, 3, 1, 1, 1, 1
0, 0, 0, 0, 0, 3, 1, 1, 1, 1
0, 0, 0, 0, 0, 3, 1, 1, 1, 1
0, 0, 0, 0, 0, 3, 1, 1, 1, 1
0, 0, 0, 0, 0, 3, 1, 1, 1, 1
0, 0, 0, 0, 0, 3, 1, 1, 1, 1
0, 0, 0, 0, 0, 3, 1, 1, 1, 1
0, 0, 0, 0, 0, 3, 1, 1, 1, 1
0, 0, 0, 0, 0, 0, 0, 0, 0, 3
0, 0, 0, 0, 0, 0, 0, 0, 0, 3
0, 0, 0, 0, 0, 0, 0, 0, 0, 3
0, 0, 0, 0, 0, 0, 3, 1, 1, 1
0, 0, 0, 0, 0, 0, 3, 1, 1, 1
0, 0, 0, 0, 0, 0, 0, 0, 0, 3
0, 0, 0, 0, 0, 0, 3, 1, 1, 1
0, 0, 0, 0, 0, 0, 0, 3, 3, 3
0, 0, 0, 0, 0, 0, 0, 0, 0, 3
0, 0, 0, 0, 0, 3, 1, 1, 1, 1
0, 0, 3, 3, 1, 1, 1, 1, 1, 1
0, 0, 0, 0, 0, 0, 0, 0, 0, 3
0, 0, 0, 0, 0, 0, 0, 0, 0, 3
0, 3, 3, 3, 3, 3, 3, 3, 3, 3
0, 0, 0, 0, 0, 0, 3, 1, 1, 1
0, 0, 0, 0, 0, 0, 0, 0, 0, 3
0, 0, 0, 0, 0, 0, 3, 1, 1, 1
0, 0, 0, 0, 0, 0, 0, 0, 3, 3
0, 0, 0, 0, 0, 0, 0, 0, 0, 3
0, 0, 0, 0, 3, 1, 1, 1, 1, 1
0, 0, 3, 1, 1, 1, 1, 1, 1, 1
0, 0, 0, 0, 0, 0, 0, 0, 0, 3
0, 0, 0, 0, 0, 0, 0, 0, 0, 3
0, 0, 0, 0, 0, 0, 0, 0, 0, 3
0, 0, 0, 0, 0, 0, 0, 0, 0, 3
0, 3, 3, 3, 3, 3, 3, 3, 3, 3
0, 0, 0, 0, 3, 1, 1, 1, 1, 1
0, 0, 0, 0, 0, 3, 1, 1, 1, 1
0, 0, 0, 0, 0, 3, 1, 1, 1, 1
0, 0, 0, 0, 0, 3, 1, 1, 1, 1
0, 0, 0, 0, 0, 0, 3, 1, 1, 1
0, 0, 0, 0, 0, 0, 3, 1, 1, 1
0, 0, 0, 0, 0, 0, 3, 1, 1, 1
0, 0, 0, 0, 0, 0, 0, 3, 1, 1
0, 0, 0, 0, 0, 0, 0, 0, 0, 3
0, 0, 0, 0, 0, 0, 0, 0, 3, 1
0, 0, 0, 0, 0, 0, 0, 0, 0, 3
0, 0, 0, 0, 0, 0, 0, 3, 3, 3
0, 0, 0, 0, 0, 0, 0, 0, 3, 3
0, 0, 0, 0, 0, 0, 0, 3, 1, 1
0, 0, 0, 0, 0, 0, 0, 0, 0, 3
0, 0, 0, 0, 0, 0, 3, 1, 1, 1
0, 0, 0, 3, 1, 1, 1, 1, 1, 1
0, 0, 0, 0, 0, 0, 0, 0, 0, 3
0, 0, 0, 0, 0, 0, 0, 0, 3, 1
0, 0, 0, 0, 0, 0, 3, 1, 1, 1
0, 0, 0, 0, 0, 0, 0, 0, 3, 1
0, 0, 0, 0, 0, 0, 0, 0, 0, 3
0, 0, 0, 3, 1, 1, 1, 1, 1, 1
0, 0, 0, 3, 1, 1, 1, 1, 1, 1
0, 0, 0, 0, 0, 0, 0, 0, 0, 3
0, 0, 0, 0, 3, 1, 1, 1, 1, 1
0, 3, 3, 3, 3, 3, 3, 3, 3, 3
0, 0, 0, 0, 0, 0, 0, 0, 0, 3
0, 0, 0, 0, 0, 0, 0, 0, 3, 3
0, 0, 0, 0, 0, 0, 3, 1, 1, 1
0, 0, 0, 0, 0, 0, 0, 3, 1, 1
0, 0, 0, 3, 1, 1, 1, 1, 1, 1
0, 3, 3, 3, 3, 3, 3, 3, 3, 3
0, 0, 0, 0, 0, 0, 0, 0, 3, 3
0, 0, 0, 0, 0, 0, 0, 0, 0, 3
0, 3, 1, 1, 1, 1, 1, 1, 1, 1
0, 0, 0, 0, 0, 0, 3, 1, 1, 1
0, 3, 3, 3, 3, 3, 3, 1, 1, 1
0, 0, 3, 1, 1, 1, 1, 1, 1, 1
0, 0, 3, 1, 1, 1, 1, 1, 1, 1
0, 0, 0, 0, 0, 0, 3, 1, 1, 1
0, 0, 0, 0, 0, 0, 3, 1, 1, 1
0, 0, 0, 0, 0, 0, 3, 1, 1, 1
0, 0, 0, 0, 0, 0, 3, 1, 1, 1
0, 3, 3, 3, 3, 3, 3, 3, 3, 3
0, 3, 3, 3, 2, 2, 2, 2, 2, 2
0, 3, 1, 1, 1, 1, 1, 1, 1, 1
0, 3, 3, 3, 3, 3, 3, 3, 3, 3
0, 3, 1, 1, 1, 1, 1, 1, 1, 1
0, 3, 3, 3, 3, 3, 3, 3, 3, 3
0, 0, 0, 0, 0, 0, 0, 0, 3, 3
0, 0, 0, 0, 0, 0, 0, 0, 0, 3
0, 0, 3, 1, 1, 1, 1, 1, 1, 1
0, 0, 0, 0, 0, 0, 3, 1, 1, 1
0, 0, 0, 0, 0, 0, 0, 0, 0, 3
0, 0, 0, 0, 0, 0, 0, 0, 3, 1
0, 0, 0, 0, 0, 0, 0, 0, 0, 3
0, 0, 0, 0, 0, 0, 0, 0, 0, 3
0, 0, 0, 0, 3, 1, 1, 1, 1, 1
0, 0, 0, 0, 3, 1, 1, 1, 1, 1
0, 0, 0, 0, 3, 1, 1, 1, 1, 1
0, 0, 0, 0, 3, 1, 1, 1, 1, 1
0, 0, 0, 0, 3, 1, 1, 1, 1, 1
0, 0, 0, 0, 3, 1, 1, 1, 1, 1
0, 0, 0, 0, 3, 1, 1, 1, 1, 1
0, 0, 0, 0, 3, 1, 1, 1, 1, 1
0, 0, 0, 0, 3, 1, 1, 1, 1, 1
0, 0, 0, 0, 3, 1, 1, 1, 1, 1
0, 0, 0, 0, 3, 1, 1, 1, 1, 1
0, 0, 0, 0, 3, 1, 1, 1, 1, 1
0, 0, 0, 0, 3, 1, 1, 1, 1, 1
0, 0, 0, 0, 3, 1, 1, 1, 1, 1
0, 0, 0, 0, 3, 1, 1, 1, 1, 1
0, 0, 0, 0, 3, 1, 1, 1, 1, 1
0, 0, 0, 0, 0, 0, 0, 0, 0, 3
