0, 1188, 2640, 3960, 5280, 6600, 7920, 9240, 10560, 11880
0.001, 0.001, 0.001, 0.001, 0.470717454436, 0.61240715194, 0.610777929601, 0.616145187953, 0.476857197161, 0.378628635932
0.001, 0.001, 0.001, 0.001, 0.001, 0.0439036254449, 0.264409257782, 0.001, 0.161441811104, 0.169464850037
680.0, 577.0, 569.0, 528.0, 513.0, 474.0, 335.0, 245.0, 99.0, 0.0
0.0, 103.0, 12.0, 50.0, 22.0, 46.0, 160.0, 147.0, 218.0, 165.0
0.0, 0.0, 93.0, 96.0, 139.0, 153.0, 175.0, 252.0, 319.0, 451.0
0.0, 0.0, 6.0, 6.0, 6.0, 7.0, 7.0, 7.0, 7.0, 9.0
0.0, 0.0, 0.0, 0.0, 0.0, 0.0, 3.0, 5.0, 9.0, 10.0
0.0, 0.0, 0.0, 0.0, 0.0, 0.0, 0.0, 24.0, 28.0, 45.0
0, 0, 0, 0, 0, 0, 0, 6, 1, 1
0, 0, 0, 5, 1, 1, 1, 1, 1, 1
0, 0, 0, 5, 1, 1, 1, 1, 1, 1
0, 0, 0, 5, 1, 1, 1, 1, 1, 1
0, 0, 0, 5, 1, 1, 1, 1, 1, 1
0, 0, 0, 5, 1, 1, 1, 1, 1, 1
0, 0, 0, 5, 1, 1, 1, 1, 1, 1
0, 0, 0, 5, 1, 1, 1, 1, 1, 1
0, 0, 0, 5, 1, 1, 1, 1, 1, 1
0, 0, 0, 0, 0, 0, 0, 0, 0, 6
0, 0, 0, 0, 0, 0, 0, 0, 7, 1
0, 5, 1, 1, 1, 1, 1, 1, 1, 1
0, 0, 0, 0, 0, 0, 0, 0, 0, 6
0, 5, 1, 1, 1, 1, 1, 1, 1, 1
0, 0, 5, 5, 5, 5, 5, 5, 5, 5
0, 0, 5, 5, 5, 5, 5, 5, 5, 5
0, 0, 0, 0, 0, 0, 0, 0, 0, 6
0, 0, 0, 0, 0, 0, 0, 7, 4, 4
0, 0, 0, 0, 0, 0, 7, 1, 1, 1
0, 0, 0, 0, 0, 0, 0, 0, 6, 6
0, 0, 0, 0, 0, 6, 1, 1, 1, 1
0, 5, 1, 1, 1, 1, 1, 1, 1, 1
0, 0, 0, 0, 0, 0, 7, 4, 4, 4
0, 0, 0, 0, 0, 0, 7, 4, 4, 4
0, 0, 0, 0, 0, 0, 0, 0, 7, 1
0, 0, 0, 0, 0, 0, 7, 1, 1, 1
0, 0, 0, 0, 0, 0, 7, 7, 7, 1
0, 0, 0, 0, 0, 0, 7, 4, 4, 4
0, 0, 0, 0, 0, 0, 7, 7, 7, 1
0, 0, 0, 0, 0, 0, 7, 4, 4, 4
0, 0, 0, 0, 0, 0, 6, 6, 6, 6
0, 0, 0, 0, 0, 0, 6, 6, 3, 3
0, 0, 0, 0, 0, 0, 7, 1, 1, 1
0, 0, 0, 0, 0, 0, 7, 1, 1, 1
0, 0, 0, 0, 0, 0, 7, 4, 4, 4
0, 0, 0, 0, 0, 0, 7, 1, 1, 1
0, 0, 0, 0, 0, 0, 0, 0, 6, 1
0, 0, 0, 0, 0, 0, 7, 7, 7, 4
0, 0, 0, 0, 0, 0, 7, 7, 7, 4
0, 0, 0, 0, 0, 0, 7, 7, 7, 4
0, 0, 0, 0, 0, 0, 7, 1, 1, 1
0, 0, 0, 0, 0, 0, 0, 0, 0, 6
0, 0, 0, 0, 0, 0, 0, 0, 7, 1
0, 5, 1, 1, 1, 1, 1, 1, 1, 1
0, 0, 0, 0, 0, 0, 7, 1, 1, 1
0, 0, 0, 0, 0, 0, 0, 0, 0, 6
0, 0, 0, 0, 5, 1, 1, 1, 1, 1
0, 0, 0, 0, 5, 1, 1, 1, 1, 1
0, 0, 0, 0, 0, 0, 0, 7, 1, 1
0, 0, 0, 0, 0, 0, 0, 7, 1, 1
0, 0, 0, 0, 0, 0, 0, 6, 6, 6
0, 5, 1, 1, 1, 1, 1, 1, 1, 1
0, 0, 0, 0, 0, 0, 0, 0, 0, 6
0, 0, 0, 0, 0, 0, 0, 0, 7, 1
0, 0, 0, 0, 0, 0, 0, 6, 1, 1
0, 5, 1, 1, 1, 1, 1, 1, 1, 1
0, 5, 1, 1, 1, 1, 1, 1, 1, 1
0, 0, 0, 0, 0, 0, 0, 6, 1, 1
0, 5, 1, 1, 1, 1, 1, 1, 1, 1
0, 0, 0, 0, 0, 0, 7, 7, 7, 4
0, 0, 0, 0, 0, 0, 7, 1, 1, 1
0, 0, 0, 0, 0, 0, 0, 6, 1, 1
0, 0, 0, 0, 0, 0, 0, 6, 6, 6
0, 0, 0, 0, 0, 0, 0, 0, 7, 1
0, 0, 0, 0, 0, 0, 0, 0, 7, 1
0, 0, 0, 0, 0, 0, 7, 1, 1, 1
0, 0, 0, 0, 0, 0, 7, 1, 1, 1
0, 0, 0, 0, 0, 0, 7, 1, 1, 1
0, 0, 0, 0, 0, 0, 7, 1, 1, 1
0, 0, 0, 0, 5, 1, 1, 1, 1, 1
0, 0, 0, 0, 5, 1, 1, 1, 1, 1
0, 0, 0, 0, 5, 1, 1, 1, 1, 1
0, 0, 0, 5, 1, 1, 1, 1, 1, 1
0, 0, 0, 0, 0, 0, 7, 1, 1, 1
0, 0, 0, 0, 0, 0, 7, 1, 1, 1
0, 0, 0, 0, 0, 0, 7, 1, 1, 1
0, 0, 0, 0, 0, 0, 0, 7, 1, 1
0, 0, 0, 0, 0, 0, 0, 7, 1, 1
0, 0, 0, 0, 0, 0, 7, 7, 7, 4
0, 0, 0, 0, 0, 0, 7, 7, 7, 4
0, 0, 0, 0, 0, 6, 1, 1, 1, 1
0, 0, 0, 0, 0, 6, 1, 1, 1, 1
0, 0, 0, 0, 0, 0, 0, 0, 0, 6
0, 0, 0, 0, 0, 6, 1, 1, 1, 1
0, 0, 0, 0, 0, 0, 7, 1, 1, 1
0, 0, 0, 0, 0, 6, 1, 1, 1, 1
0, 0, 0, 0, 0, 6, 1, 1, 1, 1
0, 0, 0, 0, 0, 6, 1, 1, 1, 1
0, 0, 0, 0, 0, 0, 6, 6, 6, 6
0, 0, 0, 0, 0, 0, 7, 1, 1, 1
0, 5, 1, 1, 1, 1, 1, 1, 1, 1
0, 0, 0, 0, 0, 0, 0, 6, 6, 6
0, 0, 0, 0, 0, 0, 0, 0, 7, 1
0, 0, 0, 0, 0, 0, 0, 6, 1, 1
0, 0, 0, 0, 0, 0, 7, 7, 7, 1
0, 0, 0, 0, 0, 6, 6, 1, 1, 1
0, 0, 0, 0, 0, 0, 0, 0, 0, 6
0, 5, 1, 1, 1, 1, 1, 1, 1, 1
0, 0, 0, 0, 0, 0, 0, 6, 1, 1
0, 0, 0, 0, 0, 0, 0, 6, 6, 6
0, 0, 5, 1, 1, 1, 1, 1, 1, 1
0, 0, 0, 0, 0, 0, 0, 0, 0, 6
0, 0, 0, 0, 0, 0, 0, 0, 0, 6
0, 0, 0, 0, 0, 0, 0, 0, 0, 6
0, 0, 0, 0, 0, 0, 0, 0, 0, 6
0, 0, 0, 0, 0, 0, 0, 0, 0, 6
0, 0, 0, 0, 0, 0, 0, 0, 0, 6
0, 0, 0, 0, 0, 0, 0, 0, 0, 6
0, 5, 1, 1, 1, 1, 1, 1, 1, 1
0, 0, 0, 0, 0, 0, 0, 0, 0, 6
0, 0, 0, 0, 0, 0, 0, 6, 6, 6
0, 0, 0, 5, 1, 1, 1, 1, 1, 1
0, 0, 0, 0, 0, 0, 0, 6, 1, 1
0, 0, 0, 0, 0, 0, 5, 1, 1, 1
0, 0, 0, 0, 0, 0, 0, 0, 5, 5
0, 0, 0, 0, 0, 0, 0, 0, 0, 6
0, 0, 0, 0, 0, 0, 0, 0, 0, 6
0, 5, 1, 1, 1, 1, 1, 1, 1, 1
0, 0, 0, 0, 0, 0, 0, 0, 6, 1
0, 0, 0, 0, 0, 0, 7, 4, 4, 4
0, 0, 0, 0, 0, 6, 6, 6, 3, 3
0, 0, 0, 0, 0, 0, 0, 0, 0, 6
0, 0, 0, 0, 0, 0, 0, 6, 1, 1
0, 0, 0, 0, 0, 0, 0, 6, 1, 1
0, 5, 1, 1, 1, 1, 1, 1, 1, 1
0, 0, 0, 5, 1, 1, 1, 1, 1, 1
0, 0, 0, 0, 0, 0, 0, 0, 0, 6
0, 5, 1, 1, 1, 1, 1, 1, 1, 1
0, 0, 0, 0, 5, 1, 1, 1, 1, 1
0, 5, 1, 1, 1, 1, 1, 1, 1, 1
0, 0, 0, 0, 0, 0, 7, 1, 1, 1
0, 0, 0, 0, 0, 0, 7, 1, 1, 1
0, 0, 0, 0, 0, 0, 7, 1, 1, 1
0, 0, 0, 0, 0, 0, 7, 1, 1, 1
0, 5, 1, 1, 1, 1, 1, 1, 1, 1
0, 0, 0, 0, 0, 0, 0, 0, 7, 1
0, 5, 1, 1, 1, 1, 1, 1, 1, 1
0, 0, 0, 0, 0, 0, 0, 0, 7, 4
0, 0, 0, 0, 0, 0, 7, 1, 1, 1
0, 0, 0, 5, 1, 1, 1, 1, 1, 1
0, 0, 0, 0, 0, 0, 0, 0, 7, 1
0, 0, 0, 0, 0, 0, 0, 0, 6, 1
0, 0, 0, 0, 0, 0, 0, 0, 6, 1
0, 0, 0, 0, 0, 0, 0, 0, 7, 1
0, 0, 0, 0, 0, 0, 0, 0, 7, 1
0, 0, 0, 0, 0, 0, 0, 0, 7, 1
0, 5, 1, 1, 1, 1, 1, 1, 1, 1
0, 5, 1, 1, 1, 1, 1, 1, 1, 1
0, 0, 0, 0, 0, 0, 0, 0, 7, 1
0, 0, 0, 0, 0, 0, 0, 0, 7, 1
0, 0, 0, 0, 0, 0, 0, 0, 0, 6
0, 0, 0, 0, 0, 0, 0, 6, 1, 1
0, 5, 1, 1, 1, 1, 1, 1, 1, 1
0, 0, 0, 5, 1, 1, 1, 1, 1, 1
0, 0, 0, 0, 0, 0, 0, 0, 0, 6
0, 0, 0, 0, 0, 0, 0, 0, 7, 1
0, 0, 0, 0, 0, 0, 0, 0, 7, 1
0, 0, 0, 0, 0, 0, 7, 1, 1, 1
0, 0, 0, 0, 0, 0, 7, 4, 4, 4
0, 0, 0, 0, 0, 0, 0, 0, 7, 4
0, 0, 0, 0, 0, 0, 0, 0, 7, 1
0, 0, 0, 0, 0, 0, 0, 0, 7, 1
0, 0, 0, 0, 0, 0, 0, 7, 1, 1
0, 0, 0, 0, 0, 0, 0, 6, 1, 1
0, 0, 0, 0, 0, 0, 0, 6, 3, 3
0, 0, 0, 0, 0, 0, 0, 0, 0, 6
0, 0, 0, 0, 0, 0, 0, 0, 6, 6
0, 0, 0, 0, 0, 0, 0, 6, 6, 1
0, 0, 5, 5, 1, 1, 1, 1, 1, 1
0, 5, 1, 1, 1, 1, 1, 1, 1, 1
0, 0, 0, 0, 0, 0, 0, 0, 0, 6
0, 0, 0, 0, 0, 0, 0, 0, 0, 6
0, 5, 1, 1, 1, 1, 1, 1, 1, 1
0, 0, 0, 5, 1, 1, 1, 1, 1, 1
0, 0, 0, 0, 0, 0, 7, 7, 7, 1
0, 5, 1, 1, 1, 1, 1, 1, 1, 1
0, 0, 0, 0, 0, 0, 0, 0, 7, 1
0, 0, 0, 0, 0, 0, 7, 1, 1, 1
0, 0, 0, 0, 0, 0, 0, 6, 1, 1
0, 0, 0, 0, 0, 0, 0, 0, 0, 6
0, 0, 0, 0, 0, 6, 1, 1, 1, 1
0, 0, 0, 0, 0, 0, 0, 0, 0, 6
0, 0, 0, 0, 0, 0, 0, 0, 0, 6
0, 0, 0, 0, 0, 0, 0, 6, 1, 1
0, 0, 0, 0, 0, 6, 6, 6, 6, 6
0, 0, 0, 0, 0, 0, 0, 0, 7, 1
0, 0, 0, 0, 0, 0, 0, 0, 6, 6
0, 0, 0, 0, 0, 0, 0, 0, 0, 6
0, 0, 0, 0, 0, 6, 6, 6, 6, 6
0, 0, 0, 0, 0, 0, 0, 0, 0, 6
0, 0, 0, 0, 0, 0, 0, 6, 6, 6
0, 5, 1, 1, 1, 1, 1, 1, 1, 1
0, 0, 0, 5, 1, 1, 1, 1, 1, 1
0, 0, 0, 5, 1, 1, 1, 1, 1, 1
0, 0, 0, 5, 1, 1, 1, 1, 1, 1
0, 0, 0, 5, 1, 1, 1, 1, 1, 1
0, 0, 0, 5, 1, 1, 1, 1, 1, 1
0, 0, 0, 5, 1, 1, 1, 1, 1, 1
0, 0, 0, 5, 1, 1, 1, 1, 1, 1
0, 0, 0, 5, 1, 1, 1, 1, 1, 1
0, 0, 0, 5, 1, 1, 1, 1, 1, 1
0, 0, 0, 0, 0, 0, 0, 0, 7, 4
0, 0, 0, 0, 0, 0, 0, 6, 6, 6
0, 0, 0, 0, 0, 0, 0, 6, 6, 6
0, 0, 0, 0, 0, 0, 0, 0, 6, 6
0, 0, 0, 0, 0, 0, 0, 0, 6, 6
0, 0, 0, 0, 0, 0, 0, 0, 6, 6
0, 0, 0, 0, 0, 0, 0, 0, 0, 6
0, 0, 0, 0, 0, 0, 0, 0, 0, 6
0, 0, 0, 0, 0, 0, 0, 0, 0, 6
0, 5, 1, 1, 1, 1, 1, 1, 1, 1
0, 0, 0, 0, 0, 0, 0, 0, 0, 6
0, 0, 0, 0, 0, 0, 0, 6, 1, 1
0, 0, 0, 0, 0, 0, 0, 6, 1, 1
0, 5, 1, 1, 1, 1, 1, 1, 1, 1
0, 0, 0, 0, 0, 6, 6, 1, 1, 1
0, 0, 0, 5, 1, 1, 1, 1, 1, 1
0, 0, 5, 5, 5, 5, 5, 5, 5, 5
0, 0, 0, 0, 0, 0, 7, 1, 1, 1
0, 0, 0, 0, 0, 0, 6, 6, 1, 1
0, 0, 0, 0, 0, 0, 0, 0, 7, 1
0, 0, 0, 0, 0, 0, 0, 0, 7, 1
0, 0, 0, 0, 0, 0, 0, 0, 7, 1
0, 0, 0, 0, 0, 0, 0, 0, 6, 1
0, 0, 0, 0, 0, 0, 0, 0, 7, 1
0, 5, 1, 1, 1, 1, 1, 1, 1, 1
0, 0, 0, 0, 0, 0, 7, 1, 1, 1
0, 0, 0, 0, 0, 0, 7, 1, 1, 1
0, 0, 0, 0, 0, 0, 7, 7, 7, 1
0, 0, 0, 0, 0, 0, 0, 0, 7, 1
0, 0, 0, 0, 0, 0, 7, 7, 7, 1
0, 5, 2, 2, 2, 2, 2, 2, 2, 2
0, 0, 0, 0, 0, 0, 0, 0, 7, 1
0, 0, 0, 5, 1, 1, 1, 1, 1, 1
0, 0, 0, 0, 0, 6, 6, 6, 6, 1
0, 0, 0, 0, 0, 0, 7, 4, 4, 4
0, 0, 0, 0, 0, 0, 0, 6, 1, 1
0, 0, 0, 0, 0, 0, 0, 0, 7, 1
0, 5, 1, 1, 1, 1, 1, 1, 1, 1
0, 0, 0, 0, 0, 0, 0, 0, 0, 6
0, 0, 0, 0, 0, 0, 0, 6, 6, 1
0, 5, 1, 1, 1, 1, 1, 1, 1, 1
0, 0, 0, 5, 1, 1, 1, 1, 1, 1
0, 0, 0, 0, 0, 6, 6, 3, 3, 3
0, 0, 0, 0, 0, 0, 0, 6, 6, 6
0, 0, 0, 0, 0, 0, 0, 0, 7, 1
0, 0, 0, 0, 0, 0, 0, 0, 7, 1
0, 0, 0, 5, 1, 1, 1, 1, 1, 1
0, 0, 0, 0, 0, 0, 0, 0, 0, 6
0, 0, 0, 0, 0, 0, 0, 0, 7, 1
0, 0, 0, 0, 0, 0, 7, 1, 1, 1
0, 0, 0, 0, 0, 0, 0, 0, 6, 6
0, 0, 0, 0, 0, 0, 7, 1, 1, 1
0, 0, 0, 0, 0, 0, 6, 6, 1, 1
0, 0, 0, 0, 0, 0, 7, 1, 1, 1
0, 0, 0, 0, 0, 0, 7, 1, 1, 1
0, 0, 0, 0, 0, 0, 6, 6, 1, 1
0, 0, 0, 0, 0, 0, 6, 6, 1, 1
0, 0, 0, 0, 0, 0, 7, 1, 1, 1
0, 0, 0, 0, 0, 0, 7, 1, 1, 1
0, 0, 0, 0, 0, 0, 0, 6, 1, 1
0, 0, 0, 0, 0, 0, 0, 0, 0, 6
0, 0, 0, 0, 0, 0, 0, 0, 7, 1
0, 0, 0, 0, 0, 0, 7, 4, 4, 4
0, 0, 0, 0, 0, 0, 7, 4, 4, 4
0, 0, 0, 0, 0, 6, 6, 1, 1, 1
0, 0, 0, 0, 0, 0, 7, 1, 1, 1
0, 0, 0, 0, 0, 0, 7, 1, 1, 1
0, 0, 0, 0, 0, 0, 7, 7, 7, 1
0, 0, 0, 0, 0, 0, 0, 0, 6, 1
0, 0, 0, 0, 0, 0, 0, 0, 0, 6
0, 0, 0, 0, 0, 6, 1, 1, 1, 1
0, 0, 0, 0, 0, 6, 1, 1, 1, 1
0, 0, 0, 0, 0, 6, 1, 1, 1, 1
0, 0, 0, 0, 0, 0, 7, 1, 1, 1
0, 0, 0, 0, 0, 0, 7, 1, 1, 1
0, 0, 0, 0, 0, 0, 7, 1, 1, 1
0, 0, 0, 0, 0, 0, 7, 1, 1, 1
0, 0, 0, 0, 0, 0, 0, 0, 7, 1
0, 0, 0, 0, 0, 0, 7, 1, 1, 1
0, 0, 0, 0, 0, 0, 0, 0, 7, 1
0, 0, 0, 0, 0, 0, 0, 0, 7, 1
0, 5, 1, 1, 1, 1, 1, 1, 1, 1
0, 0, 0, 0, 0, 0, 0, 0, 0, 6
0, 0, 0, 0, 0, 0, 0, 0, 0, 6
0, 0, 0, 0, 0, 0, 0, 0, 0, 6
0, 0, 0, 0, 0, 0, 0, 0, 0, 6
0, 5, 1, 1, 1, 1, 1, 1, 1, 1
0, 5, 1, 1, 1, 1, 1, 1, 1, 1
0, 5, 1, 1, 1, 1, 1, 1, 1, 1
0, 0, 0, 0, 0, 0, 0, 0, 0, 6
0, 0, 0, 0, 0, 0, 7, 4, 4, 4
0, 0, 0, 0, 0, 0, 7, 1, 1, 1
0, 0, 0, 0, 0, 0, 0, 6, 6, 6
0, 0, 0, 0, 0, 0, 0, 0, 0, 6
0, 5, 1, 1, 1, 1, 1, 1, 1, 1
0, 5, 1, 1, 1, 1, 1, 1, 1, 1
0, 0, 0, 0, 0, 0, 0, 0, 0, 6
0, 0, 0, 0, 0, 0, 0, 0, 7, 1
0, 0, 0, 0, 0, 0, 0, 0, 7, 1
0, 0, 0, 0, 0, 0, 0, 0, 0, 6
0, 5, 1, 1, 1, 1, 1, 1, 1, 1
0, 0, 0, 0, 0, 0, 7, 1, 1, 1
0, 0, 0, 0, 0, 6, 1, 1, 1, 1
0, 0, 0, 0, 0, 0, 0, 0, 7, 1
0, 0, 0, 0, 0, 6, 6, 6, 3, 3
0, 0, 0, 0, 0, 6, 1, 1, 1, 1
0, 5, 1, 1, 1, 1, 1, 1, 1, 1
0, 0, 0, 0, 0, 0, 0, 0, 6, 6
0, 0, 0, 0, 0, 0, 6, 1, 1, 1
0, 0, 0, 0, 0, 0, 0, 6, 6, 6
0, 5, 1, 1, 1, 1, 1, 1, 1, 1
0, 0, 0, 0, 0, 0, 0, 6, 1, 1
0, 0, 0, 0, 0, 0, 0, 6, 6, 6
0, 0, 0, 0, 0, 0, 6, 6, 6, 6
0, 5, 1, 1, 1, 1, 1, 1, 1, 1
0, 5, 1, 1, 1, 1, 1, 1, 1, 1
0, 0, 0, 0, 0, 0, 0, 6, 1, 1
0, 5, 1, 1, 1, 1, 1, 1, 1, 1
0, 0, 0, 0, 0, 6, 6, 6, 6, 6
0, 0, 0, 0, 0, 6, 1, 1, 1, 1
0, 0, 0, 0, 0, 0, 0, 7, 1, 1
0, 0, 0, 0, 0, 0, 0, 6, 1, 1
0, 0, 0, 5, 1, 1, 1, 1, 1, 1
0, 5, 1, 1, 1, 1, 1, 1, 1, 1
0, 0, 0, 0, 0, 0, 0, 6, 6, 6
0, 5, 1, 1, 1, 1, 1, 1, 1, 1
0, 0, 0, 0, 0, 0, 0, 0, 7, 1
0, 5, 1, 1, 1, 1, 1, 1, 1, 1
0, 0, 0, 0, 0, 0, 0, 0, 0, 6
0, 0, 0, 0, 0, 0, 0, 0, 7, 1
0, 0, 0, 0, 5, 1, 1, 1, 1, 1
0, 0, 0, 0, 0, 0, 0, 0, 0, 6
0, 0, 0, 0, 0, 0, 0, 0, 0, 6
0, 5, 1, 1, 1, 1, 1, 1, 1, 1
0, 0, 0, 0, 0, 0, 0, 6, 1, 1
0, 0, 0, 0, 0, 0, 0, 6, 1, 1
0, 5, 1, 1, 1, 1, 1, 1, 1, 1
0, 5, 1, 1, 1, 1, 1, 1, 1, 1
0, 0, 0, 0, 0, 0, 0, 0, 0, 6
0, 5, 1, 1, 1, 1, 1, 1, 1, 1
0, 0, 0, 0, 0, 0, 0, 0, 5, 5
0, 0, 0, 0, 0, 0, 0, 0, 0, 6
0, 0, 0, 0, 0, 0, 0, 0, 7, 1
0, 0, 0, 0, 0, 0, 0, 6, 1, 1
0, 5, 1, 1, 1, 1, 1, 1, 1, 1
0, 0, 0, 0, 0, 0, 0, 0, 7, 1
0, 0, 0, 0, 0, 0, 0, 0, 7, 1
0, 0, 0, 0, 0, 0, 0, 0, 7, 1
0, 0, 0, 0, 0, 0, 0, 0, 7, 1
0, 0, 0, 0, 0, 0, 0, 0, 7, 1
0, 0, 0, 0, 0, 0, 0, 0, 7, 1
0, 0, 0, 0, 0, 0, 7, 1, 1, 1
0, 5, 2, 2, 2, 2, 2, 2, 2, 2
0, 5, 2, 2, 2, 2, 2, 2, 2, 2
0, 0, 0, 0, 0, 0, 0, 0, 6, 6
0, 5, 1, 1, 1, 1, 1, 1, 1, 1
0, 0, 0, 0, 0, 0, 0, 0, 0, 6
0, 0, 0, 0, 0, 0, 7, 1, 1, 1
0, 0, 0, 0, 0, 0, 0, 6, 1, 1
0, 5, 1, 1, 1, 1, 1, 1, 1, 1
0, 0, 0, 0, 0, 0, 0, 0, 0, 6
0, 0, 0, 0, 0, 0, 0, 0, 0, 6
0, 0, 0, 0, 0, 0, 7, 4, 4, 4
0, 5, 1, 1, 1, 1, 1, 1, 1, 1
0, 5, 1, 1, 1, 1, 1, 1, 1, 1
0, 0, 0, 0, 0, 0, 0, 0, 7, 1
0, 0, 0, 0, 0, 0, 0, 0, 7, 1
0, 0, 0, 0, 0, 0, 0, 0, 0, 6
0, 0, 0, 0, 0, 0, 0, 0, 7, 1
0, 0, 0, 0, 0, 0, 7, 1, 1, 1
0, 0, 0, 0, 0, 0, 0, 0, 7, 1
0, 0, 0, 0, 0, 0, 7, 1, 1, 1
0, 0, 0, 0, 0, 0, 0, 0, 0, 6
0, 5, 1, 1, 1, 1, 1, 1, 1, 1
0, 5, 1, 1, 1, 1, 1, 1, 1, 1
0, 0, 0, 0, 0, 0, 0, 0, 0, 6
0, 5, 1, 1, 1, 1, 1, 1, 1, 1
0, 5, 1, 1, 1, 1, 1, 1, 1, 1
0, 0, 0, 0, 0, 0, 0, 6, 1, 1
0, 0, 0, 0, 0, 0, 0, 6, 1, 1
0, 0, 0, 5, 1, 1, 1, 1, 1, 1
0, 0, 0, 0, 0, 6, 1, 1, 1, 1
0, 5, 1, 1, 1, 1, 1, 1, 1, 1
0, 5, 1, 1, 1, 1, 1, 1, 1, 1
0, 5, 1, 1, 1, 1, 1, 1, 1, 1
0, 5, 1, 1, 1, 1, 1, 1, 1, 1
0, 0, 0, 0, 0, 0, 0, 0, 7, 1
0, 5, 1, 1, 1, 1, 1, 1, 1, 1
0, 0, 0, 0, 0, 0, 0, 0, 0, 6
0, 0, 0, 0, 0, 0, 0, 0, 7, 1
0, 0, 0, 0, 0, 0, 0, 0, 7, 1
0, 0, 0, 0, 0, 0, 0, 0, 7, 1
0, 0, 0, 0, 0, 0, 0, 0, 7, 1
0, 0, 0, 0, 0, 0, 0, 0, 7, 1
0, 0, 0, 0, 0, 0, 0, 0, 6, 1
0, 0, 0, 0, 5, 1, 1, 1, 1, 1
0, 0, 0, 0, 5, 1, 1, 1, 1, 1
0, 0, 0, 0, 5, 1, 1, 1, 1, 1
0, 0, 0, 0, 5, 1, 1, 1, 1, 1
0, 0, 0, 0, 0, 0, 0, 0, 7, 1
0, 0, 0, 0, 0, 6, 1, 1, 1, 1
0, 0, 0, 0, 0, 0, 0, 6, 1, 1
0, 5, 1, 1, 1, 1, 1, 1, 1, 1
0, 0, 0, 0, 0, 0, 0, 0, 0, 6
0, 0, 0, 0, 0, 0, 0, 6, 1, 1
0, 0, 0, 0, 0, 0, 0, 0, 7, 1
0, 0, 0, 0, 0, 0, 7, 4, 4, 4
0, 0, 0, 0, 0, 0, 7, 7, 7, 1
0, 0, 0, 0, 0, 0, 0, 0, 7, 1
0, 0, 0, 0, 0, 0, 0, 0, 0, 6
0, 0, 0, 0, 0, 0, 0, 0, 0, 6
0, 0, 0, 0, 0, 0, 0, 0, 0, 6
0, 5, 1, 1, 1, 1, 1, 1, 1, 1
0, 5, 1, 1, 1, 1, 1, 1, 1, 1
0, 0, 0, 0, 0, 0, 0, 0, 7, 1
0, 0, 0, 5, 1, 1, 1, 1, 1, 1
0, 0, 0, 0, 0, 0, 0, 0, 0, 6
0, 0, 0, 0, 0, 6, 1, 1, 1, 1
0, 0, 0, 0, 0, 0, 0, 6, 1, 1
0, 0, 0, 0, 0, 0, 0, 6, 1, 1
0, 0, 0, 0, 0, 0, 0, 0, 7, 1
0, 0, 0, 0, 0, 0, 6, 6, 6, 6
0, 0, 0, 0, 0, 0, 0, 0, 7, 1
0, 5, 1, 1, 1, 1, 1, 1, 1, 1
0, 0, 0, 0, 0, 0, 0, 6, 1, 1
0, 0, 0, 0, 0, 6, 1, 1, 1, 1
0, 0, 0, 0, 0, 0, 0, 6, 1, 1
0, 0, 0, 0, 0, 6, 6, 6, 6, 6
0, 0, 0, 0, 0, 0, 6, 6, 6, 6
0, 5, 1, 1, 1, 1, 1, 1, 1, 1
0, 0, 0, 0, 0, 0, 7, 1, 1, 1
0, 0, 0, 0, 0, 0, 0, 0, 7, 1
0, 0, 0, 0, 0, 0, 0, 0, 6, 1
0, 0, 0, 0, 0, 0, 7, 7, 7, 1
0, 0, 0, 0, 0, 0, 0, 0, 7, 1
0, 0, 0, 0, 0, 0, 7, 4, 4, 4
0, 0, 0, 0, 0, 0, 0, 0, 7, 1
0, 0, 0, 0, 0, 6, 6, 6, 6, 1
0, 0, 0, 0, 0, 0, 0, 7, 1, 1
0, 0, 0, 0, 0, 0, 0, 6, 1, 1
0, 0, 0, 0, 0, 0, 7, 1, 1, 1
0, 0, 0, 0, 0, 0, 7, 1, 1, 1
0, 0, 0, 0, 0, 0, 0, 0, 6, 6
0, 0, 0, 0, 0, 0, 7, 1, 1, 1
0, 0, 0, 0, 0, 0, 0, 6, 1, 1
0, 0, 0, 0, 0, 0, 0, 0, 7, 1
0, 0, 0, 0, 0, 0, 6, 6, 6, 1
0, 0, 0, 0, 0, 0, 0, 0, 0, 6
0, 5, 2, 2, 2, 2, 2, 2, 2, 2
0, 0, 0, 0, 0, 0, 0, 0, 0, 6
0, 0, 0, 0, 0, 6, 1, 1, 1, 1
0, 0, 0, 0, 0, 0, 0, 0, 0, 6
0, 0, 0, 0, 0, 0, 0, 6, 1, 1
0, 0, 0, 0, 0, 0, 0, 0, 0, 6
0, 0, 0, 0, 0, 0, 0, 0, 0, 6
0, 0, 0, 0, 0, 0, 0, 0, 7, 1
0, 0, 0, 0, 0, 0, 0, 0, 0, 6
0, 0, 0, 0, 0, 0, 0, 0, 7, 4
0, 0, 0, 0, 0, 0, 0, 0, 6, 6
0, 0, 0, 0, 0, 0, 0, 7, 4, 4
0, 0, 0, 0, 0, 6, 3, 3, 3, 3
0, 0, 0, 0, 0, 0, 0, 0, 7, 1
0, 0, 0, 0, 0, 6, 6, 6, 6, 6
0, 5, 1, 1, 1, 1, 1, 1, 1, 1
0, 0, 0, 0, 0, 0, 7, 1, 1, 1
0, 0, 0, 0, 0, 0, 0, 0, 0, 6
0, 0, 0, 0, 0, 0, 0, 0, 7, 1
0, 0, 0, 0, 0, 0, 0, 0, 0, 6
0, 0, 0, 0, 0, 0, 0, 6, 1, 1
0, 5, 1, 1, 1, 1, 1, 1, 1, 1
0, 5, 5, 5, 5, 5, 5, 5, 5, 2
0, 0, 0, 0, 0, 0, 0, 0, 7, 1
0, 0, 0, 0, 0, 0, 0, 0, 0, 6
0, 5, 1, 1, 1, 1, 1, 1, 1, 1
0, 0, 0, 0, 0, 0, 7, 1, 1, 1
0, 0, 0, 0, 0, 0, 7, 1, 1, 1
0, 0, 0, 0, 0, 0, 6, 6, 6, 6
0, 0, 0, 0, 0, 0, 0, 0, 0, 6
0, 0, 0, 5, 1, 1, 1, 1, 1, 1
0, 5, 1, 1, 1, 1, 1, 1, 1, 1
0, 0, 0, 0, 0, 0, 0, 0, 7, 1
0, 0, 0, 0, 0, 0, 7, 1, 1, 1
0, 0, 0, 0, 0, 0, 0, 0, 7, 1
0, 0, 0, 0, 0, 0, 0, 0, 7, 1
0, 0, 0, 0, 0, 0, 0, 0, 7, 1
0, 0, 0, 0, 0, 0, 0, 0, 7, 1
0, 0, 0, 0, 0, 0, 0, 0, 7, 1
0, 0, 0, 0, 0, 0, 0, 0, 7, 1
0, 0, 0, 0, 0, 0, 0, 0, 7, 1
0, 0, 0, 0, 0, 0, 0, 0, 7, 1
0, 0, 0, 0, 0, 0, 7, 1, 1, 1
0, 0, 0, 0, 0, 0, 0, 6, 1, 1
0, 0, 0, 5, 1, 1, 1, 1, 1, 1
0, 5, 1, 1, 1, 1, 1, 1, 1, 1
0, 5, 1, 1, 1, 1, 1, 1, 1, 1
0, 0, 0, 0, 0, 0, 6, 6, 6, 6
0, 5, 1, 1, 1, 1, 1, 1, 1, 1
0, 0, 0, 0, 0, 0, 0, 0, 7, 4
0, 0, 0, 0, 0, 0, 0, 0, 7, 1
0, 0, 0, 0, 0, 0, 0, 0, 7, 1
0, 0, 0, 0, 0, 0, 0, 0, 7, 1
0, 0, 0, 0, 0, 0, 0, 0, 7, 1
0, 0, 0, 0, 0, 0, 0, 0, 7, 1
0, 0, 0, 0, 0, 0, 0, 6, 6, 6
0, 0, 0, 0, 0, 0, 0, 0, 6, 1
0, 0, 0, 0, 0, 0, 0, 0, 6, 1
0, 0, 0, 0, 0, 0, 0, 0, 7, 1
0, 0, 0, 0, 0, 0, 0, 6, 1, 1
0, 0, 0, 0, 0, 6, 3, 3, 3, 3
0, 5, 1, 1, 1, 1, 1, 1, 1, 1
0, 0, 5, 1, 1, 1, 1, 1, 1, 1
0, 0, 0, 0, 0, 0, 0, 0, 7, 4
0, 0, 0, 0, 0, 0, 0, 6, 1, 1
0, 0, 0, 0, 0, 0, 0, 0, 6, 6
0, 0, 0, 0, 0, 0, 0, 0, 7, 1
0, 0, 0, 0, 0, 0, 0, 0, 0, 6
0, 0, 0, 5, 1, 1, 1, 1, 1, 1
0, 0, 0, 5, 1, 1, 1, 1, 1, 1
0, 0, 0, 5, 1, 1, 1, 1, 1, 1
0, 0, 0, 5, 1, 1, 1, 1, 1, 1
0, 0, 0, 5, 1, 1, 1, 1, 1, 1
0, 0, 0, 5, 1, 1, 1, 1, 1, 1
0, 5, 1, 1, 1, 1, 1, 1, 1, 1
0, 0, 0, 5, 1, 1, 1, 1, 1, 1
0, 5, 1, 1, 1, 1, 1, 1, 1, 1
0, 0, 0, 0, 0, 0, 7, 1, 1, 1
0, 0, 0, 0, 0, 0, 7, 1, 1, 1
0, 0, 0, 0, 0, 0, 0, 0, 7, 1
0, 0, 0, 0, 0, 0, 0, 0, 6, 6
0, 0, 0, 0, 0, 0, 0, 0, 7, 1
0, 0, 0, 0, 0, 0, 7, 4, 4, 4
0, 0, 0, 0, 0, 0, 6, 6, 6, 6
0, 0, 0, 0, 0, 0, 7, 4, 4, 4
0, 0, 0, 0, 0, 0, 7, 7, 7, 1
0, 0, 0, 0, 0, 0, 6, 6, 6, 6
0, 0, 0, 0, 0, 0, 7, 7, 7, 1
0, 0, 0, 0, 0, 0, 6, 6, 6, 6
0, 0, 0, 0, 0, 0, 6, 6, 6, 6
0, 0, 0, 0, 0, 0, 0, 7, 4, 4
0, 0, 0, 0, 0, 0, 7, 4, 4, 4
0, 0, 0, 0, 0, 0, 7, 4, 4, 4
0, 0, 0, 0, 0, 0, 7, 7, 7, 1
0, 0, 0, 0, 0, 0, 7, 4, 4, 4
0, 0, 0, 0, 0, 0, 7, 7, 7, 1
0, 0, 0, 0, 0, 0, 7, 4, 4, 4
0, 0, 0, 0, 0, 0, 7, 4, 4, 4
0, 0, 0, 0, 0, 0, 7, 4, 4, 4
0, 0, 0, 0, 0, 0, 0, 0, 7, 1
0, 0, 0, 0, 0, 0, 0, 0, 7, 1
0, 0, 0, 0, 0, 0, 6, 6, 6, 3
0, 0, 0, 0, 0, 0, 0, 6, 1, 1
0, 0, 0, 0, 0, 0, 0, 0, 7, 4
0, 5, 1, 1, 1, 1, 1, 1, 1, 1
0, 0, 0, 0, 0, 0, 7, 1, 1, 1
0, 0, 0, 0, 0, 0, 7, 1, 1, 1
0, 5, 1, 1, 1, 1, 1, 1, 1, 1
0, 0, 0, 0, 0, 0, 0, 0, 0, 6
0, 0, 0, 0, 0, 0, 7, 1, 1, 1
0, 0, 0, 0, 0, 0, 0, 0, 0, 6
0, 5, 1, 1, 1, 1, 1, 1, 1, 1
0, 0, 0, 0, 0, 0, 0, 6, 1, 1
0, 0, 0, 0, 0, 0, 0, 0, 7, 1
0, 0, 0, 0, 0, 0, 7, 1, 1, 1
0, 0, 0, 0, 0, 0, 0, 7, 1, 1
0, 0, 0, 0, 0, 0, 7, 1, 1, 1
0, 0, 0, 0, 0, 0, 0, 0, 7, 4
0, 0, 0, 0, 0, 0, 0, 6, 6, 6
0, 0, 0, 0, 0, 0, 0, 0, 0, 6
0, 0, 0, 5, 1, 1, 1, 1, 1, 1
0, 0, 0, 0, 0, 0, 0, 0, 0, 6
0, 5, 1, 1, 1, 1, 1, 1, 1, 1
0, 0, 0, 0, 0, 0, 0, 0, 7, 1
0, 0, 0, 0, 0, 0, 0, 0, 7, 1
0, 0, 0, 0, 0, 0, 0, 0, 0, 6
0, 0, 0, 0, 0, 0, 0, 6, 1, 1
0, 0, 0, 0, 0, 0, 7, 1, 1, 1
0, 5, 1, 1, 1, 1, 1, 1, 1, 1
0, 0, 0, 0, 0, 0, 0, 6, 1, 1
0, 0, 0, 0, 0, 0, 7, 1, 1, 1
0, 0, 0, 0, 0, 0, 0, 0, 0, 6
0, 0, 0, 0, 0, 0, 0, 0, 7, 1
0, 0, 0, 0, 0, 0, 0, 0, 7, 1
0, 0, 0, 0, 0, 0, 0, 6, 1, 1
0, 0, 0, 0, 5, 1, 1, 1, 1, 1
0, 0, 0, 0, 0, 0, 0, 0, 0, 6
0, 5, 5, 5, 5, 5, 1, 0, 5, 2
0, 0, 0, 0, 0, 0, 0, 0, 7, 1
0, 0, 0, 0, 0, 0, 0, 0, 7, 1
0, 0, 0, 0, 0, 0, 0, 0, 6, 6
0, 0, 0, 0, 0, 0, 7, 1, 1, 1
0, 0, 0, 0, 0, 6, 6, 6, 6, 6
0, 0, 0, 0, 0, 6, 1, 1, 1, 1
0, 0, 0, 0, 0, 0, 6, 3, 3, 3
0, 0, 0, 0, 0, 0, 0, 0, 0, 6
0, 0, 0, 0, 0, 0, 0, 0, 0, 6
0, 0, 0, 0, 0, 6, 6, 6, 6, 6
0, 0, 0, 0, 0, 0, 0, 0, 6, 6
0, 5, 1, 1, 1, 1, 1, 1, 1, 1
0, 0, 0, 0, 0, 0, 0, 0, 0, 6
0, 0, 0, 0, 0, 0, 0, 6, 1, 1
0, 0, 0, 0, 0, 0, 0, 0, 6, 6
0, 0, 0, 0, 0, 0, 0, 0, 0, 6
0, 0, 0, 0, 0, 0, 7, 1, 1, 1
0, 0, 0, 0, 0, 6, 3, 3, 3, 3
0, 0, 0, 0, 0, 0, 0, 6, 1, 1
0, 5, 1, 1, 1, 1, 1, 1, 1, 1
0, 0, 0, 0, 0, 0, 0, 7, 4, 4
0, 0, 0, 0, 0, 0, 0, 0, 0, 6
0, 0, 0, 0, 0, 0, 6, 6, 6, 6
0, 0, 0, 0, 0, 0, 0, 0, 7, 1
0, 0, 0, 0, 0, 0, 0, 0, 6, 6
0, 0, 0, 0, 0, 0, 0, 0, 7, 1
0, 5, 1, 1, 1, 1, 1, 1, 1, 1
0, 5, 1, 1, 1, 1, 1, 1, 1, 1
0, 0, 0, 0, 0, 0, 0, 0, 0, 6
0, 0, 0, 0, 0, 0, 0, 6, 1, 1
0, 5, 1, 1, 1, 1, 1, 1, 1, 1
0, 5, 1, 1, 1, 1, 1, 1, 1, 1
0, 0, 5, 5, 5, 5, 5, 5, 5, 5
0, 0, 0, 0, 0, 0, 0, 0, 0, 6
0, 0, 0, 0, 0, 0, 7, 1, 1, 1
0, 0, 0, 0, 0, 0, 0, 6, 6, 6
0, 0, 0, 0, 0, 0, 0, 6, 1, 1
0, 0, 0, 0, 0, 0, 0, 0, 7, 4
0, 0, 0, 0, 0, 0, 0, 6, 6, 6
0, 0, 0, 0, 0, 0, 0, 6, 1, 1
0, 0, 0, 0, 0, 0, 0, 6, 1, 1
0, 0, 0, 0, 0, 0, 0, 0, 0, 6
0, 0, 0, 0, 0, 0, 7, 1, 1, 1
0, 5, 5, 5, 1, 0, 6, 6, 6, 6
0, 0, 0, 0, 0, 6, 1, 1, 1, 1
0, 0, 0, 0, 0, 0, 0, 0, 0, 6
0, 0, 0, 0, 0, 0, 0, 0, 0, 6
0, 0, 0, 0, 0, 0, 0, 0, 7, 1
0, 0, 0, 0, 5, 1, 1, 1, 1, 1
0, 0, 0, 0, 0, 0, 7, 1, 1, 1
0, 0, 0, 0, 0, 0, 7, 1, 1, 1
0, 0, 0, 0, 0, 0, 0, 0, 0, 6
0, 0, 0, 0, 0, 0, 0, 6, 6, 6
0, 0, 0, 0, 0, 0, 7, 4, 4, 4
0, 0, 0, 0, 0, 0, 0, 6, 6, 6
0, 0, 0, 0, 0, 0, 0, 0, 7, 1
0, 0, 0, 0, 0, 0, 0, 6, 1, 1
0, 0, 0, 0, 0, 0, 0, 0, 0, 6
0, 0, 0, 0, 0, 0, 0, 0, 0, 6
0, 0, 0, 0, 0, 0, 0, 0, 7, 1
0, 0, 0, 0, 0, 0, 0, 6, 1, 1
0, 0, 0, 0, 0, 0, 0, 6, 6, 6
0, 0, 0, 0, 0, 6, 6, 6, 6, 6
0, 0, 0, 0, 0, 0, 7, 4, 4, 4
0, 0, 0, 0, 0, 0, 0, 0, 6, 6
0, 0, 0, 0, 0, 0, 0, 0, 0, 6
0, 0, 0, 0, 0, 0, 7, 1, 1, 1
0, 5, 1, 1, 1, 1, 1, 1, 1, 1
0, 5, 2, 2, 2, 2, 2, 2, 2, 2
0, 0, 0, 0, 0, 0, 7, 1, 1, 1
0, 0, 0, 0, 0, 0, 7, 1, 1, 1
0, 0, 0, 0, 5, 1, 1, 1, 1, 1
0, 0, 0, 0, 0, 0, 0, 0, 0, 6
0, 0, 0, 0, 0, 0, 0, 0, 0, 6
0, 0, 0, 0, 5, 1, 1, 1, 1, 1
0, 5, 1, 1, 1, 1, 1, 1, 1, 1
0, 5, 1, 1, 1, 1, 1, 1, 1, 1
0, 0, 0, 0, 0, 0, 0, 7, 1, 1
0, 5, 2, 2, 2, 2, 2, 2, 2, 2
0, 5, 5, 5, 5, 2, 2, 2, 2, 2
0, 0, 5, 1, 1, 1, 1, 1, 1, 1
0, 0, 0, 0, 0, 0, 0, 0, 0, 6
0, 0, 0, 5, 1, 1, 1, 1, 1, 1
0, 0, 0, 0, 0, 0, 0, 7, 1, 1
0, 5, 1, 1, 1, 1, 1, 1, 1, 1
0, 5, 1, 1, 1, 1, 1, 1, 1, 1
0, 0, 0, 0, 0, 0, 0, 0, 0, 6
0, 0, 0, 0, 0, 0, 0, 0, 7, 4
0, 0, 0, 0, 0, 0, 0, 6, 1, 1
0, 0, 0, 0, 0, 0, 0, 0, 6, 1
0, 0, 0, 0, 0, 0, 0, 0, 7, 1
0, 0, 0, 0, 0, 0, 0, 6, 6, 6
0, 0, 0, 0, 0, 0, 0, 0, 7, 4
