0, 1188, 2640, 3960, 5280, 6600, 7920, 10560, 11880
0.001, 0.24402915308, 0.48705830616, 0.581693384289, 0.685645515168, 0.815137535846, 0.801987123646, 0.713731932933, 0.589680207156
0.001, 0.0803811370348, 0.15976227407, 0.001, 0.175136120855, 0.174500969495, 0.198012876354, 0.286268067067, 0.410319792844
796.0, 770.0, 735.0, 601.0, 543.0, 436.0, 342.0, 249.0, 0.0
0.0, 26.0, 40.0, 150.0, 74.0, 117.0, 110.0, 138.0, 338.0
0.0, 0.0, 18.0, 34.0, 166.0, 226.0, 321.0, 376.0, 416.0
0.0, 0.0, 3.0, 3.0, 3.0, 5.0, 6.0, 6.0, 6.0
0.0, 0.0, 0.0, 5.0, 6.0, 7.0, 8.0, 15.0, 21.0
0.0, 0.0, 0.0, 3.0, 4.0, 5.0, 9.0, 12.0, 15.0
0, 0, 0, 6, 1, 1, 1, 1, 1
0, 0, 0, 0, 0, 0, 0, 0, 6
0, 0, 0, 0, 0, 0, 0, 0, 6
0, 0, 0, 0, 0, 0, 0, 0, 6
0, 0, 0, 7, 1, 1, 1, 1, 1
0, 0, 0, 0, 0, 0, 0, 0, 6
0, 0, 0, 0, 0, 0, 0, 0, 6
0, 0, 0, 0, 0, 0, 0, 0, 6
0, 0, 0, 0, 0, 0, 0, 0, 6
0, 0, 0, 0, 0, 0, 0, 0, 6
0, 0, 0, 0, 0, 0, 0, 0, 6
0, 0, 0, 0, 0, 0, 0, 0, 6
0, 0, 0, 0, 0, 0, 0, 0, 6
0, 0, 0, 0, 0, 0, 0, 0, 6
0, 0, 0, 0, 0, 0, 0, 0, 6
0, 0, 0, 0, 0, 0, 6, 6, 6
0, 0, 0, 0, 0, 0, 0, 6, 6
0, 0, 0, 0, 0, 0, 6, 6, 6
0, 0, 0, 0, 0, 0, 6, 6, 6
0, 0, 0, 0, 0, 0, 6, 6, 6
0, 0, 0, 0, 0, 0, 0, 0, 6
0, 0, 0, 0, 0, 0, 0, 0, 6
0, 0, 0, 0, 0, 0, 6, 6, 6
0, 0, 0, 0, 0, 0, 0, 0, 6
0, 0, 0, 0, 0, 0, 0, 0, 6
0, 0, 0, 0, 0, 0, 0, 0, 6
0, 0, 0, 0, 0, 0, 0, 0, 6
0, 0, 0, 0, 0, 0, 0, 0, 6
0, 0, 0, 0, 0, 0, 0, 0, 6
0, 0, 0, 0, 0, 0, 0, 0, 6
0, 0, 0, 0, 0, 0, 0, 0, 6
0, 0, 0, 0, 0, 0, 0, 0, 6
0, 0, 0, 0, 0, 0, 0, 0, 6
0, 0, 0, 0, 0, 0, 0, 7, 1
0, 0, 0, 0, 0, 0, 7, 1, 1
0, 0, 0, 0, 0, 0, 0, 0, 6
0, 0, 0, 6, 1, 1, 1, 1, 1
0, 0, 0, 0, 0, 0, 0, 0, 6
0, 0, 0, 0, 0, 0, 0, 5, 5
0, 0, 0, 7, 1, 1, 1, 1, 1
0, 0, 0, 0, 0, 0, 7, 1, 1
0, 0, 0, 0, 0, 0, 7, 1, 1
0, 0, 0, 0, 0, 0, 0, 5, 1
0, 0, 0, 0, 7, 1, 1, 1, 1
0, 0, 0, 0, 0, 0, 7, 1, 1
0, 0, 0, 0, 0, 0, 0, 6, 3
0, 0, 0, 7, 1, 1, 1, 1, 1
0, 0, 0, 7, 1, 1, 1, 1, 1
0, 0, 0, 0, 0, 7, 1, 1, 1
0, 0, 0, 0, 0, 7, 1, 1, 1
0, 0, 0, 0, 0, 7, 1, 1, 1
0, 0, 0, 0, 0, 0, 0, 0, 6
0, 0, 0, 0, 0, 0, 0, 0, 6
0, 0, 0, 0, 0, 7, 1, 1, 1
0, 0, 0, 0, 0, 0, 0, 0, 6
0, 0, 0, 0, 0, 0, 0, 0, 6
0, 0, 0, 0, 0, 0, 0, 0, 6
0, 0, 0, 0, 0, 0, 0, 0, 6
0, 0, 0, 0, 0, 0, 0, 0, 6
0, 0, 0, 0, 0, 0, 0, 0, 6
0, 0, 0, 0, 0, 6, 6, 1, 1
0, 0, 0, 7, 1, 1, 1, 1, 1
0, 0, 0, 0, 0, 0, 0, 0, 6
0, 0, 0, 0, 0, 0, 7, 7, 1
0, 0, 0, 0, 0, 0, 6, 6, 6
0, 0, 0, 0, 0, 0, 7, 1, 1
0, 0, 7, 1, 1, 1, 1, 1, 1
0, 0, 0, 0, 0, 7, 1, 1, 1
0, 0, 0, 0, 0, 7, 1, 1, 1
0, 0, 0, 0, 0, 7, 1, 1, 1
0, 0, 0, 0, 0, 7, 1, 1, 1
0, 0, 6, 6, 6, 6, 6, 1, 1
0, 0, 0, 0, 0, 7, 1, 1, 1
0, 0, 0, 0, 0, 7, 1, 1, 1
0, 0, 0, 0, 0, 7, 1, 1, 1
0, 0, 0, 0, 0, 7, 1, 1, 1
0, 0, 0, 0, 0, 7, 1, 1, 1
0, 0, 0, 6, 6, 6, 6, 1, 1
0, 0, 0, 0, 0, 7, 1, 1, 1
0, 0, 0, 0, 0, 7, 1, 1, 1
0, 0, 0, 0, 0, 7, 1, 1, 1
0, 0, 0, 0, 0, 7, 1, 1, 1
0, 0, 0, 0, 0, 7, 1, 1, 1
0, 0, 0, 0, 0, 7, 1, 1, 1
0, 0, 0, 0, 0, 7, 1, 1, 1
0, 0, 0, 0, 0, 7, 1, 1, 1
0, 0, 0, 0, 0, 7, 1, 1, 1
0, 0, 0, 0, 0, 7, 1, 1, 1
0, 0, 0, 0, 0, 7, 1, 1, 1
0, 0, 0, 0, 0, 7, 1, 1, 1
0, 0, 0, 0, 0, 7, 1, 1, 1
0, 0, 0, 0, 0, 7, 1, 1, 1
0, 0, 0, 0, 0, 7, 1, 1, 1
0, 0, 6, 6, 1, 1, 1, 1, 1
0, 0, 6, 6, 1, 1, 1, 1, 1
0, 0, 0, 6, 1, 1, 1, 1, 1
0, 0, 7, 1, 1, 1, 1, 1, 1
0, 0, 7, 1, 1, 1, 1, 1, 1
0, 0, 0, 0, 0, 0, 7, 7, 1
0, 0, 0, 6, 1, 1, 1, 1, 1
0, 0, 0, 6, 1, 1, 1, 1, 1
0, 0, 0, 6, 1, 1, 1, 1, 1
0, 0, 0, 6, 1, 1, 1, 1, 1
0, 0, 0, 0, 0, 7, 1, 1, 1
0, 0, 0, 7, 1, 1, 1, 1, 1
0, 0, 0, 0, 0, 0, 0, 0, 6
0, 0, 0, 0, 0, 0, 0, 0, 6
0, 0, 0, 0, 0, 0, 0, 0, 6
0, 0, 0, 0, 0, 0, 0, 0, 6
0, 0, 0, 0, 0, 0, 0, 6, 6
0, 0, 0, 0, 0, 0, 0, 0, 6
0, 0, 0, 0, 0, 0, 0, 6, 3
0, 0, 0, 0, 0, 0, 0, 0, 6
0, 5, 1, 1, 1, 1, 1, 1, 1
0, 0, 0, 0, 0, 0, 0, 0, 6
0, 0, 0, 7, 1, 1, 1, 1, 1
0, 0, 0, 7, 1, 1, 1, 1, 1
0, 0, 0, 0, 0, 0, 0, 0, 6
0, 0, 0, 0, 6, 6, 6, 6, 6
0, 0, 0, 0, 0, 7, 1, 1, 1
0, 0, 0, 0, 7, 1, 1, 1, 1
0, 0, 0, 0, 0, 0, 0, 6, 6
0, 0, 0, 7, 1, 1, 1, 1, 1
0, 0, 0, 7, 1, 1, 1, 1, 1
0, 0, 0, 0, 0, 0, 7, 1, 1
0, 0, 0, 0, 0, 7, 1, 1, 1
0, 0, 0, 7, 1, 1, 1, 1, 1
0, 0, 0, 0, 7, 1, 1, 1, 1
0, 0, 0, 0, 7, 1, 1, 1, 1
0, 0, 0, 0, 7, 1, 1, 1, 1
0, 0, 0, 0, 7, 1, 1, 1, 1
0, 0, 0, 0, 7, 1, 1, 1, 1
0, 0, 0, 0, 7, 1, 1, 1, 1
0, 0, 0, 0, 7, 1, 1, 1, 1
0, 0, 0, 0, 7, 1, 1, 1, 1
0, 0, 0, 0, 7, 1, 1, 1, 1
0, 0, 0, 0, 7, 1, 1, 1, 1
0, 0, 0, 0, 7, 1, 1, 1, 1
0, 0, 0, 0, 7, 1, 1, 1, 1
0, 0, 0, 0, 7, 1, 1, 1, 1
0, 0, 0, 0, 7, 1, 1, 1, 1
0, 0, 0, 0, 7, 1, 1, 1, 1
0, 0, 0, 0, 7, 1, 1, 1, 1
0, 0, 0, 0, 7, 1, 1, 1, 1
0, 0, 0, 0, 0, 0, 6, 1, 1
0, 0, 0, 0, 0, 7, 1, 1, 1
0, 0, 0, 7, 1, 1, 1, 1, 1
0, 0, 0, 0, 0, 7, 1, 1, 1
0, 0, 0, 0, 0, 7, 1, 1, 1
0, 0, 0, 0, 0, 0, 0, 0, 6
0, 0, 0, 0, 0, 0, 7, 1, 1
0, 0, 0, 7, 1, 1, 1, 1, 1
0, 0, 0, 0, 0, 7, 1, 1, 1
0, 0, 0, 6, 1, 1, 1, 1, 1
0, 0, 0, 6, 1, 1, 1, 1, 1
0, 0, 0, 6, 1, 1, 1, 1, 1
0, 0, 0, 6, 1, 1, 1, 1, 1
0, 0, 0, 7, 1, 1, 1, 1, 1
0, 0, 0, 0, 0, 0, 0, 0, 6
0, 0, 0, 0, 0, 0, 0, 0, 6
0, 0, 0, 0, 0, 0, 0, 0, 6
0, 0, 0, 0, 0, 0, 0, 6, 6
0, 0, 0, 0, 0, 0, 0, 0, 6
0, 0, 0, 0, 0, 0, 0, 0, 6
0, 0, 0, 0, 0, 0, 0, 0, 6
0, 0, 0, 0, 0, 0, 0, 0, 6
0, 0, 0, 0, 0, 0, 0, 6, 6
0, 0, 0, 0, 0, 0, 0, 6, 6
0, 0, 0, 0, 0, 0, 0, 0, 6
0, 0, 0, 0, 0, 0, 0, 0, 6
0, 0, 0, 0, 0, 0, 0, 6, 6
0, 0, 0, 0, 0, 7, 1, 1, 1
0, 0, 0, 0, 0, 0, 0, 6, 6
0, 0, 0, 6, 1, 1, 1, 1, 1
0, 0, 0, 6, 1, 1, 1, 1, 1
0, 0, 0, 0, 0, 0, 0, 6, 6
0, 0, 0, 0, 0, 0, 0, 6, 6
0, 0, 0, 0, 0, 0, 0, 0, 6
0, 0, 0, 0, 0, 0, 0, 6, 6
0, 0, 0, 0, 0, 0, 0, 6, 6
0, 0, 0, 0, 0, 0, 0, 6, 6
0, 0, 0, 0, 0, 0, 0, 0, 6
0, 0, 0, 0, 0, 0, 0, 6, 6
0, 0, 0, 7, 1, 1, 1, 1, 1
0, 0, 0, 6, 1, 1, 1, 1, 1
0, 0, 0, 0, 0, 0, 7, 1, 1
0, 0, 0, 0, 0, 0, 0, 0, 6
0, 0, 0, 0, 0, 7, 1, 1, 1
0, 0, 0, 0, 0, 0, 0, 0, 6
0, 0, 0, 0, 0, 0, 7, 1, 1
0, 0, 0, 0, 0, 0, 0, 0, 6
0, 0, 0, 0, 0, 0, 0, 7, 1
0, 0, 0, 0, 0, 0, 0, 7, 1
0, 0, 0, 0, 0, 0, 0, 0, 6
0, 0, 0, 0, 0, 0, 6, 6, 6
0, 0, 0, 0, 0, 0, 7, 1, 1
0, 0, 0, 0, 0, 0, 0, 0, 6
0, 0, 0, 0, 0, 0, 0, 0, 6
0, 0, 0, 0, 0, 0, 0, 0, 6
0, 0, 0, 0, 0, 0, 0, 0, 6
0, 0, 0, 0, 0, 0, 0, 0, 6
0, 0, 0, 0, 0, 7, 1, 1, 1
0, 0, 0, 0, 7, 1, 1, 1, 1
0, 0, 0, 7, 1, 1, 1, 1, 1
0, 0, 0, 7, 1, 1, 1, 1, 1
0, 0, 0, 7, 1, 1, 1, 1, 1
0, 0, 0, 6, 1, 1, 1, 1, 1
0, 0, 6, 6, 6, 6, 6, 6, 3
0, 0, 0, 0, 0, 7, 1, 1, 1
0, 0, 0, 0, 0, 7, 1, 1, 1
0, 0, 0, 7, 1, 1, 1, 1, 1
0, 0, 0, 7, 1, 1, 1, 1, 1
0, 5, 1, 1, 1, 1, 1, 1, 1
0, 0, 0, 0, 0, 0, 0, 6, 6
0, 0, 0, 7, 1, 1, 1, 1, 1
0, 0, 0, 6, 1, 1, 1, 1, 1
0, 0, 0, 0, 0, 6, 6, 3, 3
0, 0, 0, 0, 0, 0, 7, 1, 1
0, 0, 0, 0, 7, 1, 1, 1, 1
0, 0, 0, 0, 0, 0, 0, 0, 6
0, 0, 0, 0, 0, 0, 6, 6, 6
0, 5, 1, 1, 1, 1, 1, 1, 1
0, 0, 0, 0, 7, 1, 1, 1, 1
0, 0, 0, 0, 0, 0, 0, 5, 5
0, 0, 0, 0, 0, 0, 0, 0, 6
0, 0, 0, 0, 0, 0, 0, 0, 6
0, 0, 0, 0, 0, 0, 0, 0, 6
0, 0, 0, 0, 0, 7, 1, 1, 1
0, 0, 0, 0, 0, 0, 0, 0, 6
0, 0, 0, 0, 0, 7, 1, 1, 1
0, 5, 1, 1, 1, 1, 1, 1, 1
0, 5, 1, 1, 1, 1, 1, 1, 1
0, 0, 0, 7, 1, 1, 1, 1, 1
0, 0, 0, 0, 7, 1, 1, 1, 1
0, 0, 0, 0, 0, 0, 0, 0, 6
0, 0, 0, 0, 0, 0, 0, 0, 6
0, 0, 0, 0, 0, 0, 7, 1, 1
0, 0, 0, 0, 7, 1, 1, 1, 1
0, 0, 0, 0, 0, 7, 1, 1, 1
0, 5, 1, 1, 1, 1, 1, 1, 1
0, 0, 0, 7, 1, 1, 1, 1, 1
0, 0, 0, 0, 0, 0, 0, 0, 6
0, 0, 0, 0, 0, 0, 0, 7, 1
0, 0, 0, 0, 0, 0, 0, 0, 6
0, 0, 0, 0, 0, 0, 0, 0, 6
0, 0, 0, 7, 1, 1, 1, 1, 1
0, 0, 0, 0, 6, 6, 6, 1, 1
0, 0, 0, 0, 0, 0, 0, 6, 6
0, 0, 6, 1, 1, 1, 1, 1, 1
0, 0, 0, 0, 0, 0, 0, 0, 6
0, 0, 0, 7, 1, 1, 1, 1, 1
0, 0, 0, 0, 0, 0, 7, 1, 1
0, 0, 0, 0, 0, 0, 0, 0, 6
0, 0, 0, 0, 0, 0, 0, 0, 6
0, 0, 0, 0, 0, 0, 0, 0, 6
0, 0, 0, 0, 0, 0, 0, 0, 6
0, 0, 0, 0, 0, 0, 0, 0, 6
0, 0, 0, 0, 0, 0, 0, 0, 6
0, 0, 0, 0, 0, 0, 0, 0, 6
0, 0, 0, 0, 0, 0, 0, 6, 6
0, 0, 0, 7, 1, 1, 1, 1, 1
0, 0, 0, 0, 0, 7, 1, 1, 1
0, 0, 0, 0, 0, 0, 7, 1, 1
0, 0, 0, 0, 0, 0, 0, 0, 6
0, 0, 0, 0, 0, 0, 0, 6, 6
0, 0, 0, 0, 0, 0, 0, 6, 6
0, 0, 0, 0, 0, 0, 0, 6, 6
0, 0, 0, 0, 0, 0, 0, 6, 6
0, 0, 0, 0, 0, 0, 0, 0, 6
0, 0, 0, 0, 0, 0, 0, 0, 6
0, 0, 0, 0, 0, 0, 0, 0, 6
0, 0, 0, 0, 0, 0, 0, 0, 6
0, 0, 0, 0, 0, 0, 0, 7, 1
0, 0, 0, 0, 0, 0, 0, 7, 1
0, 0, 0, 0, 0, 0, 0, 7, 1
0, 0, 0, 0, 0, 0, 0, 0, 6
0, 0, 0, 0, 0, 0, 0, 6, 6
0, 0, 0, 0, 0, 0, 0, 0, 6
0, 0, 0, 0, 0, 0, 0, 0, 6
0, 0, 0, 0, 0, 0, 0, 6, 6
0, 0, 0, 0, 0, 0, 0, 6, 6
0, 0, 0, 0, 0, 0, 0, 0, 6
0, 0, 0, 0, 0, 0, 0, 0, 6
0, 0, 0, 0, 0, 0, 7, 1, 1
0, 0, 0, 0, 0, 7, 4, 4, 4
0, 0, 0, 0, 7, 1, 1, 1, 1
0, 0, 0, 6, 1, 1, 1, 1, 1
0, 0, 0, 0, 0, 0, 0, 0, 6
0, 0, 0, 0, 0, 0, 0, 0, 6
0, 0, 0, 0, 0, 0, 0, 0, 6
0, 0, 7, 4, 4, 4, 4, 4, 4
0, 0, 0, 0, 0, 7, 1, 1, 1
0, 0, 0, 0, 0, 0, 7, 1, 1
0, 0, 0, 0, 7, 1, 1, 1, 1
0, 0, 0, 0, 0, 0, 0, 0, 6
0, 0, 6, 6, 1, 1, 1, 1, 1
0, 0, 0, 6, 1, 1, 1, 1, 1
0, 0, 7, 1, 1, 1, 1, 1, 1
0, 0, 7, 1, 1, 1, 1, 1, 1
0, 0, 7, 1, 1, 1, 1, 1, 1
0, 0, 0, 0, 0, 7, 1, 1, 1
0, 0, 0, 0, 0, 7, 1, 1, 1
0, 0, 0, 6, 1, 1, 1, 1, 1
0, 0, 0, 6, 1, 1, 1, 1, 1
0, 0, 0, 6, 1, 1, 1, 1, 1
0, 0, 0, 6, 1, 1, 1, 1, 1
0, 0, 0, 6, 1, 1, 1, 1, 1
0, 0, 0, 0, 0, 7, 1, 1, 1
0, 0, 0, 0, 0, 7, 1, 1, 1
0, 0, 0, 7, 1, 1, 1, 1, 1
0, 0, 0, 0, 0, 0, 0, 0, 6
0, 0, 0, 0, 0, 0, 0, 0, 6
0, 0, 0, 0, 0, 0, 6, 6, 6
0, 0, 0, 0, 0, 0, 6, 6, 6
0, 0, 0, 0, 0, 6, 6, 6, 6
0, 0, 0, 0, 0, 0, 0, 0, 6
0, 0, 0, 0, 0, 0, 0, 0, 6
0, 0, 0, 0, 0, 0, 6, 6, 6
0, 0, 0, 0, 0, 0, 7, 1, 1
0, 0, 0, 0, 0, 0, 0, 0, 6
0, 0, 0, 0, 0, 0, 0, 0, 6
0, 0, 0, 0, 0, 0, 0, 0, 6
0, 0, 0, 0, 0, 0, 0, 0, 6
0, 0, 0, 0, 0, 0, 0, 0, 6
0, 0, 0, 0, 0, 0, 7, 1, 1
0, 0, 0, 0, 0, 0, 6, 6, 6
0, 0, 0, 0, 0, 0, 0, 0, 6
0, 0, 0, 0, 0, 0, 0, 0, 6
0, 0, 0, 0, 0, 0, 0, 0, 6
0, 0, 0, 0, 0, 0, 0, 0, 6
0, 0, 0, 0, 0, 0, 0, 0, 6
0, 0, 0, 0, 0, 0, 7, 1, 1
0, 0, 0, 0, 0, 0, 0, 0, 6
0, 0, 0, 0, 0, 0, 0, 0, 6
0, 0, 0, 0, 0, 0, 6, 6, 6
0, 0, 0, 0, 0, 0, 0, 0, 6
0, 0, 0, 0, 0, 0, 0, 0, 6
0, 0, 0, 0, 0, 0, 7, 1, 1
0, 0, 0, 0, 0, 0, 0, 0, 6
0, 0, 0, 0, 0, 0, 0, 0, 6
0, 0, 0, 0, 0, 0, 0, 0, 6
0, 0, 7, 4, 4, 4, 4, 4, 4
0, 0, 0, 0, 0, 0, 7, 1, 1
0, 0, 0, 0, 0, 0, 0, 7, 1
0, 0, 7, 1, 1, 1, 1, 1, 1
0, 5, 5, 1, 0, 5, 2, 2, 2
0, 0, 0, 0, 0, 7, 1, 1, 1
0, 0, 0, 0, 0, 7, 1, 1, 1
0, 0, 0, 0, 0, 0, 0, 5, 5
0, 0, 0, 0, 0, 0, 0, 5, 1
0, 0, 0, 0, 0, 0, 0, 5, 1
0, 0, 0, 0, 0, 0, 0, 0, 6
0, 0, 0, 0, 0, 0, 6, 6, 6
0, 0, 0, 0, 0, 0, 0, 0, 6
0, 0, 0, 0, 0, 7, 1, 1, 1
0, 0, 0, 0, 7, 1, 1, 1, 1
0, 0, 0, 0, 0, 0, 0, 0, 6
0, 5, 1, 1, 1, 1, 1, 1, 1
0, 0, 0, 0, 0, 7, 1, 1, 1
0, 0, 0, 0, 0, 0, 0, 0, 6
0, 0, 0, 0, 0, 0, 6, 1, 1
0, 0, 0, 0, 0, 0, 7, 1, 1
0, 0, 0, 6, 1, 1, 1, 1, 1
0, 0, 0, 0, 0, 7, 1, 1, 1
0, 0, 0, 0, 0, 7, 1, 1, 1
0, 0, 0, 0, 0, 0, 0, 6, 3
0, 0, 0, 7, 1, 1, 1, 1, 1
0, 0, 0, 0, 0, 7, 1, 1, 1
0, 0, 0, 7, 1, 1, 1, 1, 1
0, 0, 0, 0, 0, 0, 0, 7, 1
0, 5, 1, 1, 1, 1, 1, 1, 1
0, 0, 0, 0, 0, 7, 1, 1, 1
0, 0, 0, 0, 0, 7, 1, 1, 1
0, 0, 0, 0, 7, 1, 1, 1, 1
0, 0, 0, 0, 0, 7, 1, 1, 1
0, 0, 0, 0, 0, 7, 1, 1, 1
0, 0, 0, 0, 0, 7, 1, 1, 1
0, 0, 0, 0, 0, 0, 0, 0, 6
0, 0, 0, 7, 1, 1, 1, 1, 1
0, 0, 0, 0, 0, 0, 0, 7, 1
0, 5, 1, 1, 1, 1, 1, 1, 1
0, 0, 0, 0, 7, 1, 1, 1, 1
0, 0, 0, 0, 7, 1, 1, 1, 1
0, 0, 0, 0, 0, 0, 7, 1, 1
0, 0, 0, 0, 0, 0, 7, 1, 1
0, 0, 0, 0, 0, 0, 6, 3, 3
0, 5, 1, 1, 1, 1, 1, 1, 1
0, 0, 0, 0, 0, 7, 1, 1, 1
0, 0, 0, 0, 0, 7, 1, 1, 1
0, 0, 0, 0, 7, 1, 1, 1, 1
0, 0, 0, 0, 7, 1, 1, 1, 1
0, 0, 0, 0, 7, 1, 1, 1, 1
0, 0, 0, 0, 7, 1, 1, 1, 1
0, 0, 0, 0, 7, 1, 1, 1, 1
0, 0, 0, 0, 0, 7, 1, 1, 1
0, 0, 0, 0, 0, 0, 0, 0, 6
0, 0, 0, 0, 7, 1, 1, 1, 1
0, 0, 0, 7, 1, 1, 1, 1, 1
0, 0, 0, 0, 0, 0, 0, 0, 6
0, 0, 0, 0, 0, 0, 0, 0, 6
0, 0, 0, 7, 1, 1, 1, 1, 1
0, 0, 0, 6, 1, 1, 1, 1, 1
0, 0, 0, 0, 0, 0, 0, 6, 1
0, 0, 0, 0, 0, 0, 0, 5, 5
0, 0, 0, 0, 0, 0, 0, 7, 1
0, 0, 0, 0, 0, 7, 4, 4, 4
0, 0, 0, 7, 1, 1, 1, 1, 1
0, 0, 0, 0, 0, 0, 6, 6, 6
0, 0, 0, 0, 0, 0, 7, 1, 1
0, 0, 0, 0, 0, 0, 6, 6, 6
0, 0, 0, 0, 0, 0, 6, 6, 6
0, 0, 0, 0, 0, 0, 6, 6, 6
0, 0, 0, 0, 0, 0, 6, 6, 6
0, 0, 0, 0, 0, 0, 0, 6, 6
0, 0, 0, 0, 0, 0, 0, 0, 6
0, 0, 0, 0, 0, 0, 0, 6, 6
0, 0, 0, 0, 0, 0, 0, 0, 6
0, 0, 0, 7, 1, 1, 1, 1, 1
0, 5, 2, 2, 2, 2, 2, 2, 2
0, 0, 6, 3, 3, 3, 3, 3, 3
0, 0, 7, 4, 4, 4, 4, 4, 4
0, 0, 0, 7, 1, 1, 1, 1, 1
0, 0, 0, 0, 0, 0, 7, 1, 1
0, 0, 0, 0, 7, 1, 1, 1, 1
0, 0, 0, 0, 0, 7, 1, 1, 1
0, 0, 6, 6, 1, 1, 1, 1, 1
0, 0, 0, 0, 0, 0, 0, 0, 6
0, 0, 0, 0, 7, 1, 1, 1, 1
0, 0, 0, 0, 0, 0, 0, 7, 1
0, 0, 0, 0, 7, 1, 1, 1, 1
0, 0, 0, 0, 0, 0, 0, 0, 6
0, 0, 0, 0, 0, 0, 0, 0, 6
0, 0, 0, 0, 0, 0, 0, 0, 6
0, 0, 6, 1, 1, 1, 1, 1, 1
0, 0, 0, 0, 0, 0, 0, 7, 1
0, 0, 0, 0, 0, 7, 1, 1, 1
0, 0, 0, 7, 1, 1, 1, 1, 1
0, 0, 0, 0, 0, 0, 0, 0, 6
0, 0, 0, 7, 1, 1, 1, 1, 1
0, 0, 0, 0, 0, 0, 6, 3, 3
0, 0, 0, 7, 1, 1, 1, 1, 1
0, 0, 0, 0, 7, 1, 1, 1, 1
0, 0, 0, 7, 1, 1, 1, 1, 1
0, 0, 0, 0, 0, 7, 1, 1, 1
0, 0, 0, 0, 0, 0, 6, 6, 6
0, 5, 1, 1, 1, 1, 1, 1, 1
0, 0, 0, 7, 1, 1, 1, 1, 1
0, 5, 1, 1, 1, 1, 1, 1, 1
0, 0, 0, 7, 1, 1, 1, 1, 1
0, 0, 0, 0, 7, 1, 1, 1, 1
0, 0, 0, 7, 1, 1, 1, 1, 1
0, 0, 0, 0, 0, 0, 0, 0, 6
0, 0, 0, 0, 0, 0, 0, 0, 6
0, 0, 0, 0, 0, 0, 0, 0, 6
0, 0, 0, 0, 0, 0, 0, 7, 1
0, 0, 0, 0, 0, 0, 0, 0, 6
0, 0, 0, 0, 0, 0, 6, 6, 6
0, 0, 0, 0, 0, 0, 0, 0, 6
0, 0, 0, 0, 0, 0, 0, 7, 1
0, 0, 0, 0, 0, 0, 0, 7, 1
0, 0, 0, 0, 7, 1, 1, 1, 1
0, 0, 0, 0, 0, 0, 7, 1, 1
0, 0, 0, 0, 0, 0, 7, 1, 1
0, 0, 0, 0, 0, 0, 7, 1, 1
0, 0, 0, 0, 0, 0, 7, 1, 1
0, 0, 0, 0, 0, 0, 0, 7, 1
0, 0, 0, 0, 0, 0, 7, 7, 1
0, 0, 0, 0, 0, 0, 6, 6, 6
0, 0, 0, 0, 0, 0, 0, 0, 6
0, 0, 0, 0, 0, 0, 0, 0, 6
0, 0, 0, 0, 0, 0, 0, 0, 6
0, 0, 0, 0, 0, 7, 1, 1, 1
0, 0, 0, 7, 1, 1, 1, 1, 1
0, 5, 1, 1, 1, 1, 1, 1, 1
0, 0, 0, 0, 7, 4, 4, 4, 4
0, 0, 0, 0, 0, 7, 1, 1, 1
0, 0, 0, 0, 0, 0, 0, 0, 6
0, 0, 0, 0, 0, 0, 0, 7, 1
0, 0, 0, 0, 7, 1, 1, 1, 1
0, 0, 0, 6, 1, 1, 1, 1, 1
0, 0, 0, 0, 0, 0, 0, 0, 6
0, 0, 0, 7, 1, 1, 1, 1, 1
0, 0, 0, 7, 1, 1, 1, 1, 1
0, 0, 0, 0, 7, 1, 1, 1, 1
0, 0, 0, 0, 0, 0, 0, 0, 6
0, 0, 0, 7, 1, 1, 1, 1, 1
0, 0, 0, 0, 0, 0, 0, 7, 1
0, 0, 0, 0, 0, 7, 7, 1, 1
0, 0, 0, 7, 1, 1, 1, 1, 1
0, 0, 0, 7, 1, 1, 1, 1, 1
0, 0, 0, 0, 0, 0, 7, 1, 1
0, 0, 0, 0, 0, 0, 0, 0, 6
0, 0, 0, 0, 0, 0, 0, 0, 6
0, 0, 0, 0, 0, 0, 0, 0, 6
0, 0, 0, 0, 0, 0, 0, 0, 6
0, 0, 0, 0, 0, 0, 0, 6, 6
0, 0, 0, 0, 0, 0, 0, 0, 6
0, 0, 0, 0, 0, 0, 0, 0, 6
0, 0, 0, 0, 0, 0, 0, 0, 6
0, 0, 0, 0, 0, 0, 0, 0, 6
0, 0, 0, 0, 0, 0, 0, 6, 6
0, 0, 0, 0, 0, 0, 0, 7, 1
0, 0, 0, 0, 0, 0, 0, 6, 6
0, 0, 0, 0, 0, 0, 0, 0, 6
0, 0, 0, 0, 0, 0, 0, 0, 6
0, 0, 0, 0, 0, 0, 0, 0, 6
0, 0, 0, 0, 0, 0, 0, 6, 6
0, 0, 0, 0, 0, 0, 0, 0, 6
0, 0, 0, 0, 0, 0, 0, 6, 6
0, 0, 0, 0, 0, 0, 0, 0, 6
0, 5, 1, 1, 1, 1, 1, 1, 1
0, 0, 0, 6, 1, 1, 1, 1, 1
0, 0, 0, 0, 7, 1, 1, 1, 1
0, 0, 0, 0, 0, 0, 0, 7, 1
0, 0, 0, 0, 0, 0, 0, 0, 6
0, 0, 0, 0, 0, 7, 1, 1, 1
0, 0, 0, 7, 1, 1, 1, 1, 1
0, 0, 0, 0, 0, 0, 0, 0, 6
0, 0, 0, 0, 0, 0, 0, 0, 6
0, 0, 0, 0, 0, 0, 0, 0, 6
0, 0, 0, 0, 0, 7, 1, 1, 1
0, 0, 0, 7, 1, 1, 1, 1, 1
0, 0, 0, 7, 1, 1, 1, 1, 1
0, 0, 0, 0, 0, 0, 0, 7, 4
0, 0, 0, 0, 0, 0, 7, 1, 1
0, 0, 0, 7, 1, 1, 1, 1, 1
0, 0, 0, 0, 0, 0, 0, 0, 6
0, 5, 5, 5, 5, 2, 2, 2, 2
0, 0, 0, 7, 1, 1, 1, 1, 1
0, 0, 0, 0, 0, 7, 1, 1, 1
0, 0, 0, 0, 7, 1, 1, 1, 1
0, 0, 0, 0, 0, 0, 0, 6, 3
0, 0, 0, 6, 1, 1, 1, 1, 1
0, 0, 0, 0, 0, 7, 1, 1, 1
0, 0, 0, 7, 1, 1, 1, 1, 1
0, 0, 0, 0, 0, 0, 0, 0, 6
0, 0, 0, 7, 1, 1, 1, 1, 1
0, 0, 0, 0, 0, 6, 1, 1, 1
0, 0, 0, 0, 0, 7, 1, 1, 1
0, 0, 0, 0, 0, 7, 1, 1, 1
0, 0, 0, 0, 0, 7, 1, 1, 1
0, 0, 0, 7, 1, 1, 1, 1, 1
0, 0, 0, 0, 0, 0, 0, 0, 6
0, 0, 0, 0, 0, 0, 0, 0, 6
0, 0, 0, 0, 0, 0, 0, 0, 6
0, 0, 0, 0, 0, 0, 0, 0, 6
0, 0, 0, 7, 1, 1, 1, 1, 1
0, 0, 0, 0, 0, 0, 7, 1, 1
0, 0, 0, 7, 1, 1, 1, 1, 1
0, 0, 0, 0, 0, 7, 1, 1, 1
0, 0, 0, 7, 1, 1, 1, 1, 1
0, 0, 0, 0, 0, 0, 0, 0, 6
0, 0, 0, 0, 0, 0, 0, 0, 6
0, 0, 0, 7, 1, 1, 1, 1, 1
0, 0, 0, 7, 1, 1, 1, 1, 1
0, 0, 0, 0, 0, 0, 7, 1, 1
0, 0, 0, 7, 1, 1, 1, 1, 1
0, 0, 0, 7, 1, 1, 1, 1, 1
0, 0, 0, 0, 0, 0, 0, 0, 6
0, 0, 0, 0, 0, 0, 0, 0, 6
0, 0, 0, 0, 0, 0, 0, 0, 6
0, 0, 0, 0, 0, 0, 0, 0, 6
0, 0, 0, 0, 0, 0, 0, 0, 6
0, 0, 0, 0, 0, 0, 0, 6, 6
0, 0, 0, 0, 0, 0, 0, 0, 6
0, 0, 0, 0, 0, 0, 0, 0, 6
0, 0, 0, 0, 0, 0, 0, 6, 6
0, 0, 0, 0, 0, 0, 0, 0, 6
0, 0, 0, 0, 0, 0, 7, 1, 1
0, 0, 0, 0, 0, 0, 0, 0, 6
0, 0, 0, 0, 0, 0, 0, 6, 6
0, 0, 0, 0, 0, 0, 0, 0, 6
0, 0, 0, 0, 0, 0, 0, 6, 6
0, 0, 0, 0, 0, 0, 0, 0, 6
0, 0, 0, 0, 0, 0, 0, 0, 6
0, 0, 0, 0, 0, 0, 0, 0, 6
0, 0, 0, 0, 0, 0, 0, 7, 1
0, 0, 0, 0, 0, 0, 0, 6, 6
0, 0, 0, 0, 0, 0, 0, 0, 6
0, 0, 0, 0, 0, 0, 0, 7, 1
0, 0, 0, 6, 1, 1, 1, 1, 1
0, 0, 0, 0, 0, 0, 0, 0, 6
0, 0, 0, 0, 7, 1, 1, 1, 1
0, 0, 0, 0, 7, 1, 1, 1, 1
0, 0, 0, 0, 0, 7, 1, 1, 1
0, 0, 0, 0, 0, 0, 7, 4, 4
0, 0, 0, 0, 0, 0, 0, 0, 6
0, 0, 0, 0, 0, 0, 0, 0, 6
0, 0, 0, 0, 0, 0, 0, 0, 6
0, 0, 0, 0, 0, 0, 0, 6, 6
0, 0, 0, 0, 0, 0, 0, 0, 6
0, 0, 0, 0, 0, 0, 0, 6, 6
0, 0, 0, 0, 0, 0, 0, 0, 6
0, 0, 0, 0, 0, 0, 0, 0, 6
0, 0, 0, 0, 0, 0, 0, 0, 6
0, 0, 0, 0, 0, 0, 0, 0, 6
0, 0, 0, 0, 0, 0, 0, 6, 6
0, 0, 0, 0, 0, 0, 0, 0, 6
0, 0, 0, 0, 0, 0, 0, 0, 6
0, 0, 0, 0, 0, 0, 0, 0, 6
0, 0, 0, 0, 0, 0, 0, 0, 6
0, 0, 0, 0, 0, 0, 0, 0, 6
0, 0, 0, 0, 0, 0, 0, 0, 6
0, 0, 0, 7, 1, 1, 1, 1, 1
0, 0, 0, 7, 1, 1, 1, 1, 1
0, 0, 0, 7, 1, 1, 1, 1, 1
0, 0, 0, 0, 0, 0, 0, 7, 4
0, 0, 0, 7, 1, 1, 1, 1, 1
0, 0, 0, 6, 1, 1, 1, 1, 1
0, 0, 0, 0, 0, 7, 4, 4, 4
0, 0, 0, 0, 0, 0, 7, 1, 1
0, 0, 0, 0, 0, 7, 1, 1, 1
0, 0, 0, 0, 0, 0, 0, 0, 6
0, 0, 0, 7, 1, 1, 1, 1, 1
0, 0, 0, 0, 0, 0, 0, 0, 6
0, 5, 1, 1, 1, 1, 1, 1, 1
0, 0, 0, 0, 0, 0, 0, 0, 6
0, 0, 0, 0, 0, 0, 0, 0, 6
0, 0, 0, 0, 0, 0, 0, 0, 6
0, 0, 0, 0, 0, 0, 7, 1, 1
0, 0, 0, 0, 0, 0, 6, 6, 6
0, 0, 0, 0, 0, 0, 6, 6, 6
0, 0, 0, 0, 0, 0, 6, 6, 6
0, 0, 0, 0, 0, 0, 0, 6, 6
0, 0, 0, 0, 0, 0, 6, 6, 6
0, 0, 0, 0, 0, 0, 6, 6, 6
0, 0, 0, 0, 0, 0, 0, 6, 6
0, 0, 0, 0, 0, 0, 6, 6, 6
0, 0, 0, 0, 0, 0, 6, 6, 6
0, 0, 0, 0, 0, 0, 6, 6, 6
0, 0, 0, 0, 0, 0, 6, 6, 6
0, 0, 0, 0, 0, 0, 6, 6, 6
0, 0, 0, 0, 0, 0, 6, 6, 6
0, 0, 0, 0, 0, 0, 6, 6, 6
0, 0, 0, 0, 0, 0, 0, 6, 6
0, 0, 0, 0, 0, 0, 0, 6, 6
0, 0, 0, 0, 0, 0, 6, 6, 6
0, 0, 0, 0, 0, 0, 0, 0, 6
0, 0, 0, 0, 0, 0, 0, 6, 6
0, 0, 0, 0, 0, 0, 0, 0, 6
0, 0, 0, 0, 0, 0, 0, 7, 1
0, 0, 6, 3, 3, 3, 3, 3, 3
0, 0, 0, 0, 7, 1, 1, 1, 1
0, 0, 0, 0, 0, 0, 7, 1, 1
0, 0, 0, 0, 0, 0, 0, 0, 6
0, 0, 0, 0, 0, 0, 0, 0, 6
0, 0, 0, 0, 0, 0, 0, 0, 6
0, 0, 0, 7, 1, 1, 1, 1, 1
0, 0, 6, 3, 3, 3, 3, 3, 3
0, 0, 0, 0, 0, 7, 1, 1, 1
0, 0, 6, 6, 3, 3, 3, 3, 3
0, 0, 0, 6, 1, 1, 1, 1, 1
0, 0, 6, 6, 6, 3, 3, 3, 3
0, 0, 0, 0, 7, 1, 1, 1, 1
0, 0, 0, 0, 0, 0, 0, 0, 6
0, 0, 0, 0, 0, 0, 0, 0, 6
0, 0, 0, 0, 0, 0, 0, 0, 6
0, 0, 0, 0, 0, 7, 1, 1, 1
0, 0, 0, 0, 0, 0, 0, 0, 6
0, 0, 0, 0, 7, 1, 1, 1, 1
0, 0, 0, 0, 0, 0, 0, 0, 6
0, 0, 0, 0, 0, 0, 0, 0, 6
0, 0, 0, 7, 1, 1, 1, 1, 1
0, 0, 6, 6, 6, 6, 6, 3, 3
0, 0, 0, 7, 1, 1, 1, 1, 1
0, 0, 0, 0, 0, 0, 0, 7, 1
0, 0, 0, 0, 0, 0, 0, 0, 6
0, 5, 2, 2, 2, 2, 2, 2, 2
0, 0, 6, 3, 3, 3, 3, 3, 3
0, 0, 0, 6, 1, 1, 1, 1, 1
0, 0, 0, 0, 0, 0, 0, 6, 6
0, 0, 0, 0, 0, 0, 7, 4, 4
0, 5, 1, 1, 1, 1, 1, 1, 1
0, 0, 0, 0, 0, 0, 7, 1, 1
0, 0, 0, 7, 1, 1, 1, 1, 1
0, 0, 6, 1, 1, 1, 1, 1, 1
0, 0, 0, 0, 0, 0, 7, 4, 4
0, 0, 0, 0, 0, 0, 7, 1, 1
0, 0, 0, 0, 0, 6, 6, 1, 1
0, 0, 0, 7, 1, 1, 1, 1, 1
0, 0, 0, 0, 6, 6, 6, 3, 3
0, 0, 0, 0, 0, 0, 0, 7, 1
0, 0, 0, 0, 7, 1, 1, 1, 1
0, 0, 0, 0, 0, 0, 0, 0, 6
0, 0, 0, 0, 0, 0, 0, 0, 6
0, 0, 0, 7, 1, 1, 1, 1, 1
0, 0, 0, 7, 1, 1, 1, 1, 1
0, 0, 0, 0, 0, 0, 0, 0, 6
0, 0, 0, 0, 7, 1, 1, 1, 1
0, 0, 0, 0, 0, 0, 0, 0, 6
0, 0, 0, 0, 0, 0, 0, 0, 6
0, 0, 0, 0, 0, 0, 0, 0, 6
0, 0, 0, 7, 1, 1, 1, 1, 1
0, 0, 0, 7, 1, 1, 1, 1, 1
0, 0, 0, 0, 0, 0, 0, 0, 6
0, 0, 0, 0, 0, 0, 0, 7, 1
0, 0, 0, 0, 0, 0, 0, 0, 6
0, 0, 0, 0, 0, 0, 0, 0, 6
0, 0, 0, 6, 1, 1, 1, 1, 1
0, 0, 0, 0, 0, 0, 0, 0, 6
0, 0, 0, 0, 0, 0, 0, 0, 6
0, 0, 0, 0, 0, 0, 7, 1, 1
0, 5, 1, 1, 1, 1, 1, 0, 6
0, 0, 0, 0, 0, 0, 0, 0, 6
0, 0, 0, 0, 0, 7, 4, 4, 4
0, 0, 0, 0, 0, 0, 0, 7, 1
0, 0, 0, 0, 0, 0, 0, 7, 1
0, 0, 0, 7, 1, 1, 1, 1, 1
0, 0, 6, 6, 1, 1, 1, 1, 1
0, 0, 0, 0, 0, 6, 6, 1, 1
0, 0, 0, 0, 6, 6, 6, 3, 3
0, 0, 0, 0, 0, 0, 6, 3, 3
0, 0, 0, 6, 1, 1, 1, 1, 1
0, 0, 0, 0, 0, 0, 7, 1, 1
0, 0, 0, 6, 1, 1, 1, 1, 1
0, 5, 5, 1, 0, 6, 3, 3, 3
0, 0, 0, 0, 0, 7, 1, 1, 1
0, 0, 0, 7, 1, 1, 1, 1, 1
0, 0, 0, 0, 0, 7, 1, 1, 1
0, 0, 0, 0, 0, 0, 0, 0, 6
0, 0, 0, 0, 0, 0, 7, 1, 1
0, 0, 7, 1, 1, 1, 1, 1, 1
0, 0, 0, 0, 0, 0, 0, 0, 6
0, 0, 0, 0, 0, 0, 0, 0, 6
0, 0, 0, 0, 0, 0, 0, 0, 6
0, 0, 0, 0, 0, 0, 0, 0, 6
0, 0, 0, 0, 0, 0, 0, 0, 6
0, 0, 6, 3, 3, 3, 3, 3, 3
0, 0, 6, 6, 6, 6, 6, 6, 6
0, 0, 0, 0, 0, 0, 0, 7, 1
0, 0, 0, 0, 0, 6, 1, 1, 1
0, 0, 0, 0, 0, 7, 1, 1, 1
0, 0, 0, 0, 0, 7, 1, 1, 1
0, 0, 0, 0, 0, 0, 0, 0, 6
0, 0, 0, 7, 1, 1, 1, 1, 1
0, 0, 0, 0, 0, 0, 7, 1, 1
0, 0, 0, 0, 0, 0, 0, 0, 6
0, 0, 0, 0, 0, 0, 0, 7, 1
0, 0, 0, 0, 0, 0, 0, 0, 6
0, 0, 0, 0, 0, 0, 0, 7, 4
0, 0, 0, 7, 1, 1, 1, 1, 1
0, 0, 0, 0, 0, 7, 1, 1, 1
0, 0, 0, 7, 1, 1, 1, 1, 1
0, 0, 0, 0, 0, 0, 0, 0, 6
0, 0, 0, 0, 0, 0, 0, 0, 6
0, 0, 0, 0, 0, 0, 0, 0, 6
0, 0, 0, 0, 0, 0, 0, 0, 6
0, 0, 0, 0, 0, 0, 0, 0, 6
0, 0, 7, 1, 1, 1, 1, 1, 1
0, 0, 0, 0, 0, 0, 0, 0, 6
0, 0, 0, 0, 0, 0, 0, 0, 6
0, 0, 0, 0, 0, 0, 0, 0, 6
0, 0, 0, 0, 0, 7, 1, 1, 1
0, 0, 0, 7, 4, 4, 4, 4, 4
0, 0, 0, 0, 0, 7, 1, 1, 1
0, 0, 0, 0, 0, 7, 1, 1, 1
0, 0, 6, 1, 1, 1, 1, 1, 1
0, 5, 5, 5, 5, 2, 2, 2, 2
0, 5, 1, 1, 1, 1, 1, 1, 1
0, 0, 0, 7, 1, 1, 1, 1, 1
0, 0, 6, 6, 6, 1, 1, 1, 1
0, 0, 0, 6, 6, 1, 1, 1, 1
0, 0, 0, 6, 6, 1, 1, 1, 1
0, 0, 0, 6, 6, 1, 1, 1, 1
0, 0, 6, 6, 6, 1, 1, 1, 1
0, 0, 0, 6, 1, 1, 1, 1, 1
0, 0, 0, 6, 1, 1, 1, 1, 1
0, 0, 0, 6, 1, 1, 1, 1, 1
0, 0, 0, 0, 0, 0, 6, 6, 6
0, 0, 0, 6, 1, 1, 1, 1, 1
0, 0, 0, 6, 1, 1, 1, 1, 1
0, 0, 0, 0, 0, 7, 1, 1, 1
0, 0, 0, 0, 0, 7, 1, 1, 1
0, 0, 7, 1, 1, 1, 1, 1, 1
0, 5, 5, 5, 5, 5, 5, 1, 1
0, 0, 0, 0, 7, 1, 1, 1, 1
0, 5, 2, 2, 2, 2, 2, 2, 2
0, 0, 0, 0, 0, 0, 7, 1, 1
0, 0, 0, 0, 0, 0, 0, 6, 3
0, 0, 0, 0, 0, 0, 0, 7, 1
0, 0, 0, 0, 0, 0, 0, 0, 6
0, 0, 0, 6, 1, 1, 1, 1, 1
0, 0, 0, 0, 0, 7, 1, 1, 1
0, 0, 0, 6, 1, 1, 1, 1, 1
0, 0, 0, 7, 1, 1, 1, 1, 1
0, 0, 0, 0, 7, 1, 1, 1, 1
0, 0, 0, 0, 0, 0, 0, 0, 6
0, 0, 0, 0, 0, 7, 1, 1, 1
0, 0, 0, 7, 1, 1, 1, 1, 1
0, 0, 0, 0, 0, 0, 0, 0, 6
0, 0, 0, 0, 0, 0, 6, 6, 6
0, 0, 0, 0, 0, 0, 0, 0, 6
0, 0, 0, 0, 0, 0, 0, 6, 1
0, 0, 0, 7, 1, 1, 1, 1, 1
0, 0, 0, 0, 0, 0, 7, 1, 1
0, 0, 0, 7, 1, 1, 1, 1, 1
