0, 2079, 4620, 6929, 9240, 11549, 16169, 18480, 20789
0.001, 0.001, 0.001, 0.001, 0.001, 0.001, 0.68711829731, 0.506570542777, 0.999
0.001, 0.001, 0.001, 0.001, 0.001, 0.999, 0.31288170269, 0.493429457223, 0.001
550.0, 454.0, 438.0, 366.0, 363.0, 362.0, 218.0, 43.0, 0.0
0.0, 96.0, 23.0, 84.0, 6.0, 6.0, 155.0, 193.0, 96.0
0.0, 0.0, 86.0, 93.0, 173.0, 171.0, 165.0, 293.0, 428.0
0.0, 0.0, 3.0, 7.0, 8.0, 11.0, 12.0, 13.0, 13.0
0.0, 0.0, 0.0, 0.0, 0.0, 0.0, 0.0, 0.0, 4.0
0.0, 0.0, 0.0, 0.0, 0.0, 0.0, 0.0, 8.0, 9.0
0, 0, 0, 5, 1, 1, 1, 1, 1
0, 0, 0, 0, 0, 0, 0, 7, 1
0, 0, 0, 0, 0, 5, 1, 1, 1
0, 0, 0, 0, 0, 0, 0, 7, 1
0, 0, 0, 0, 0, 0, 7, 1, 1
0, 0, 5, 2, 2, 2, 2, 2, 2
0, 0, 0, 0, 0, 0, 0, 7, 1
0, 0, 0, 0, 0, 0, 0, 7, 1
0, 0, 0, 0, 0, 0, 0, 7, 1
0, 0, 0, 0, 0, 0, 0, 6, 6
0, 0, 0, 0, 0, 0, 0, 6, 6
0, 0, 0, 0, 0, 0, 0, 7, 1
0, 0, 0, 0, 0, 0, 0, 0, 6
0, 0, 0, 0, 0, 0, 0, 6, 6
0, 0, 0, 0, 0, 0, 0, 6, 6
0, 0, 0, 0, 0, 0, 0, 6, 6
0, 0, 0, 0, 0, 0, 0, 0, 6
0, 0, 0, 0, 0, 0, 7, 1, 1
0, 0, 0, 0, 0, 0, 0, 6, 6
0, 0, 0, 0, 0, 0, 7, 1, 1
0, 0, 0, 0, 0, 0, 7, 1, 1
0, 0, 0, 0, 0, 0, 0, 7, 1
0, 0, 0, 0, 0, 0, 0, 7, 1
0, 0, 0, 0, 0, 0, 0, 7, 1
0, 5, 1, 1, 1, 1, 1, 1, 1
0, 0, 0, 0, 0, 0, 0, 0, 6
0, 0, 0, 0, 0, 0, 0, 7, 1
0, 0, 0, 0, 0, 0, 7, 1, 1
0, 0, 0, 0, 0, 0, 0, 7, 1
0, 0, 0, 0, 0, 0, 7, 1, 1
0, 0, 0, 0, 0, 0, 7, 1, 1
0, 5, 1, 1, 1, 1, 1, 1, 1
0, 5, 1, 1, 1, 1, 1, 1, 1
0, 5, 1, 1, 1, 1, 1, 1, 1
0, 5, 1, 1, 1, 1, 1, 1, 1
0, 5, 1, 1, 1, 1, 1, 1, 1
0, 5, 1, 1, 1, 1, 1, 1, 1
0, 5, 1, 1, 1, 1, 1, 1, 1
0, 0, 0, 0, 0, 0, 0, 7, 1
0, 0, 0, 0, 0, 0, 0, 0, 6
0, 0, 0, 0, 0, 0, 7, 1, 1
0, 0, 0, 0, 0, 0, 7, 1, 1
0, 0, 0, 0, 0, 0, 7, 1, 1
0, 0, 0, 0, 0, 0, 7, 1, 1
0, 0, 0, 0, 0, 0, 0, 7, 1
0, 0, 0, 0, 0, 0, 0, 6, 6
0, 0, 0, 0, 0, 0, 7, 1, 1
0, 0, 0, 0, 0, 0, 7, 1, 1
0, 0, 5, 1, 1, 1, 1, 1, 1
0, 0, 0, 0, 0, 0, 0, 6, 6
0, 0, 5, 1, 1, 0, 7, 7, 1
0, 0, 0, 0, 0, 0, 7, 7, 1
0, 0, 0, 0, 0, 0, 0, 6, 6
0, 5, 1, 1, 1, 1, 1, 1, 1
0, 5, 1, 1, 1, 1, 1, 1, 1
0, 0, 0, 5, 1, 1, 1, 1, 1
0, 0, 0, 5, 1, 1, 1, 1, 1
0, 0, 0, 5, 1, 1, 1, 1, 1
0, 0, 0, 0, 0, 0, 0, 7, 1
0, 5, 5, 5, 1, 1, 1, 1, 1
0, 0, 0, 0, 0, 0, 0, 7, 1
0, 0, 0, 0, 0, 0, 0, 7, 1
0, 0, 0, 0, 0, 0, 0, 7, 1
0, 0, 0, 5, 1, 1, 1, 1, 1
0, 5, 5, 5, 1, 1, 1, 1, 1
0, 5, 5, 5, 1, 1, 1, 1, 1
0, 0, 0, 0, 0, 0, 0, 7, 1
0, 0, 0, 0, 0, 0, 0, 7, 1
0, 5, 1, 1, 1, 1, 0, 6, 6
0, 5, 1, 1, 1, 1, 0, 6, 6
0, 0, 0, 0, 0, 0, 0, 7, 1
0, 0, 0, 0, 0, 0, 0, 7, 1
0, 5, 1, 1, 1, 1, 1, 0, 6
0, 0, 0, 0, 0, 0, 0, 7, 1
0, 5, 1, 1, 1, 1, 0, 6, 6
0, 0, 0, 0, 0, 0, 0, 7, 1
0, 0, 0, 0, 0, 0, 0, 7, 1
0, 0, 0, 0, 0, 0, 0, 7, 1
0, 0, 0, 0, 0, 0, 0, 7, 1
0, 0, 0, 0, 0, 0, 7, 7, 1
0, 0, 0, 0, 0, 0, 7, 7, 1
0, 0, 0, 0, 0, 0, 0, 7, 1
0, 5, 1, 1, 1, 1, 1, 1, 1
0, 5, 1, 1, 1, 1, 1, 1, 1
0, 0, 0, 0, 0, 0, 7, 1, 1
0, 0, 0, 0, 0, 0, 0, 0, 6
0, 0, 0, 0, 0, 0, 7, 1, 1
0, 0, 0, 0, 0, 0, 7, 1, 1
0, 0, 0, 0, 0, 0, 7, 1, 1
0, 0, 0, 0, 0, 0, 0, 7, 1
0, 0, 0, 0, 0, 0, 7, 1, 1
0, 0, 0, 0, 0, 0, 0, 7, 1
0, 0, 0, 0, 0, 0, 7, 4, 4
0, 0, 0, 0, 0, 0, 7, 1, 1
0, 0, 0, 0, 0, 0, 7, 1, 1
0, 0, 0, 0, 0, 0, 7, 1, 1
0, 0, 0, 0, 0, 0, 7, 1, 1
0, 0, 0, 0, 0, 0, 7, 1, 1
0, 0, 0, 0, 0, 0, 7, 1, 1
0, 0, 0, 0, 0, 0, 0, 6, 1
0, 5, 1, 1, 1, 1, 1, 1, 1
0, 0, 0, 0, 0, 0, 0, 7, 1
0, 0, 0, 0, 0, 0, 0, 7, 1
0, 0, 0, 0, 0, 0, 0, 0, 6
0, 0, 5, 1, 1, 1, 1, 1, 1
0, 0, 5, 2, 2, 2, 2, 2, 2
0, 0, 0, 0, 0, 0, 0, 6, 6
0, 0, 0, 0, 0, 0, 0, 6, 6
0, 0, 0, 0, 0, 0, 7, 1, 1
0, 0, 0, 0, 0, 0, 7, 1, 1
0, 0, 0, 0, 0, 0, 7, 1, 1
0, 0, 0, 0, 0, 0, 7, 1, 1
0, 0, 0, 5, 1, 1, 1, 1, 1
0, 5, 1, 1, 1, 1, 1, 1, 1
0, 0, 0, 0, 0, 0, 0, 7, 1
0, 0, 0, 0, 0, 0, 0, 7, 1
0, 0, 0, 5, 1, 1, 1, 1, 1
0, 5, 1, 1, 1, 1, 1, 1, 1
0, 5, 1, 1, 1, 1, 1, 1, 1
0, 0, 0, 0, 0, 0, 0, 7, 1
0, 5, 1, 1, 1, 1, 1, 1, 1
0, 0, 0, 0, 0, 0, 0, 6, 6
0, 0, 0, 0, 0, 0, 0, 6, 6
0, 0, 0, 0, 0, 0, 0, 7, 1
0, 0, 0, 0, 0, 0, 0, 6, 6
0, 0, 0, 0, 0, 0, 0, 6, 6
0, 0, 0, 0, 0, 0, 0, 7, 1
0, 0, 0, 0, 0, 0, 0, 7, 1
0, 0, 0, 0, 0, 0, 7, 1, 1
0, 0, 0, 0, 0, 0, 7, 1, 1
0, 0, 0, 0, 0, 0, 0, 0, 6
0, 0, 0, 0, 0, 0, 0, 7, 1
0, 0, 0, 0, 0, 0, 7, 1, 1
0, 0, 0, 0, 0, 0, 7, 1, 1
0, 0, 0, 0, 0, 0, 7, 1, 1
0, 0, 0, 0, 0, 0, 7, 1, 1
0, 0, 0, 0, 0, 0, 0, 7, 1
0, 0, 0, 0, 0, 0, 0, 7, 1
0, 0, 0, 0, 0, 0, 7, 1, 1
0, 0, 0, 0, 0, 0, 0, 7, 1
0, 0, 0, 0, 0, 0, 0, 7, 1
0, 0, 0, 0, 0, 0, 7, 1, 1
0, 0, 0, 5, 1, 1, 1, 1, 1
0, 0, 0, 0, 0, 0, 7, 1, 1
0, 0, 0, 0, 0, 0, 7, 1, 1
0, 0, 0, 0, 0, 0, 7, 1, 1
0, 0, 0, 0, 0, 0, 0, 0, 6
0, 5, 1, 1, 1, 1, 1, 1, 1
0, 0, 0, 0, 0, 0, 0, 7, 1
0, 0, 0, 5, 1, 1, 1, 1, 1
0, 0, 0, 0, 0, 0, 0, 7, 1
0, 5, 1, 1, 1, 1, 1, 1, 1
0, 0, 0, 0, 0, 0, 7, 1, 1
0, 0, 0, 0, 0, 0, 7, 1, 1
0, 0, 0, 5, 1, 1, 1, 1, 1
0, 0, 0, 0, 0, 0, 0, 0, 6
0, 0, 0, 0, 0, 0, 0, 0, 6
0, 5, 1, 1, 1, 1, 1, 1, 1
0, 0, 0, 0, 0, 0, 5, 5, 5
0, 0, 0, 0, 0, 0, 0, 6, 1
0, 0, 0, 0, 0, 0, 0, 7, 1
0, 0, 0, 0, 0, 0, 0, 7, 1
0, 0, 0, 0, 0, 5, 1, 1, 1
0, 0, 0, 5, 1, 1, 1, 1, 1
0, 0, 0, 5, 1, 1, 1, 1, 1
0, 0, 0, 5, 1, 1, 1, 1, 1
0, 0, 0, 5, 1, 1, 1, 1, 1
0, 0, 0, 5, 1, 1, 1, 1, 1
0, 0, 0, 5, 1, 1, 1, 1, 1
0, 0, 0, 5, 1, 1, 1, 1, 1
0, 0, 0, 5, 1, 1, 1, 1, 1
0, 0, 0, 5, 1, 1, 1, 1, 1
0, 0, 0, 5, 1, 1, 1, 1, 1
0, 0, 0, 5, 1, 1, 1, 1, 1
0, 0, 0, 5, 1, 1, 1, 1, 1
0, 0, 0, 5, 1, 1, 1, 1, 1
0, 0, 0, 5, 1, 1, 1, 1, 1
0, 0, 0, 5, 1, 1, 1, 1, 1
0, 0, 0, 5, 1, 1, 1, 1, 1
0, 0, 0, 5, 1, 1, 1, 1, 1
0, 0, 0, 0, 0, 0, 7, 1, 1
0, 0, 0, 0, 0, 0, 7, 1, 1
0, 5, 1, 1, 1, 1, 1, 1, 1
0, 5, 1, 1, 1, 1, 1, 1, 1
0, 5, 1, 1, 1, 1, 1, 1, 1
0, 5, 1, 1, 1, 1, 1, 1, 1
0, 5, 1, 1, 1, 1, 1, 1, 1
0, 5, 1, 1, 1, 1, 1, 1, 1
0, 5, 1, 1, 1, 1, 1, 1, 1
0, 5, 1, 1, 1, 1, 1, 1, 1
0, 5, 1, 1, 1, 1, 1, 1, 1
0, 5, 1, 1, 1, 1, 1, 1, 1
0, 0, 0, 0, 0, 0, 7, 1, 1
0, 0, 0, 0, 0, 0, 7, 1, 1
0, 0, 0, 0, 0, 0, 7, 1, 1
0, 0, 0, 0, 0, 0, 7, 1, 1
0, 0, 0, 0, 0, 0, 0, 0, 6
0, 0, 0, 0, 0, 0, 0, 0, 6
0, 0, 0, 0, 0, 0, 0, 6, 6
0, 0, 0, 0, 0, 0, 0, 0, 6
0, 0, 0, 0, 0, 0, 0, 0, 6
0, 0, 0, 0, 0, 0, 7, 1, 1
0, 0, 0, 0, 0, 0, 0, 7, 1
0, 0, 0, 0, 0, 0, 0, 0, 6
0, 0, 0, 0, 0, 0, 0, 6, 6
0, 5, 2, 2, 2, 2, 2, 2, 2
0, 0, 0, 5, 1, 1, 1, 1, 1
0, 0, 0, 5, 1, 1, 1, 1, 1
0, 0, 0, 0, 0, 0, 7, 1, 1
0, 0, 5, 1, 1, 1, 1, 1, 1
0, 0, 0, 0, 0, 0, 7, 4, 4
0, 5, 1, 1, 1, 1, 1, 1, 1
0, 0, 0, 5, 1, 1, 1, 1, 1
0, 0, 0, 0, 0, 0, 7, 1, 1
0, 5, 1, 1, 1, 1, 0, 7, 1
0, 5, 1, 1, 1, 1, 0, 7, 1
0, 5, 1, 1, 1, 1, 1, 1, 1
0, 5, 1, 1, 1, 1, 1, 1, 1
0, 5, 1, 1, 1, 1, 1, 1, 1
0, 0, 0, 0, 0, 0, 0, 0, 6
0, 5, 1, 1, 1, 1, 1, 1, 1
0, 0, 0, 5, 1, 1, 1, 1, 1
0, 0, 0, 5, 1, 1, 1, 1, 1
0, 0, 0, 0, 0, 0, 0, 7, 1
0, 0, 0, 0, 0, 0, 0, 6, 6
0, 0, 0, 0, 0, 0, 7, 1, 1
0, 5, 1, 1, 1, 1, 1, 1, 1
0, 0, 0, 0, 0, 0, 0, 7, 1
0, 0, 0, 0, 0, 0, 0, 7, 1
0, 0, 0, 0, 0, 0, 0, 7, 1
0, 5, 1, 1, 1, 0, 7, 7, 1
0, 0, 0, 0, 0, 0, 7, 7, 1
0, 0, 0, 0, 0, 0, 7, 1, 1
0, 0, 0, 0, 0, 0, 7, 7, 1
0, 0, 0, 0, 0, 0, 7, 7, 1
0, 5, 1, 1, 1, 1, 1, 1, 1
0, 5, 1, 1, 1, 0, 7, 7, 1
0, 5, 1, 1, 1, 0, 7, 7, 1
0, 5, 1, 1, 1, 1, 1, 1, 1
0, 0, 0, 0, 0, 0, 0, 7, 1
0, 0, 0, 0, 0, 0, 0, 7, 1
0, 0, 0, 0, 0, 0, 0, 7, 1
0, 0, 0, 0, 0, 0, 0, 7, 1
0, 5, 1, 1, 1, 1, 1, 1, 1
0, 5, 1, 1, 1, 1, 1, 1, 1
0, 0, 0, 0, 0, 0, 0, 7, 1
0, 0, 0, 0, 0, 0, 0, 7, 1
0, 0, 0, 0, 0, 0, 7, 1, 1
0, 0, 0, 0, 0, 0, 7, 1, 1
0, 0, 0, 0, 0, 0, 7, 1, 1
0, 0, 0, 0, 0, 0, 7, 1, 1
0, 0, 0, 0, 0, 0, 7, 1, 1
0, 0, 0, 0, 0, 0, 7, 1, 1
0, 0, 0, 0, 0, 0, 7, 1, 1
0, 0, 0, 0, 0, 0, 7, 1, 1
0, 0, 0, 0, 0, 0, 7, 1, 1
0, 0, 0, 0, 0, 0, 0, 6, 6
0, 0, 0, 0, 0, 0, 0, 0, 6
0, 0, 0, 0, 0, 0, 0, 0, 6
0, 0, 0, 0, 0, 0, 0, 0, 6
0, 5, 2, 2, 2, 2, 2, 2, 2
0, 0, 0, 5, 1, 1, 1, 1, 1
0, 5, 1, 1, 1, 1, 1, 1, 1
0, 0, 0, 5, 1, 1, 1, 1, 1
0, 5, 1, 1, 1, 1, 1, 1, 1
0, 5, 1, 1, 1, 1, 1, 1, 1
0, 5, 1, 1, 1, 1, 1, 1, 1
0, 5, 1, 1, 1, 1, 1, 1, 1
0, 5, 1, 1, 1, 1, 1, 1, 1
0, 5, 1, 1, 1, 1, 1, 1, 1
0, 0, 0, 0, 0, 0, 0, 6, 6
0, 5, 1, 1, 1, 1, 1, 1, 1
0, 5, 2, 2, 2, 2, 2, 2, 2
0, 0, 0, 0, 0, 0, 0, 6, 3
0, 5, 1, 1, 1, 1, 1, 1, 1
0, 0, 0, 0, 0, 0, 7, 4, 4
0, 0, 0, 0, 0, 0, 0, 6, 1
0, 0, 0, 0, 0, 0, 7, 1, 1
0, 0, 0, 0, 0, 0, 0, 0, 6
0, 0, 0, 0, 0, 0, 0, 6, 3
0, 0, 0, 0, 0, 0, 0, 6, 3
0, 0, 0, 0, 0, 0, 7, 1, 1
0, 0, 0, 0, 0, 0, 0, 0, 6
0, 0, 0, 0, 0, 0, 7, 1, 1
0, 0, 0, 0, 0, 0, 7, 1, 1
0, 0, 0, 0, 0, 0, 7, 4, 4
0, 0, 5, 2, 2, 2, 2, 2, 2
0, 0, 0, 0, 0, 0, 0, 6, 1
0, 0, 0, 0, 0, 0, 7, 1, 1
0, 0, 0, 0, 0, 5, 1, 1, 1
0, 0, 0, 0, 0, 0, 0, 7, 1
0, 0, 0, 5, 1, 1, 1, 1, 1
0, 0, 0, 0, 0, 0, 0, 6, 6
0, 0, 0, 0, 0, 0, 0, 7, 1
0, 0, 0, 0, 0, 0, 7, 1, 1
0, 0, 0, 0, 0, 0, 0, 7, 1
0, 0, 0, 0, 0, 0, 0, 7, 1
0, 0, 0, 0, 0, 0, 0, 7, 1
0, 0, 0, 0, 0, 0, 0, 7, 1
0, 0, 0, 0, 0, 0, 0, 7, 1
0, 0, 0, 0, 0, 0, 0, 7, 1
0, 5, 1, 1, 1, 1, 1, 1, 1
0, 0, 0, 0, 0, 0, 5, 5, 5
0, 0, 0, 0, 0, 0, 7, 1, 1
0, 0, 0, 0, 0, 0, 7, 1, 1
0, 0, 0, 0, 0, 0, 7, 1, 1
0, 0, 0, 0, 0, 0, 0, 7, 1
0, 5, 1, 1, 1, 1, 1, 1, 1
0, 0, 0, 0, 0, 0, 0, 7, 1
0, 0, 0, 5, 1, 1, 1, 1, 1
0, 0, 0, 0, 0, 0, 0, 7, 1
0, 0, 0, 0, 0, 0, 0, 7, 1
0, 0, 0, 0, 0, 0, 0, 7, 1
0, 0, 0, 0, 0, 0, 0, 0, 6
0, 0, 0, 5, 1, 1, 1, 1, 1
0, 0, 0, 5, 1, 1, 1, 1, 1
0, 0, 0, 5, 1, 1, 1, 1, 1
0, 0, 0, 5, 1, 1, 1, 1, 1
0, 0, 0, 5, 1, 1, 1, 1, 1
0, 0, 0, 5, 1, 1, 1, 1, 1
0, 0, 0, 5, 1, 1, 1, 1, 1
0, 0, 0, 5, 1, 1, 1, 1, 1
0, 0, 0, 5, 1, 1, 1, 1, 1
0, 0, 0, 5, 1, 1, 1, 1, 1
0, 0, 0, 5, 1, 1, 1, 1, 1
0, 0, 0, 5, 1, 1, 1, 1, 1
0, 0, 0, 5, 1, 1, 1, 1, 1
0, 0, 0, 0, 0, 0, 7, 1, 1
0, 0, 0, 5, 1, 1, 1, 1, 1
0, 0, 0, 0, 0, 0, 7, 1, 1
0, 0, 0, 0, 0, 0, 7, 1, 1
0, 0, 0, 0, 0, 0, 7, 1, 1
0, 0, 0, 0, 0, 0, 7, 1, 1
0, 0, 0, 0, 0, 0, 0, 7, 1
0, 0, 0, 0, 0, 0, 0, 6, 6
0, 0, 0, 0, 0, 0, 0, 7, 1
0, 5, 1, 1, 1, 1, 1, 1, 1
0, 5, 1, 1, 1, 1, 1, 1, 1
0, 0, 0, 0, 0, 0, 7, 1, 1
0, 5, 1, 1, 1, 1, 1, 1, 1
0, 5, 1, 1, 1, 1, 1, 1, 1
0, 0, 0, 5, 1, 1, 1, 1, 1
0, 0, 0, 0, 0, 0, 0, 7, 1
0, 0, 0, 0, 0, 0, 0, 6, 6
0, 0, 0, 0, 0, 0, 7, 1, 1
0, 0, 0, 0, 0, 0, 7, 1, 1
0, 0, 0, 0, 0, 0, 0, 7, 4
0, 0, 0, 0, 0, 0, 7, 1, 1
0, 0, 0, 0, 0, 0, 7, 1, 1
0, 0, 0, 0, 0, 0, 7, 1, 1
0, 0, 0, 0, 0, 0, 7, 1, 1
0, 0, 0, 0, 0, 0, 0, 0, 6
0, 0, 0, 0, 0, 0, 7, 1, 1
0, 0, 0, 0, 0, 0, 7, 1, 1
0, 0, 0, 0, 5, 1, 1, 1, 1
0, 0, 0, 0, 0, 0, 7, 1, 1
0, 0, 0, 0, 0, 0, 0, 0, 6
0, 0, 0, 0, 0, 0, 7, 1, 1
0, 0, 0, 0, 0, 0, 5, 5, 5
0, 0, 0, 0, 0, 0, 7, 1, 1
0, 0, 0, 0, 0, 0, 7, 1, 1
0, 0, 0, 0, 0, 0, 7, 1, 1
0, 0, 0, 0, 0, 0, 7, 1, 1
0, 5, 1, 1, 1, 1, 1, 1, 1
0, 5, 1, 1, 1, 1, 1, 1, 1
0, 5, 1, 1, 1, 1, 1, 1, 1
0, 5, 1, 1, 1, 1, 1, 1, 1
0, 5, 1, 1, 1, 1, 1, 1, 1
0, 5, 1, 1, 1, 1, 1, 1, 1
0, 0, 0, 0, 0, 0, 0, 7, 1
0, 0, 0, 0, 0, 0, 0, 7, 1
0, 0, 0, 0, 0, 0, 0, 7, 1
0, 0, 0, 0, 0, 0, 7, 1, 1
0, 0, 0, 0, 0, 0, 7, 1, 1
0, 0, 0, 0, 0, 0, 7, 1, 1
0, 0, 0, 0, 0, 0, 7, 1, 1
0, 0, 0, 0, 0, 0, 7, 1, 1
0, 0, 0, 5, 1, 1, 1, 1, 1
0, 0, 0, 5, 1, 1, 1, 1, 1
0, 0, 0, 5, 1, 1, 1, 1, 1
0, 0, 0, 0, 0, 0, 0, 7, 1
0, 0, 0, 0, 0, 0, 0, 7, 1
0, 0, 0, 0, 0, 0, 0, 7, 1
0, 0, 0, 0, 0, 0, 0, 7, 1
0, 0, 0, 0, 0, 0, 0, 6, 6
0, 0, 0, 0, 0, 0, 0, 7, 1
0, 0, 0, 0, 0, 0, 0, 7, 1
0, 0, 0, 0, 0, 0, 7, 1, 1
0, 0, 0, 0, 0, 5, 1, 1, 1
0, 0, 0, 0, 0, 0, 5, 2, 2
0, 0, 0, 0, 0, 0, 0, 0, 6
0, 0, 0, 0, 0, 0, 7, 4, 4
0, 0, 0, 0, 0, 0, 7, 1, 1
0, 0, 0, 0, 0, 0, 0, 7, 1
0, 0, 0, 0, 0, 0, 5, 5, 5
0, 0, 0, 0, 0, 0, 0, 7, 1
0, 0, 0, 0, 0, 0, 7, 1, 1
0, 0, 0, 0, 0, 0, 0, 0, 6
0, 0, 0, 0, 0, 0, 7, 4, 4
0, 0, 0, 0, 0, 0, 0, 0, 6
0, 0, 0, 0, 0, 0, 7, 1, 1
0, 0, 0, 0, 0, 0, 7, 1, 1
0, 0, 0, 0, 0, 0, 7, 1, 1
0, 0, 0, 0, 0, 0, 0, 0, 6
0, 0, 0, 0, 0, 0, 0, 7, 1
0, 0, 0, 0, 0, 0, 0, 6, 6
0, 0, 0, 0, 0, 0, 0, 6, 6
0, 0, 0, 0, 0, 0, 0, 7, 1
0, 0, 0, 0, 0, 0, 0, 6, 6
0, 0, 0, 0, 0, 0, 0, 0, 6
0, 0, 0, 0, 0, 0, 0, 0, 6
0, 0, 0, 0, 0, 0, 7, 1, 1
0, 0, 5, 1, 1, 1, 1, 1, 1
0, 0, 0, 0, 0, 0, 0, 7, 1
0, 0, 0, 0, 0, 0, 0, 0, 6
0, 0, 0, 0, 0, 0, 0, 0, 6
0, 0, 0, 0, 0, 0, 0, 7, 1
0, 0, 0, 0, 0, 0, 7, 7, 1
0, 0, 0, 0, 0, 0, 7, 1, 1
0, 0, 0, 0, 0, 0, 0, 0, 6
0, 0, 0, 0, 0, 0, 0, 6, 1
0, 0, 0, 0, 0, 0, 7, 1, 1
0, 0, 0, 0, 0, 0, 7, 1, 1
0, 0, 0, 0, 0, 0, 0, 7, 1
0, 0, 0, 0, 0, 0, 0, 7, 1
0, 0, 0, 5, 1, 1, 1, 1, 1
0, 0, 0, 0, 0, 0, 7, 1, 1
0, 0, 0, 0, 0, 0, 0, 0, 6
0, 0, 0, 0, 0, 0, 0, 0, 6
0, 0, 0, 0, 0, 0, 7, 4, 4
0, 0, 0, 0, 0, 0, 0, 6, 6
0, 0, 0, 0, 0, 0, 0, 6, 6
0, 0, 0, 0, 0, 0, 0, 6, 6
0, 0, 0, 0, 0, 0, 0, 0, 6
0, 0, 0, 0, 0, 0, 0, 6, 6
0, 0, 0, 0, 0, 0, 0, 7, 1
0, 0, 0, 0, 0, 0, 0, 6, 6
0, 0, 0, 0, 0, 0, 0, 6, 6
0, 0, 0, 0, 0, 0, 0, 6, 6
0, 0, 0, 0, 0, 0, 0, 6, 6
0, 0, 0, 0, 0, 0, 0, 6, 6
0, 0, 0, 0, 0, 0, 0, 6, 6
0, 0, 0, 0, 0, 0, 0, 6, 6
0, 0, 0, 0, 0, 0, 0, 6, 6
0, 0, 0, 0, 0, 0, 0, 6, 6
0, 0, 0, 0, 0, 0, 0, 6, 6
0, 0, 0, 0, 0, 0, 0, 6, 6
0, 0, 0, 0, 0, 0, 0, 0, 6
0, 0, 0, 0, 0, 0, 0, 0, 6
0, 0, 0, 0, 0, 0, 7, 1, 1
0, 0, 0, 0, 0, 0, 0, 6, 3
0, 0, 0, 0, 0, 0, 7, 1, 1
0, 0, 0, 0, 0, 0, 7, 1, 1
0, 0, 0, 0, 0, 0, 0, 0, 6
0, 5, 1, 1, 1, 1, 1, 1, 1
0, 5, 1, 1, 1, 1, 1, 1, 1
0, 5, 1, 1, 1, 1, 1, 1, 1
0, 0, 0, 5, 1, 1, 1, 1, 1
0, 5, 1, 1, 1, 1, 1, 1, 1
0, 5, 1, 1, 1, 1, 1, 1, 1
0, 0, 0, 0, 0, 5, 1, 1, 1
0, 0, 0, 5, 2, 2, 2, 2, 2
0, 0, 0, 5, 5, 2, 2, 2, 2
0, 0, 0, 0, 0, 0, 0, 7, 1
0, 0, 0, 0, 0, 0, 0, 7, 1
0, 0, 0, 0, 0, 0, 0, 6, 6
0, 0, 0, 5, 1, 1, 1, 1, 1
0, 0, 0, 0, 0, 0, 0, 7, 1
0, 0, 0, 0, 0, 0, 7, 1, 1
0, 0, 0, 5, 1, 1, 1, 1, 1
0, 0, 0, 0, 0, 0, 7, 1, 1
0, 0, 0, 0, 0, 0, 0, 7, 1
0, 0, 0, 5, 1, 1, 1, 1, 1
0, 0, 0, 0, 0, 0, 7, 1, 1
0, 0, 0, 0, 0, 0, 7, 1, 1
0, 0, 0, 0, 0, 0, 7, 1, 1
0, 0, 0, 0, 0, 0, 7, 1, 1
0, 0, 0, 0, 0, 0, 7, 1, 1
0, 0, 0, 0, 0, 0, 7, 1, 1
0, 5, 1, 1, 1, 1, 1, 1, 1
0, 0, 0, 0, 0, 0, 0, 0, 6
0, 0, 5, 1, 1, 1, 1, 1, 1
0, 0, 0, 5, 1, 1, 1, 1, 1
0, 0, 0, 5, 1, 1, 1, 1, 1
0, 0, 0, 0, 0, 0, 0, 7, 1
0, 0, 0, 0, 0, 0, 7, 1, 1
0, 0, 0, 0, 0, 0, 7, 1, 1
0, 0, 0, 0, 0, 0, 7, 1, 1
0, 0, 0, 0, 0, 0, 7, 1, 1
0, 0, 0, 0, 0, 0, 0, 6, 1
0, 0, 0, 0, 0, 0, 0, 0, 6
0, 0, 0, 0, 0, 0, 5, 5, 5
0, 5, 5, 5, 1, 1, 0, 6, 6
0, 0, 0, 0, 0, 0, 0, 7, 1
0, 0, 0, 0, 0, 0, 7, 1, 1
0, 5, 1, 1, 1, 1, 1, 1, 1
0, 5, 1, 1, 1, 1, 1, 1, 1
0, 0, 0, 5, 1, 1, 1, 1, 1
0, 0, 0, 0, 0, 0, 7, 1, 1
0, 0, 0, 0, 0, 0, 0, 0, 6
0, 0, 0, 0, 0, 0, 7, 4, 4
0, 0, 0, 5, 1, 1, 1, 1, 1
0, 0, 0, 5, 1, 1, 1, 1, 1
0, 0, 0, 5, 1, 1, 1, 1, 1
0, 0, 0, 0, 0, 0, 7, 1, 1
0, 0, 0, 0, 0, 0, 0, 7, 1
0, 0, 0, 0, 5, 2, 2, 2, 2
0, 0, 0, 0, 0, 0, 7, 1, 1
0, 0, 0, 0, 0, 0, 0, 7, 1
0, 0, 0, 0, 0, 5, 2, 2, 2
0, 5, 1, 1, 1, 1, 1, 1, 1
0, 5, 1, 1, 1, 1, 1, 1, 1
0, 5, 1, 1, 1, 1, 1, 1, 1
0, 5, 1, 1, 1, 1, 1, 1, 1
0, 0, 0, 5, 1, 1, 1, 1, 1
0, 0, 0, 5, 1, 1, 1, 1, 1
0, 0, 0, 0, 0, 0, 0, 7, 1
0, 0, 0, 0, 0, 0, 0, 7, 1
0, 0, 0, 0, 0, 0, 0, 7, 1
0, 5, 5, 5, 1, 1, 0, 7, 1
0, 0, 0, 0, 0, 0, 0, 7, 1
0, 0, 0, 0, 0, 0, 0, 7, 1
0, 5, 5, 1, 1, 1, 1, 1, 1
0, 0, 5, 5, 5, 1, 0, 6, 6
0, 0, 0, 5, 1, 1, 1, 1, 1
0, 0, 0, 0, 0, 0, 0, 7, 1
0, 0, 0, 5, 1, 1, 1, 1, 1
0, 0, 0, 5, 1, 1, 1, 1, 1
0, 5, 5, 5, 1, 1, 0, 7, 1
0, 5, 1, 1, 1, 1, 1, 1, 1
0, 0, 0, 0, 0, 0, 0, 7, 1
0, 0, 0, 0, 0, 0, 0, 7, 1
0, 0, 0, 0, 0, 0, 0, 7, 1
0, 0, 5, 5, 1, 1, 1, 1, 1
0, 0, 5, 5, 1, 1, 1, 1, 1
0, 0, 5, 5, 1, 1, 0, 7, 1
0, 0, 5, 5, 1, 1, 0, 7, 1
0, 5, 1, 1, 1, 1, 1, 1, 1
0, 0, 0, 0, 0, 0, 7, 1, 1
0, 5, 1, 1, 1, 0, 7, 7, 1
0, 0, 0, 0, 0, 0, 0, 7, 1
0, 5, 1, 1, 1, 1, 1, 1, 1
0, 0, 0, 0, 0, 0, 7, 1, 1
0, 0, 0, 0, 0, 0, 0, 7, 1
0, 0, 0, 0, 0, 0, 0, 7, 1
0, 0, 5, 5, 5, 2, 2, 2, 2
0, 0, 5, 2, 2, 2, 2, 2, 2
0, 0, 0, 0, 0, 0, 7, 1, 1
0, 0, 0, 0, 0, 0, 7, 1, 1
0, 0, 0, 0, 5, 1, 1, 1, 1
