0, 2079, 4620, 6929, 9240, 11549, 16169, 18480, 20789
550.0, 444.0, 425.0, 351.0, 347.0, 321.0, 179.0, 42.0, 0.0
0.0, 0.0, 78.0, 85.0, 160.0, 163.0, 186.0, 290.0, 425.0
0.0, 0.0, 3.0, 7.0, 8.0, 11.0, 12.0, 13.0, 22.0
0.0, 106.0, 44.0, 107.0, 35.0, 55.0, 173.0, 205.0, 103.0
0, 0, 0, 3, 1, 1, 1, 1, 1
0, 0, 0, 0, 0, 0, 0, 3, 1
0, 0, 0, 0, 0, 3, 1, 1, 1
0, 0, 0, 0, 0, 0, 0, 3, 1
0, 0, 0, 0, 0, 0, 3, 1, 1
0, 0, 3, 2, 2, 2, 2, 2, 2
0, 0, 0, 0, 0, 0, 0, 3, 1
0, 0, 0, 0, 0, 0, 0, 3, 1
0, 0, 0, 0, 0, 0, 0, 3, 1
0, 0, 0, 0, 0, 0, 0, 3, 3
0, 0, 0, 0, 0, 0, 0, 3, 3
0, 0, 0, 0, 0, 0, 0, 3, 1
0, 0, 0, 0, 0, 0, 3, 3, 3
0, 0, 0, 0, 0, 0, 0, 3, 3
0, 0, 0, 0, 0, 0, 3, 3, 3
0, 0, 0, 0, 0, 0, 3, 3, 3
0, 0, 0, 0, 0, 0, 0, 0, 3
0, 0, 0, 0, 0, 0, 3, 1, 1
0, 0, 0, 0, 0, 0, 0, 3, 3
0, 0, 0, 0, 0, 0, 3, 1, 1
0, 0, 0, 0, 0, 0, 3, 1, 1
0, 0, 0, 0, 0, 0, 0, 3, 1
0, 0, 0, 0, 0, 0, 0, 3, 1
0, 0, 0, 0, 0, 0, 0, 3, 1
0, 3, 1, 1, 1, 1, 1, 1, 1
0, 0, 0, 0, 0, 0, 0, 0, 3
0, 0, 0, 0, 0, 0, 0, 3, 1
0, 0, 0, 0, 0, 3, 1, 1, 1
0, 0, 0, 0, 0, 0, 0, 3, 1
0, 0, 0, 0, 0, 0, 3, 1, 1
0, 0, 0, 0, 0, 0, 3, 1, 1
0, 3, 1, 1, 1, 1, 1, 1, 1
0, 3, 1, 1, 1, 1, 1, 1, 1
0, 3, 1, 1, 1, 1, 1, 1, 1
0, 3, 1, 1, 1, 1, 1, 1, 1
0, 3, 1, 1, 1, 1, 1, 1, 1
0, 3, 1, 1, 1, 1, 1, 1, 1
0, 3, 1, 1, 1, 1, 1, 1, 1
0, 0, 0, 0, 0, 0, 0, 3, 1
0, 0, 0, 0, 0, 0, 0, 0, 3
0, 0, 0, 0, 0, 0, 3, 1, 1
0, 0, 0, 0, 0, 0, 3, 1, 1
0, 0, 0, 0, 0, 0, 3, 1, 1
0, 0, 0, 0, 0, 0, 3, 1, 1
0, 0, 0, 0, 0, 0, 0, 3, 1
0, 0, 0, 0, 0, 0, 0, 3, 3
0, 0, 0, 0, 0, 0, 3, 1, 1
0, 0, 0, 0, 0, 0, 0, 0, 3
0, 0, 3, 1, 1, 1, 1, 1, 1
0, 0, 3, 3, 3, 3, 3, 3, 3
0, 0, 3, 3, 3, 3, 3, 3, 3
0, 0, 0, 0, 0, 0, 3, 3, 3
0, 3, 3, 3, 3, 3, 3, 3, 3
0, 3, 1, 1, 1, 1, 1, 1, 1
0, 3, 1, 1, 1, 1, 1, 1, 1
0, 0, 0, 3, 1, 1, 1, 1, 1
0, 0, 0, 3, 1, 1, 1, 1, 1
0, 0, 0, 3, 1, 1, 1, 1, 1
0, 0, 0, 0, 0, 0, 0, 3, 1
0, 3, 3, 3, 1, 1, 1, 1, 1
0, 0, 0, 0, 0, 0, 0, 3, 1
0, 0, 0, 0, 0, 0, 0, 3, 1
0, 0, 0, 0, 0, 0, 0, 3, 1
0, 0, 0, 3, 1, 1, 1, 1, 1
0, 3, 3, 3, 1, 1, 1, 1, 1
0, 3, 3, 3, 1, 1, 1, 1, 1
0, 0, 0, 0, 0, 0, 0, 3, 1
0, 0, 0, 0, 0, 0, 0, 3, 1
0, 3, 3, 3, 3, 3, 3, 3, 3
0, 3, 3, 3, 3, 3, 3, 3, 3
0, 0, 0, 0, 0, 0, 0, 3, 1
0, 0, 0, 0, 0, 0, 0, 3, 1
0, 3, 3, 3, 3, 3, 3, 3, 3
0, 0, 0, 0, 0, 0, 0, 3, 1
0, 3, 3, 3, 3, 3, 3, 3, 3
0, 0, 0, 0, 0, 0, 0, 3, 1
0, 0, 0, 0, 0, 0, 0, 3, 1
0, 0, 0, 0, 0, 0, 0, 3, 1
0, 0, 0, 0, 0, 0, 0, 3, 1
0, 0, 0, 0, 0, 0, 3, 3, 1
0, 0, 0, 0, 0, 0, 0, 3, 1
0, 0, 0, 0, 0, 0, 0, 3, 1
0, 3, 3, 3, 1, 1, 1, 1, 1
0, 3, 3, 3, 1, 1, 1, 1, 1
0, 0, 0, 0, 0, 0, 3, 1, 1
0, 0, 0, 0, 0, 0, 0, 0, 3
0, 0, 0, 0, 0, 0, 3, 1, 1
0, 0, 0, 0, 0, 0, 3, 1, 1
0, 0, 0, 0, 0, 3, 1, 1, 1
0, 0, 0, 0, 0, 0, 0, 3, 1
0, 0, 0, 0, 0, 0, 3, 1, 1
0, 0, 0, 0, 0, 0, 0, 3, 1
0, 0, 0, 0, 0, 0, 3, 3, 1
0, 0, 0, 0, 0, 0, 3, 1, 1
0, 0, 0, 0, 0, 0, 3, 1, 1
0, 0, 0, 0, 0, 0, 3, 1, 1
0, 0, 0, 0, 0, 0, 3, 1, 1
0, 0, 0, 0, 0, 0, 3, 1, 1
0, 0, 0, 0, 0, 0, 3, 1, 1
0, 0, 0, 0, 0, 0, 0, 3, 1
0, 3, 1, 1, 1, 1, 1, 1, 1
0, 0, 0, 0, 0, 0, 0, 3, 1
0, 0, 0, 0, 0, 0, 0, 3, 1
0, 0, 0, 0, 0, 0, 0, 0, 3
0, 0, 3, 1, 1, 1, 1, 1, 1
0, 0, 3, 2, 2, 2, 2, 2, 2
0, 0, 0, 0, 0, 0, 0, 3, 3
0, 0, 0, 0, 0, 0, 0, 3, 3
0, 0, 0, 0, 0, 0, 3, 1, 1
0, 0, 0, 0, 0, 0, 3, 1, 1
0, 0, 0, 0, 0, 0, 3, 1, 1
0, 0, 0, 0, 0, 0, 3, 1, 1
0, 0, 0, 3, 1, 1, 1, 1, 1
0, 3, 1, 1, 1, 1, 1, 1, 1
0, 0, 0, 0, 0, 0, 0, 3, 1
0, 0, 0, 0, 0, 0, 0, 3, 1
0, 0, 0, 3, 1, 1, 1, 1, 1
0, 3, 1, 1, 1, 1, 1, 1, 1
0, 3, 1, 1, 1, 1, 1, 1, 1
0, 0, 0, 0, 0, 0, 0, 3, 1
0, 3, 1, 1, 1, 1, 1, 1, 1
0, 0, 0, 0, 0, 0, 0, 3, 3
0, 0, 0, 0, 0, 0, 3, 3, 3
0, 0, 0, 0, 0, 0, 0, 3, 1
0, 0, 0, 0, 0, 0, 0, 3, 3
0, 0, 0, 0, 0, 0, 0, 3, 3
0, 0, 0, 0, 0, 0, 0, 3, 1
0, 0, 0, 0, 0, 0, 0, 3, 1
0, 0, 0, 0, 0, 0, 3, 1, 1
0, 0, 0, 0, 0, 0, 3, 1, 1
0, 0, 0, 0, 0, 0, 0, 0, 3
0, 0, 3, 1, 1, 1, 1, 1, 1
0, 0, 0, 0, 0, 0, 3, 1, 1
0, 0, 0, 0, 0, 0, 3, 1, 1
0, 0, 0, 0, 0, 0, 3, 1, 1
0, 0, 0, 0, 0, 0, 3, 1, 1
0, 0, 0, 0, 0, 0, 0, 3, 1
0, 0, 0, 0, 0, 0, 0, 3, 1
0, 0, 0, 0, 0, 0, 3, 1, 1
0, 0, 0, 0, 0, 0, 0, 3, 1
0, 0, 0, 0, 0, 0, 0, 3, 1
0, 0, 0, 0, 0, 0, 3, 1, 1
0, 0, 0, 3, 1, 1, 1, 1, 1
0, 0, 0, 0, 0, 0, 3, 3, 3
0, 0, 0, 0, 0, 0, 3, 1, 1
0, 0, 0, 0, 0, 0, 3, 1, 1
0, 0, 0, 0, 0, 0, 0, 0, 3
0, 3, 1, 1, 1, 1, 1, 1, 1
0, 0, 0, 0, 0, 0, 0, 3, 1
0, 0, 0, 3, 1, 1, 1, 1, 1
0, 0, 0, 0, 0, 0, 0, 3, 1
0, 3, 1, 1, 1, 1, 1, 1, 1
0, 0, 0, 0, 0, 3, 1, 1, 1
0, 0, 0, 0, 0, 0, 3, 1, 1
0, 0, 0, 3, 1, 1, 1, 1, 1
0, 0, 0, 0, 0, 0, 0, 0, 3
0, 0, 0, 0, 0, 0, 0, 0, 3
0, 3, 1, 1, 1, 1, 1, 1, 1
0, 0, 0, 0, 0, 0, 3, 3, 2
0, 0, 0, 0, 0, 0, 0, 3, 1
0, 0, 0, 0, 0, 0, 0, 3, 1
0, 0, 0, 0, 0, 0, 0, 3, 1
0, 0, 0, 0, 0, 3, 1, 1, 1
0, 0, 0, 3, 1, 1, 1, 1, 1
0, 0, 0, 3, 1, 1, 1, 1, 1
0, 0, 0, 3, 1, 1, 1, 1, 1
0, 0, 0, 3, 1, 1, 1, 1, 1
0, 0, 0, 3, 1, 1, 1, 1, 1
0, 0, 0, 3, 1, 1, 1, 1, 1
0, 0, 0, 3, 1, 1, 1, 1, 1
0, 0, 0, 3, 1, 1, 1, 1, 1
0, 0, 0, 3, 1, 1, 1, 1, 1
0, 0, 0, 3, 1, 1, 1, 1, 1
0, 0, 0, 3, 1, 1, 1, 1, 1
0, 0, 0, 3, 1, 1, 1, 1, 1
0, 0, 0, 3, 1, 1, 1, 1, 1
0, 0, 0, 3, 1, 1, 1, 1, 1
0, 0, 0, 3, 1, 1, 1, 1, 1
0, 0, 0, 3, 1, 1, 1, 1, 1
0, 0, 0, 3, 1, 1, 1, 1, 1
0, 0, 0, 0, 0, 0, 3, 1, 1
0, 0, 0, 0, 0, 0, 3, 3, 3
0, 3, 1, 1, 1, 1, 1, 1, 1
0, 3, 1, 1, 1, 1, 1, 1, 1
0, 3, 1, 1, 1, 1, 1, 1, 1
0, 3, 1, 1, 1, 1, 1, 1, 1
0, 3, 1, 1, 1, 1, 1, 1, 1
0, 3, 1, 1, 1, 1, 1, 1, 1
0, 3, 1, 1, 1, 1, 1, 1, 1
0, 3, 1, 1, 1, 1, 1, 1, 1
0, 3, 1, 1, 1, 1, 1, 1, 1
0, 3, 1, 1, 1, 1, 1, 1, 1
0, 0, 0, 0, 0, 0, 3, 1, 1
0, 0, 0, 0, 0, 0, 3, 1, 1
0, 0, 0, 0, 0, 0, 3, 1, 1
0, 0, 0, 0, 0, 0, 3, 1, 1
0, 0, 0, 0, 0, 0, 0, 0, 3
0, 0, 0, 0, 0, 0, 0, 0, 3
0, 0, 0, 0, 0, 0, 0, 3, 3
0, 0, 0, 0, 0, 0, 0, 0, 3
0, 0, 0, 0, 0, 0, 0, 0, 3
0, 0, 0, 0, 0, 0, 3, 1, 1
0, 0, 0, 0, 0, 0, 0, 3, 1
0, 0, 0, 0, 0, 0, 3, 3, 3
0, 0, 0, 0, 0, 0, 0, 3, 3
0, 3, 2, 2, 2, 2, 2, 2, 2
0, 0, 0, 3, 1, 1, 1, 1, 1
0, 0, 0, 3, 1, 1, 1, 1, 1
0, 0, 0, 0, 0, 0, 3, 1, 1
0, 0, 3, 1, 1, 1, 1, 1, 1
0, 0, 0, 0, 0, 3, 3, 3, 1
0, 3, 1, 1, 1, 1, 1, 1, 1
0, 0, 0, 3, 1, 1, 1, 1, 1
0, 0, 0, 0, 0, 0, 3, 1, 1
0, 3, 1, 1, 1, 1, 0, 3, 1
0, 3, 1, 1, 1, 1, 0, 3, 1
0, 3, 1, 1, 1, 1, 1, 1, 1
0, 3, 1, 1, 1, 1, 1, 1, 1
0, 3, 1, 1, 1, 1, 1, 1, 1
0, 0, 0, 0, 0, 0, 0, 0, 3
0, 3, 1, 1, 1, 1, 1, 1, 1
0, 0, 0, 3, 1, 1, 1, 1, 1
0, 3, 3, 3, 3, 3, 3, 3, 3
0, 3, 3, 3, 3, 3, 3, 3, 1
0, 0, 0, 0, 0, 0, 0, 0, 3
0, 3, 3, 3, 1, 1, 1, 1, 1
0, 3, 1, 1, 1, 1, 1, 1, 1
0, 0, 0, 0, 0, 0, 0, 3, 1
0, 0, 0, 0, 0, 0, 0, 3, 1
0, 0, 0, 0, 0, 0, 0, 3, 1
0, 3, 3, 3, 3, 3, 3, 3, 1
0, 0, 0, 0, 0, 0, 3, 3, 1
0, 0, 0, 0, 0, 0, 3, 1, 1
0, 0, 0, 0, 0, 0, 3, 3, 1
0, 0, 0, 0, 0, 0, 3, 1, 1
0, 3, 1, 1, 1, 1, 1, 1, 1
0, 3, 3, 3, 3, 3, 3, 3, 1
0, 3, 3, 3, 3, 3, 3, 3, 1
0, 3, 1, 1, 1, 1, 1, 1, 1
0, 0, 0, 0, 0, 0, 0, 3, 1
0, 0, 0, 0, 0, 0, 0, 3, 1
0, 0, 0, 0, 0, 0, 0, 3, 1
0, 3, 1, 1, 1, 1, 1, 1, 1
0, 3, 3, 3, 3, 3, 3, 3, 1
0, 3, 1, 1, 1, 1, 1, 1, 1
0, 0, 0, 0, 0, 0, 0, 3, 1
0, 0, 0, 0, 0, 0, 0, 3, 1
0, 0, 0, 0, 0, 0, 3, 1, 1
0, 0, 0, 0, 0, 0, 3, 1, 1
0, 0, 0, 0, 0, 0, 3, 3, 3
0, 0, 0, 0, 0, 0, 3, 3, 3
0, 0, 0, 0, 0, 0, 3, 3, 3
0, 0, 0, 0, 0, 0, 3, 1, 1
0, 0, 0, 0, 0, 0, 3, 1, 1
0, 0, 0, 0, 0, 0, 3, 1, 1
0, 0, 0, 0, 0, 0, 3, 1, 1
0, 0, 0, 0, 0, 0, 0, 3, 3
0, 0, 0, 0, 0, 0, 0, 0, 3
0, 0, 0, 0, 0, 0, 0, 0, 3
0, 0, 0, 0, 0, 0, 0, 0, 3
0, 3, 2, 2, 2, 2, 2, 2, 2
0, 0, 0, 3, 1, 1, 1, 1, 1
0, 3, 1, 1, 1, 1, 1, 1, 1
0, 0, 0, 3, 1, 1, 1, 1, 1
0, 3, 1, 1, 1, 1, 1, 1, 1
0, 3, 1, 1, 1, 1, 1, 1, 1
0, 3, 1, 1, 1, 1, 1, 1, 1
0, 3, 1, 1, 1, 1, 1, 1, 1
0, 3, 1, 1, 1, 1, 1, 1, 1
0, 3, 1, 1, 1, 1, 1, 1, 1
0, 0, 0, 0, 0, 0, 0, 3, 3
0, 3, 1, 1, 1, 1, 1, 1, 1
0, 3, 2, 2, 2, 2, 2, 2, 2
0, 0, 0, 0, 0, 0, 3, 3, 2
0, 3, 1, 1, 1, 1, 1, 1, 1
0, 0, 0, 0, 0, 0, 3, 3, 1
0, 0, 3, 1, 1, 1, 1, 1, 1
0, 0, 0, 0, 0, 3, 1, 1, 1
0, 0, 0, 0, 0, 0, 0, 0, 3
0, 0, 0, 0, 0, 0, 0, 3, 2
0, 0, 0, 0, 0, 0, 3, 3, 2
0, 0, 0, 0, 0, 0, 3, 1, 1
0, 0, 0, 0, 0, 0, 0, 0, 3
0, 0, 0, 0, 0, 0, 3, 1, 1
0, 0, 0, 0, 0, 0, 3, 1, 1
0, 0, 0, 0, 0, 0, 3, 3, 1
0, 0, 3, 2, 2, 2, 2, 2, 2
0, 0, 0, 0, 0, 0, 0, 3, 1
0, 0, 0, 0, 0, 0, 3, 1, 1
0, 0, 0, 0, 0, 3, 1, 1, 1
0, 0, 0, 0, 0, 0, 0, 3, 1
0, 0, 0, 3, 1, 1, 1, 1, 1
0, 0, 0, 0, 0, 0, 0, 3, 3
0, 0, 0, 0, 0, 0, 0, 3, 1
0, 0, 0, 0, 0, 0, 3, 1, 1
0, 0, 0, 0, 0, 0, 0, 3, 1
0, 0, 0, 0, 0, 0, 0, 3, 1
0, 0, 0, 0, 0, 0, 0, 3, 1
0, 0, 0, 0, 0, 0, 0, 3, 1
0, 0, 0, 0, 0, 0, 0, 3, 1
0, 0, 0, 0, 0, 0, 0, 3, 1
0, 3, 1, 1, 1, 1, 1, 1, 1
0, 0, 0, 0, 0, 0, 3, 3, 2
0, 0, 0, 0, 0, 0, 3, 1, 1
0, 0, 0, 0, 0, 0, 3, 1, 1
0, 0, 0, 0, 0, 0, 3, 1, 1
0, 0, 0, 0, 0, 0, 0, 3, 1
0, 3, 1, 1, 1, 1, 1, 1, 1
0, 0, 0, 0, 0, 0, 0, 3, 1
0, 0, 0, 3, 1, 1, 1, 1, 1
0, 0, 0, 0, 0, 0, 0, 3, 1
0, 0, 0, 0, 0, 0, 0, 3, 1
0, 0, 0, 0, 0, 0, 0, 3, 1
0, 0, 0, 0, 0, 0, 0, 0, 3
0, 0, 0, 3, 1, 1, 1, 1, 1
0, 0, 0, 3, 1, 1, 1, 1, 1
0, 0, 0, 3, 1, 1, 1, 1, 1
0, 0, 0, 3, 1, 1, 1, 1, 1
0, 0, 0, 3, 1, 1, 1, 1, 1
0, 0, 0, 3, 1, 1, 1, 1, 1
0, 0, 0, 3, 1, 1, 1, 1, 1
0, 0, 0, 3, 1, 1, 1, 1, 1
0, 0, 0, 3, 1, 1, 1, 1, 1
0, 0, 0, 3, 1, 1, 1, 1, 1
0, 0, 0, 3, 1, 1, 1, 1, 1
0, 0, 0, 3, 1, 1, 1, 1, 1
0, 0, 0, 3, 1, 1, 1, 1, 1
0, 0, 0, 0, 0, 0, 3, 1, 1
0, 0, 0, 3, 1, 1, 1, 1, 1
0, 0, 0, 0, 0, 0, 3, 1, 1
0, 0, 0, 0, 0, 0, 3, 1, 1
0, 0, 0, 0, 0, 0, 3, 1, 1
0, 0, 0, 0, 0, 0, 3, 1, 1
0, 0, 0, 0, 0, 0, 0, 3, 1
0, 0, 0, 0, 0, 0, 0, 3, 3
0, 0, 0, 0, 0, 0, 0, 3, 1
0, 3, 1, 1, 1, 1, 1, 1, 1
0, 3, 1, 1, 1, 1, 1, 1, 1
0, 0, 0, 0, 0, 0, 3, 1, 1
0, 3, 1, 1, 1, 1, 1, 1, 1
0, 3, 1, 1, 1, 1, 1, 1, 1
0, 0, 0, 3, 1, 1, 1, 1, 1
0, 0, 0, 0, 0, 0, 0, 3, 1
0, 0, 0, 0, 0, 0, 0, 3, 3
0, 0, 0, 0, 0, 0, 3, 1, 1
0, 0, 0, 0, 0, 0, 3, 1, 1
0, 0, 0, 0, 0, 0, 0, 3, 1
0, 0, 0, 0, 0, 0, 3, 1, 1
0, 0, 0, 0, 0, 0, 3, 1, 1
0, 0, 0, 0, 0, 0, 3, 1, 1
0, 0, 0, 0, 0, 0, 3, 1, 1
0, 0, 0, 0, 0, 0, 0, 0, 3
0, 0, 0, 0, 0, 0, 3, 1, 1
0, 0, 0, 0, 0, 3, 1, 1, 1
0, 0, 0, 0, 3, 1, 1, 1, 1
0, 3, 1, 1, 1, 1, 1, 1, 1
0, 0, 0, 0, 0, 0, 0, 0, 3
0, 0, 0, 0, 3, 1, 1, 1, 1
0, 0, 0, 0, 0, 0, 3, 2, 2
0, 0, 0, 0, 0, 0, 3, 1, 1
0, 0, 0, 0, 0, 0, 3, 1, 1
0, 0, 0, 0, 0, 0, 3, 1, 1
0, 0, 0, 0, 0, 0, 3, 1, 1
0, 3, 1, 1, 1, 1, 1, 1, 1
0, 3, 1, 1, 1, 1, 1, 1, 1
0, 3, 1, 1, 1, 1, 1, 1, 1
0, 3, 1, 1, 1, 1, 1, 1, 1
0, 3, 1, 1, 1, 1, 1, 1, 1
0, 3, 1, 1, 1, 1, 1, 1, 1
0, 0, 0, 0, 0, 0, 0, 3, 1
0, 0, 0, 0, 0, 0, 0, 3, 1
0, 0, 0, 0, 0, 3, 3, 3, 1
0, 0, 0, 0, 0, 3, 1, 1, 1
0, 0, 0, 0, 0, 3, 1, 1, 1
0, 0, 0, 0, 0, 3, 1, 1, 1
0, 0, 0, 0, 0, 3, 1, 1, 1
0, 0, 0, 0, 0, 3, 1, 1, 1
0, 0, 0, 3, 3, 3, 1, 1, 1
0, 0, 0, 3, 3, 3, 1, 1, 1
0, 0, 0, 3, 3, 3, 1, 1, 1
0, 0, 0, 3, 3, 3, 3, 3, 1
0, 0, 0, 0, 0, 3, 1, 1, 1
0, 0, 0, 3, 3, 3, 3, 3, 1
0, 0, 0, 3, 3, 3, 3, 3, 1
0, 0, 0, 3, 3, 3, 3, 3, 3
0, 0, 0, 0, 0, 0, 0, 3, 1
0, 0, 0, 0, 0, 0, 0, 3, 1
0, 0, 0, 0, 0, 0, 3, 1, 1
0, 0, 0, 0, 0, 3, 1, 1, 1
0, 0, 0, 0, 0, 3, 2, 2, 2
0, 0, 0, 0, 0, 0, 0, 0, 3
0, 0, 0, 0, 0, 0, 3, 3, 1
0, 0, 0, 0, 0, 0, 3, 1, 1
0, 0, 0, 0, 0, 0, 0, 3, 1
0, 0, 0, 0, 0, 0, 3, 3, 2
0, 0, 0, 0, 0, 0, 0, 3, 1
0, 0, 0, 0, 0, 0, 3, 1, 1
0, 0, 0, 0, 0, 0, 0, 0, 3
0, 0, 0, 0, 0, 0, 3, 3, 1
0, 0, 0, 0, 0, 0, 0, 0, 3
0, 0, 0, 0, 0, 0, 3, 1, 1
0, 0, 0, 0, 0, 0, 3, 3, 3
0, 0, 0, 0, 0, 0, 3, 1, 1
0, 0, 0, 0, 0, 0, 0, 0, 3
0, 0, 0, 0, 0, 0, 0, 3, 1
0, 0, 0, 0, 0, 0, 0, 3, 3
0, 0, 0, 0, 0, 0, 0, 3, 3
0, 0, 0, 0, 0, 0, 0, 3, 1
0, 0, 0, 0, 0, 0, 0, 3, 3
0, 0, 0, 0, 0, 0, 0, 0, 3
0, 0, 0, 0, 0, 0, 0, 0, 3
0, 0, 0, 0, 0, 3, 1, 1, 1
0, 0, 3, 1, 1, 1, 1, 1, 1
0, 0, 0, 0, 0, 0, 0, 3, 1
0, 0, 0, 0, 0, 0, 0, 0, 3
0, 0, 0, 0, 0, 0, 0, 0, 3
0, 0, 0, 0, 0, 0, 0, 3, 1
0, 0, 0, 0, 0, 0, 3, 3, 1
0, 0, 0, 0, 0, 0, 3, 1, 1
0, 0, 0, 0, 0, 0, 0, 0, 3
0, 0, 0, 0, 0, 0, 0, 3, 1
0, 0, 0, 0, 0, 0, 3, 1, 1
0, 0, 0, 0, 0, 0, 3, 1, 1
0, 0, 0, 0, 0, 0, 0, 3, 1
0, 0, 0, 0, 0, 0, 0, 3, 1
0, 0, 0, 3, 1, 1, 1, 1, 1
0, 0, 0, 0, 0, 0, 3, 1, 1
0, 0, 0, 0, 0, 0, 0, 0, 3
0, 0, 0, 0, 0, 0, 0, 0, 3
0, 0, 0, 0, 0, 0, 3, 3, 1
0, 0, 0, 0, 0, 0, 3, 3, 3
0, 0, 0, 0, 0, 0, 3, 3, 3
0, 0, 0, 0, 0, 0, 3, 3, 3
0, 0, 0, 0, 0, 0, 0, 0, 3
0, 0, 0, 0, 0, 0, 3, 3, 3
0, 0, 0, 0, 0, 0, 0, 3, 1
0, 0, 0, 0, 0, 0, 3, 3, 3
0, 0, 0, 0, 0, 0, 3, 3, 3
0, 0, 0, 0, 0, 0, 0, 3, 3
0, 0, 0, 0, 0, 0, 3, 3, 3
0, 0, 0, 0, 0, 0, 3, 3, 3
0, 0, 0, 0, 0, 0, 3, 3, 3
0, 0, 0, 0, 0, 0, 3, 3, 3
0, 0, 0, 0, 0, 0, 0, 3, 3
0, 0, 0, 0, 0, 0, 0, 3, 3
0, 0, 0, 0, 0, 0, 0, 3, 3
0, 0, 0, 0, 0, 0, 0, 3, 3
0, 0, 0, 0, 0, 0, 0, 0, 3
0, 0, 0, 0, 0, 0, 0, 0, 3
0, 0, 0, 0, 0, 0, 3, 1, 1
0, 0, 0, 0, 0, 0, 0, 3, 2
0, 0, 0, 0, 0, 0, 3, 1, 1
0, 0, 0, 0, 0, 3, 1, 1, 1
0, 0, 0, 0, 0, 0, 0, 0, 3
0, 3, 1, 1, 1, 1, 1, 1, 1
0, 3, 1, 1, 1, 1, 1, 1, 1
0, 3, 1, 1, 1, 1, 1, 1, 1
0, 0, 0, 3, 1, 1, 1, 1, 1
0, 3, 1, 1, 1, 1, 1, 1, 1
0, 3, 1, 1, 1, 1, 1, 1, 1
0, 0, 0, 0, 0, 3, 1, 1, 1
0, 0, 0, 3, 2, 2, 2, 2, 2
0, 0, 0, 3, 3, 2, 2, 2, 2
0, 0, 0, 0, 0, 0, 0, 3, 1
0, 0, 0, 0, 0, 0, 0, 3, 1
0, 0, 0, 0, 0, 0, 0, 3, 3
0, 0, 0, 3, 1, 1, 1, 1, 1
0, 0, 0, 0, 0, 0, 0, 3, 1
0, 0, 0, 0, 0, 0, 3, 1, 1
0, 0, 0, 3, 1, 1, 1, 1, 1
0, 0, 0, 0, 0, 0, 3, 1, 1
0, 0, 0, 0, 0, 0, 0, 3, 1
0, 0, 0, 3, 1, 1, 1, 1, 1
0, 0, 0, 0, 0, 0, 3, 1, 1
0, 0, 0, 0, 0, 0, 3, 1, 1
0, 0, 0, 0, 0, 0, 3, 1, 1
0, 0, 0, 0, 0, 3, 1, 1, 1
0, 0, 0, 0, 0, 0, 3, 1, 1
0, 0, 0, 0, 0, 0, 3, 1, 1
0, 3, 1, 1, 1, 1, 1, 1, 1
0, 0, 0, 0, 0, 0, 0, 0, 3
0, 0, 3, 1, 1, 1, 1, 1, 1
0, 0, 0, 3, 1, 1, 1, 1, 1
0, 0, 0, 3, 1, 1, 1, 1, 1
0, 0, 0, 0, 0, 0, 0, 3, 1
0, 0, 0, 0, 0, 0, 3, 1, 1
0, 0, 0, 0, 0, 0, 3, 1, 1
0, 0, 0, 0, 0, 0, 3, 1, 1
0, 0, 0, 0, 0, 3, 1, 1, 1
0, 0, 0, 0, 0, 0, 0, 3, 1
0, 0, 0, 0, 0, 0, 0, 0, 3
0, 0, 0, 0, 0, 0, 3, 3, 2
0, 3, 3, 3, 3, 3, 3, 3, 3
0, 0, 0, 0, 0, 0, 0, 3, 1
0, 0, 0, 0, 0, 3, 1, 1, 1
0, 3, 1, 1, 1, 1, 1, 1, 1
0, 3, 1, 1, 1, 1, 1, 1, 1
0, 0, 0, 3, 1, 1, 1, 1, 1
0, 0, 0, 0, 0, 0, 3, 1, 1
0, 0, 0, 0, 0, 0, 0, 0, 3
0, 0, 0, 0, 0, 3, 3, 3, 1
0, 0, 0, 3, 1, 1, 1, 1, 1
0, 0, 0, 3, 1, 1, 1, 1, 1
0, 0, 0, 3, 1, 1, 1, 1, 1
0, 0, 0, 0, 0, 0, 3, 1, 1
0, 0, 0, 0, 0, 0, 0, 3, 1
0, 0, 0, 0, 3, 2, 2, 2, 2
0, 0, 0, 0, 0, 0, 3, 1, 1
0, 0, 0, 0, 0, 0, 0, 3, 1
0, 0, 0, 0, 0, 0, 3, 3, 2
0, 3, 1, 1, 1, 1, 1, 1, 1
0, 3, 1, 1, 1, 1, 1, 1, 1
0, 3, 1, 1, 1, 1, 1, 1, 1
0, 3, 3, 3, 1, 1, 1, 1, 1
0, 0, 0, 3, 1, 1, 1, 1, 1
0, 0, 0, 3, 1, 1, 1, 1, 1
0, 0, 0, 0, 0, 0, 0, 3, 1
0, 0, 0, 0, 0, 0, 0, 3, 1
0, 0, 0, 0, 0, 0, 0, 3, 1
0, 3, 3, 3, 3, 3, 3, 3, 1
0, 3, 1, 1, 1, 1, 1, 1, 1
0, 3, 1, 1, 1, 1, 1, 1, 1
0, 3, 3, 3, 3, 3, 3, 3, 3
0, 0, 3, 3, 3, 3, 3, 3, 3
0, 0, 0, 3, 1, 1, 1, 1, 1
0, 0, 0, 0, 0, 0, 0, 3, 1
0, 0, 0, 3, 1, 1, 1, 1, 1
0, 3, 3, 3, 1, 1, 1, 1, 1
0, 3, 3, 3, 3, 3, 3, 3, 1
0, 3, 1, 1, 1, 1, 1, 1, 1
0, 0, 0, 0, 0, 0, 0, 3, 1
0, 0, 0, 0, 0, 0, 0, 3, 1
0, 0, 0, 0, 0, 0, 0, 3, 1
0, 0, 3, 3, 1, 1, 1, 1, 1
0, 0, 3, 3, 1, 1, 1, 1, 1
0, 0, 3, 3, 3, 3, 3, 3, 1
0, 0, 3, 3, 3, 3, 3, 3, 1
0, 3, 1, 1, 1, 1, 1, 1, 1
0, 0, 0, 0, 0, 0, 3, 3, 3
0, 3, 3, 3, 3, 3, 3, 3, 1
0, 3, 1, 1, 1, 1, 1, 1, 1
0, 3, 3, 3, 3, 3, 3, 1, 1
0, 0, 0, 0, 0, 0, 3, 1, 1
0, 0, 0, 0, 0, 0, 0, 3, 1
0, 0, 0, 0, 0, 0, 0, 3, 1
0, 0, 3, 3, 3, 2, 2, 2, 2
0, 0, 3, 2, 2, 2, 2, 2, 2
0, 0, 0, 0, 0, 3, 1, 1, 1
0, 0, 0, 0, 0, 0, 3, 1, 1
0, 0, 0, 0, 3, 1, 1, 1, 1
