0, 2079, 4620, 6929, 9240, 11549, 13859, 16169, 18480, 20789
0.001, 0.445256293929, 0.889512587859, 0.815440916887, 0.999, 0.798335015897, 0.73928010471, 0.828058125347, 0.67814670703, 0.503684342532
0.001, 0.0342007381115, 0.0674014762231, 0.184559083113, 0.001, 0.182208794273, 0.218235861825, 0.171941874653, 0.32185329297, 0.461406411924
614.0, 594.0, 555.0, 534.0, 454.0, 400.0, 279.0, 226.0, 70.0, 0.0
0.0, 20.0, 40.0, 42.0, 91.0, 70.0, 137.0, 95.0, 193.0, 112.0
0.0, 0.0, 10.0, 24.0, 54.0, 118.0, 164.0, 259.0, 305.0, 436.0
0.0, 0.0, 9.0, 10.0, 10.0, 10.0, 11.0, 12.0, 13.0, 13.0
0.0, 0.0, 0.0, 3.0, 3.0, 9.0, 14.0, 13.0, 15.0, 30.0
0.0, 0.0, 0.0, 1.0, 2.0, 7.0, 9.0, 9.0, 18.0, 23.0
0, 0, 0, 0, 0, 0, 7, 1, 1, 1
0, 0, 0, 0, 0, 0, 7, 1, 1, 1
0, 0, 0, 0, 0, 7, 1, 1, 1, 1
0, 0, 0, 0, 0, 0, 0, 0, 7, 1
0, 0, 0, 0, 7, 4, 4, 4, 4, 4
0, 0, 0, 0, 7, 1, 1, 1, 1, 1
0, 0, 0, 0, 0, 0, 7, 1, 1, 1
0, 0, 0, 0, 0, 0, 7, 1, 1, 1
0, 0, 0, 0, 0, 0, 0, 0, 0, 6
0, 0, 0, 0, 0, 0, 0, 0, 7, 1
0, 5, 1, 0, 6, 6, 6, 6, 6, 3
0, 5, 1, 0, 6, 6, 3, 8, 2, 2
0, 5, 2, 2, 2, 2, 2, 2, 2, 2
0, 0, 0, 0, 0, 7, 1, 1, 1, 1
0, 0, 0, 0, 0, 0, 0, 0, 0, 6
0, 0, 0, 0, 0, 0, 7, 7, 4, 4
0, 0, 0, 0, 0, 0, 0, 0, 7, 1
0, 0, 0, 0, 0, 0, 0, 0, 0, 6
0, 0, 0, 0, 0, 0, 0, 0, 7, 1
0, 0, 0, 0, 0, 0, 0, 0, 6, 6
0, 0, 0, 0, 0, 0, 0, 0, 6, 6
0, 0, 0, 0, 0, 0, 0, 0, 0, 6
0, 0, 0, 0, 0, 0, 0, 0, 6, 6
0, 0, 0, 0, 0, 0, 6, 6, 6, 6
0, 0, 0, 0, 0, 0, 6, 6, 6, 6
0, 0, 0, 0, 0, 0, 0, 0, 0, 6
0, 0, 0, 0, 0, 0, 0, 0, 6, 6
0, 0, 0, 0, 0, 0, 7, 7, 4, 4
0, 0, 0, 0, 0, 0, 7, 7, 4, 4
0, 0, 0, 0, 0, 0, 6, 6, 6, 6
0, 0, 0, 0, 0, 0, 7, 1, 1, 1
0, 0, 0, 0, 0, 0, 0, 0, 6, 6
0, 0, 0, 0, 0, 0, 7, 1, 1, 1
0, 0, 0, 0, 0, 7, 1, 1, 1, 1
0, 0, 0, 0, 6, 1, 1, 1, 1, 1
0, 0, 0, 0, 0, 7, 1, 1, 1, 1
0, 0, 0, 0, 0, 7, 1, 1, 1, 1
0, 0, 0, 0, 0, 6, 6, 6, 6, 3
0, 0, 0, 0, 7, 1, 1, 1, 1, 1
0, 0, 0, 0, 7, 1, 1, 1, 1, 1
0, 0, 0, 0, 0, 0, 0, 7, 1, 1
0, 0, 0, 0, 0, 0, 0, 7, 1, 1
0, 0, 0, 0, 0, 5, 2, 2, 2, 2
0, 0, 0, 0, 0, 0, 0, 0, 0, 6
0, 0, 0, 0, 0, 0, 7, 1, 1, 1
0, 0, 0, 0, 6, 1, 1, 1, 1, 1
0, 0, 0, 6, 6, 6, 6, 6, 6, 6
0, 0, 0, 0, 0, 0, 7, 1, 1, 1
0, 0, 0, 0, 0, 0, 0, 0, 7, 1
0, 0, 0, 0, 0, 0, 7, 1, 1, 1
0, 0, 0, 0, 0, 0, 0, 0, 0, 6
0, 5, 1, 1, 1, 1, 1, 0, 6, 6
0, 0, 0, 0, 0, 0, 0, 0, 6, 6
0, 0, 0, 0, 0, 0, 0, 0, 0, 6
0, 0, 0, 0, 7, 1, 1, 1, 1, 1
0, 0, 0, 0, 7, 1, 1, 1, 1, 1
0, 0, 0, 0, 0, 0, 0, 0, 7, 1
0, 0, 0, 0, 7, 1, 1, 1, 1, 1
0, 5, 1, 1, 1, 1, 1, 1, 1, 1
0, 0, 0, 0, 0, 0, 0, 0, 7, 1
0, 0, 0, 0, 0, 0, 0, 0, 7, 1
0, 0, 7, 1, 1, 1, 1, 1, 1, 1
0, 0, 7, 1, 1, 1, 1, 1, 1, 1
0, 0, 6, 6, 1, 1, 1, 1, 1, 1
0, 0, 7, 7, 1, 1, 1, 1, 1, 1
0, 0, 0, 0, 0, 0, 0, 0, 7, 1
0, 0, 7, 7, 1, 1, 1, 1, 1, 1
0, 0, 0, 0, 0, 0, 0, 0, 7, 1
0, 0, 0, 0, 0, 0, 0, 0, 7, 1
0, 0, 7, 7, 7, 7, 7, 7, 7, 1
0, 0, 0, 0, 0, 0, 0, 6, 6, 6
0, 0, 0, 0, 0, 0, 0, 7, 1, 1
0, 0, 0, 0, 0, 0, 0, 7, 1, 1
0, 0, 0, 0, 0, 0, 0, 0, 0, 6
0, 0, 0, 0, 0, 0, 0, 7, 1, 1
0, 0, 0, 0, 0, 0, 0, 0, 6, 6
0, 0, 0, 0, 0, 0, 0, 7, 1, 1
0, 0, 0, 0, 0, 0, 0, 7, 1, 1
0, 0, 0, 0, 0, 0, 0, 7, 1, 1
0, 0, 0, 0, 0, 0, 0, 7, 1, 1
0, 0, 0, 0, 0, 0, 0, 6, 6, 6
0, 0, 0, 0, 0, 0, 0, 6, 1, 1
0, 0, 0, 0, 0, 0, 0, 6, 1, 1
0, 0, 0, 7, 7, 7, 7, 7, 1, 1
0, 0, 7, 7, 1, 1, 1, 1, 1, 1
0, 0, 7, 7, 1, 1, 1, 1, 1, 1
0, 0, 0, 7, 7, 7, 7, 7, 1, 1
0, 0, 0, 0, 0, 0, 0, 0, 7, 1
0, 0, 0, 0, 0, 6, 6, 6, 3, 3
0, 0, 0, 0, 0, 0, 0, 0, 0, 6
0, 0, 0, 0, 0, 0, 0, 0, 7, 1
0, 0, 7, 1, 1, 1, 1, 1, 1, 1
0, 0, 0, 0, 0, 0, 7, 7, 7, 1
0, 0, 0, 0, 0, 0, 0, 0, 7, 1
0, 0, 0, 0, 0, 0, 0, 0, 7, 1
0, 0, 0, 0, 0, 0, 0, 6, 6, 3
0, 0, 0, 0, 0, 0, 7, 1, 1, 1
0, 0, 0, 0, 0, 7, 1, 1, 1, 1
0, 0, 0, 0, 0, 0, 0, 0, 7, 1
0, 5, 1, 1, 1, 1, 1, 1, 1, 1
0, 0, 0, 0, 0, 0, 7, 1, 1, 1
0, 0, 0, 0, 0, 0, 7, 1, 1, 1
0, 0, 0, 0, 0, 0, 7, 1, 1, 1
0, 0, 0, 0, 6, 1, 1, 1, 1, 1
0, 0, 0, 0, 7, 1, 1, 1, 1, 1
0, 0, 0, 0, 0, 0, 7, 1, 1, 1
0, 0, 0, 0, 0, 0, 0, 7, 1, 1
0, 0, 0, 0, 0, 0, 7, 1, 1, 1
0, 0, 0, 0, 0, 0, 7, 1, 1, 1
0, 0, 0, 0, 0, 7, 4, 4, 4, 4
0, 0, 0, 0, 0, 0, 7, 1, 1, 1
0, 0, 0, 0, 0, 0, 0, 0, 7, 1
0, 5, 2, 2, 2, 2, 2, 2, 2, 2
0, 0, 0, 0, 0, 0, 0, 7, 1, 1
0, 0, 0, 0, 0, 0, 0, 0, 7, 1
0, 0, 0, 0, 0, 0, 0, 0, 7, 1
0, 0, 0, 0, 7, 1, 1, 1, 1, 1
0, 0, 0, 0, 0, 0, 0, 0, 0, 6
0, 0, 0, 0, 7, 1, 1, 1, 1, 1
0, 0, 0, 0, 7, 1, 1, 1, 1, 1
0, 0, 0, 0, 0, 0, 0, 0, 7, 1
0, 0, 0, 0, 0, 0, 0, 0, 6, 6
0, 0, 0, 0, 0, 0, 0, 0, 7, 1
0, 0, 0, 0, 0, 0, 0, 0, 7, 1
0, 0, 0, 0, 0, 0, 0, 0, 7, 1
0, 0, 0, 0, 0, 0, 0, 0, 6, 6
0, 0, 0, 0, 0, 0, 0, 0, 7, 1
0, 0, 0, 0, 0, 0, 0, 0, 0, 6
0, 0, 0, 0, 0, 0, 0, 5, 1, 1
0, 0, 0, 0, 0, 0, 7, 1, 1, 1
0, 0, 0, 0, 0, 0, 0, 0, 7, 1
0, 0, 0, 0, 0, 7, 1, 1, 1, 1
0, 0, 0, 0, 0, 0, 0, 0, 7, 1
0, 0, 0, 0, 0, 0, 0, 0, 7, 1
0, 0, 0, 0, 0, 0, 0, 0, 7, 1
0, 0, 0, 0, 0, 0, 7, 1, 1, 1
0, 0, 0, 0, 0, 0, 0, 0, 0, 6
0, 0, 0, 0, 0, 7, 1, 1, 1, 1
0, 0, 0, 0, 0, 0, 0, 0, 0, 6
0, 0, 0, 0, 0, 0, 7, 1, 1, 1
0, 0, 0, 0, 0, 0, 0, 7, 1, 1
0, 0, 0, 0, 6, 1, 1, 1, 1, 1
0, 0, 0, 0, 0, 0, 7, 1, 1, 1
0, 0, 0, 0, 0, 0, 7, 1, 1, 1
0, 0, 0, 0, 7, 1, 1, 1, 1, 1
0, 0, 0, 0, 0, 0, 0, 0, 7, 1
0, 0, 0, 0, 0, 0, 0, 0, 0, 6
0, 0, 0, 0, 0, 0, 7, 1, 1, 1
0, 0, 0, 0, 0, 0, 0, 7, 1, 1
0, 0, 0, 0, 0, 0, 0, 7, 1, 1
0, 0, 0, 0, 0, 0, 0, 0, 7, 1
0, 0, 0, 0, 0, 0, 7, 1, 1, 1
0, 0, 0, 0, 0, 0, 5, 1, 1, 1
0, 0, 0, 0, 0, 0, 0, 0, 7, 1
0, 0, 0, 0, 0, 0, 7, 1, 1, 1
0, 0, 0, 0, 0, 0, 0, 0, 7, 1
0, 0, 0, 0, 0, 0, 0, 0, 7, 1
0, 5, 2, 2, 2, 2, 2, 2, 2, 2
0, 0, 0, 0, 0, 0, 0, 0, 0, 6
0, 0, 0, 0, 0, 0, 0, 0, 0, 6
0, 0, 0, 0, 6, 3, 3, 3, 3, 3
0, 0, 0, 0, 0, 0, 0, 0, 0, 6
0, 0, 0, 0, 0, 0, 0, 0, 7, 1
0, 0, 0, 0, 6, 1, 1, 1, 1, 1
0, 0, 0, 0, 0, 0, 7, 1, 1, 1
0, 0, 0, 0, 0, 0, 0, 0, 7, 4
0, 0, 0, 0, 0, 0, 7, 1, 1, 1
0, 0, 0, 0, 0, 0, 0, 0, 7, 1
0, 0, 0, 0, 0, 7, 1, 1, 1, 1
0, 0, 0, 0, 0, 0, 7, 1, 1, 1
0, 5, 1, 1, 1, 1, 1, 1, 1, 1
0, 0, 0, 0, 0, 0, 0, 0, 7, 1
0, 0, 0, 0, 0, 0, 0, 0, 0, 6
0, 0, 0, 0, 0, 0, 0, 0, 7, 1
0, 0, 0, 0, 0, 0, 0, 7, 1, 1
0, 0, 0, 0, 0, 0, 0, 0, 7, 1
0, 5, 1, 1, 1, 1, 1, 1, 1, 1
0, 5, 1, 1, 1, 1, 1, 1, 1, 1
0, 0, 0, 0, 7, 1, 1, 1, 1, 1
0, 0, 0, 0, 7, 1, 1, 1, 1, 1
0, 0, 0, 0, 7, 1, 1, 1, 1, 1
0, 0, 0, 0, 7, 1, 1, 1, 1, 1
0, 0, 0, 0, 7, 1, 1, 1, 1, 1
0, 0, 0, 0, 7, 1, 1, 1, 1, 1
0, 0, 0, 0, 7, 1, 1, 1, 1, 1
0, 0, 0, 0, 7, 1, 1, 1, 1, 1
0, 0, 0, 0, 0, 0, 0, 0, 0, 6
0, 0, 0, 0, 0, 0, 7, 1, 1, 1
0, 0, 0, 0, 0, 0, 7, 1, 1, 1
0, 0, 0, 0, 0, 0, 7, 1, 1, 1
0, 0, 0, 0, 0, 0, 7, 1, 1, 1
0, 0, 0, 0, 0, 0, 7, 1, 1, 1
0, 0, 0, 0, 0, 0, 7, 1, 1, 1
0, 0, 0, 0, 0, 0, 0, 0, 0, 6
0, 0, 0, 0, 0, 0, 0, 7, 1, 1
0, 0, 0, 0, 0, 0, 0, 0, 0, 6
0, 0, 0, 0, 0, 0, 0, 0, 0, 6
0, 0, 0, 0, 0, 0, 0, 0, 7, 1
0, 0, 0, 0, 0, 0, 0, 0, 7, 1
0, 0, 0, 0, 0, 0, 0, 0, 6, 6
0, 0, 0, 0, 0, 0, 0, 0, 7, 1
0, 0, 0, 0, 0, 0, 0, 0, 7, 1
0, 0, 0, 0, 0, 0, 0, 0, 7, 1
0, 0, 0, 0, 0, 0, 0, 0, 7, 1
0, 0, 0, 0, 0, 0, 0, 0, 7, 1
0, 0, 0, 0, 0, 0, 0, 0, 7, 1
0, 0, 0, 0, 0, 0, 0, 0, 7, 1
0, 0, 0, 0, 0, 0, 0, 0, 6, 6
0, 0, 0, 0, 0, 0, 7, 1, 1, 1
0, 5, 2, 2, 2, 2, 2, 2, 2, 2
0, 5, 2, 2, 2, 2, 2, 2, 2, 2
0, 0, 0, 0, 0, 0, 7, 1, 1, 1
0, 0, 0, 0, 0, 0, 0, 0, 0, 5
0, 0, 0, 0, 0, 0, 7, 1, 1, 1
0, 0, 0, 0, 0, 0, 7, 1, 1, 1
0, 0, 0, 0, 0, 0, 0, 0, 0, 6
0, 0, 0, 0, 0, 0, 6, 6, 6, 6
0, 0, 0, 0, 0, 0, 7, 1, 1, 1
0, 0, 0, 0, 6, 3, 3, 3, 3, 3
0, 0, 0, 0, 7, 1, 1, 1, 1, 1
0, 0, 0, 0, 0, 7, 1, 1, 1, 1
0, 0, 0, 0, 0, 0, 0, 7, 1, 1
0, 0, 0, 7, 1, 1, 1, 1, 1, 1
0, 0, 0, 0, 7, 1, 1, 1, 1, 1
0, 0, 0, 0, 7, 1, 1, 1, 1, 1
0, 0, 0, 0, 7, 1, 1, 1, 1, 1
0, 0, 0, 0, 0, 0, 0, 0, 0, 6
0, 0, 0, 0, 0, 0, 0, 0, 7, 1
0, 0, 0, 0, 0, 0, 0, 0, 0, 6
0, 0, 0, 7, 1, 1, 1, 1, 1, 1
0, 0, 0, 7, 1, 1, 1, 1, 1, 1
0, 0, 0, 7, 1, 1, 1, 1, 1, 1
0, 0, 7, 7, 7, 7, 7, 7, 7, 1
0, 0, 7, 1, 1, 1, 1, 1, 1, 1
0, 0, 0, 0, 0, 0, 0, 7, 7, 1
0, 0, 7, 1, 1, 1, 1, 1, 1, 1
0, 0, 7, 1, 1, 1, 1, 1, 1, 1
0, 0, 7, 1, 1, 1, 1, 1, 1, 1
0, 0, 7, 1, 1, 1, 1, 1, 1, 1
0, 0, 7, 1, 1, 1, 1, 1, 1, 1
0, 0, 0, 0, 7, 1, 1, 1, 1, 1
0, 0, 0, 0, 7, 1, 1, 1, 1, 1
0, 0, 7, 1, 1, 1, 1, 1, 1, 1
0, 0, 7, 1, 1, 1, 1, 1, 1, 1
0, 0, 0, 0, 0, 0, 0, 0, 7, 1
0, 0, 0, 0, 0, 0, 0, 0, 7, 1
0, 0, 0, 0, 0, 0, 7, 1, 1, 1
0, 0, 0, 0, 0, 0, 0, 0, 0, 6
0, 0, 0, 0, 0, 7, 1, 1, 1, 1
0, 0, 0, 0, 0, 0, 7, 1, 1, 1
0, 0, 0, 0, 7, 1, 1, 1, 1, 1
0, 0, 0, 0, 0, 0, 7, 7, 7, 1
0, 0, 0, 0, 0, 0, 0, 0, 6, 6
0, 0, 0, 0, 0, 0, 0, 0, 7, 1
0, 0, 0, 0, 0, 0, 0, 0, 7, 1
0, 0, 0, 0, 0, 0, 0, 0, 7, 1
0, 0, 0, 0, 0, 0, 0, 0, 0, 6
0, 0, 0, 0, 0, 0, 0, 0, 0, 6
0, 0, 0, 0, 0, 0, 0, 0, 7, 1
0, 0, 0, 0, 0, 0, 0, 0, 7, 1
0, 0, 0, 0, 7, 4, 4, 4, 4, 4
0, 0, 0, 0, 0, 0, 0, 0, 0, 5
0, 0, 0, 0, 0, 0, 7, 1, 1, 1
0, 0, 0, 0, 0, 0, 0, 0, 0, 6
0, 0, 0, 0, 0, 0, 7, 1, 1, 1
0, 0, 0, 0, 0, 0, 0, 0, 6, 6
0, 0, 0, 0, 7, 1, 1, 1, 1, 1
0, 0, 0, 0, 6, 1, 1, 1, 1, 1
0, 0, 0, 0, 0, 0, 0, 0, 0, 6
0, 0, 0, 0, 0, 0, 0, 6, 1, 1
0, 0, 0, 0, 0, 0, 0, 0, 0, 6
0, 0, 0, 0, 0, 0, 7, 1, 1, 1
0, 0, 0, 0, 0, 0, 0, 0, 0, 6
0, 0, 0, 0, 0, 0, 7, 1, 1, 1
0, 0, 0, 0, 0, 0, 7, 1, 1, 1
0, 0, 0, 0, 0, 0, 7, 1, 1, 1
0, 0, 0, 0, 7, 1, 1, 1, 1, 1
0, 0, 0, 0, 0, 7, 1, 1, 1, 1
0, 0, 0, 0, 0, 0, 7, 1, 1, 1
0, 0, 0, 0, 0, 0, 0, 0, 7, 1
0, 0, 0, 0, 0, 0, 0, 7, 1, 1
0, 0, 0, 0, 0, 7, 1, 1, 1, 1
0, 0, 0, 0, 0, 0, 7, 1, 1, 1
0, 0, 0, 0, 6, 1, 1, 1, 1, 1
0, 0, 0, 0, 0, 0, 7, 1, 1, 1
0, 5, 2, 2, 2, 2, 2, 2, 2, 2
0, 0, 0, 0, 0, 0, 6, 6, 6, 3
0, 0, 0, 0, 0, 0, 0, 0, 0, 6
0, 5, 2, 2, 2, 2, 2, 2, 2, 2
0, 0, 0, 0, 0, 0, 0, 7, 1, 1
0, 0, 0, 0, 6, 1, 1, 1, 1, 1
0, 0, 0, 0, 0, 0, 7, 1, 1, 1
0, 0, 0, 0, 6, 1, 1, 1, 1, 1
0, 0, 0, 0, 0, 7, 1, 1, 1, 1
0, 0, 0, 0, 0, 0, 0, 6, 6, 1
0, 0, 0, 0, 0, 0, 0, 0, 0, 6
0, 0, 0, 0, 0, 0, 7, 7, 4, 4
0, 5, 5, 5, 1, 0, 5, 2, 2, 2
0, 0, 7, 7, 7, 7, 7, 7, 7, 1
0, 0, 0, 0, 6, 6, 6, 6, 6, 1
0, 0, 0, 0, 7, 1, 1, 1, 1, 1
0, 0, 0, 0, 0, 0, 6, 6, 1, 1
0, 0, 0, 0, 7, 1, 1, 1, 1, 1
0, 0, 0, 0, 0, 0, 0, 0, 7, 1
0, 0, 0, 0, 7, 1, 1, 1, 1, 1
0, 0, 0, 0, 0, 7, 1, 1, 1, 1
0, 0, 0, 0, 6, 1, 1, 1, 1, 1
0, 0, 0, 0, 0, 0, 0, 0, 0, 6
0, 0, 0, 0, 0, 0, 0, 7, 1, 1
0, 0, 0, 0, 0, 0, 0, 0, 7, 1
0, 0, 0, 0, 0, 0, 0, 0, 7, 1
0, 0, 0, 0, 0, 0, 0, 0, 7, 1
0, 0, 0, 0, 0, 0, 7, 1, 1, 1
0, 0, 0, 0, 6, 1, 1, 1, 1, 1
0, 0, 0, 0, 7, 4, 4, 4, 4, 4
0, 0, 0, 0, 0, 6, 3, 3, 3, 3
0, 0, 0, 0, 0, 0, 7, 1, 1, 1
0, 0, 0, 0, 0, 0, 7, 1, 1, 1
0, 0, 0, 0, 0, 0, 7, 1, 1, 1
0, 0, 0, 0, 0, 0, 0, 7, 4, 4
0, 0, 0, 0, 0, 0, 0, 7, 4, 4
0, 0, 0, 0, 0, 0, 7, 1, 1, 1
0, 0, 0, 0, 0, 0, 0, 0, 7, 1
0, 0, 0, 0, 0, 7, 1, 1, 1, 1
0, 0, 0, 0, 0, 0, 7, 1, 1, 1
0, 0, 0, 6, 6, 3, 3, 3, 3, 3
0, 0, 0, 0, 0, 0, 0, 0, 0, 6
0, 0, 0, 0, 0, 0, 0, 0, 7, 1
0, 0, 0, 0, 0, 0, 7, 1, 1, 1
0, 0, 0, 0, 0, 0, 0, 0, 7, 4
0, 0, 0, 0, 0, 0, 0, 7, 1, 1
0, 0, 0, 0, 0, 0, 0, 0, 7, 1
0, 0, 0, 0, 0, 0, 0, 0, 7, 1
0, 0, 0, 0, 7, 1, 1, 1, 1, 1
0, 0, 0, 0, 0, 0, 0, 0, 0, 6
0, 0, 0, 0, 0, 0, 0, 0, 6, 3
0, 0, 0, 0, 0, 7, 1, 1, 1, 1
0, 0, 6, 3, 3, 3, 3, 3, 3, 3
0, 0, 0, 0, 6, 1, 1, 1, 1, 1
0, 0, 0, 0, 0, 0, 0, 7, 1, 1
0, 0, 0, 0, 0, 0, 0, 6, 1, 1
0, 0, 0, 0, 0, 7, 1, 1, 1, 1
0, 0, 0, 0, 0, 0, 6, 6, 6, 3
0, 0, 0, 0, 0, 0, 7, 1, 1, 1
0, 0, 0, 0, 0, 0, 7, 1, 1, 1
0, 0, 0, 0, 0, 0, 7, 1, 1, 1
0, 0, 0, 0, 0, 0, 7, 1, 1, 1
0, 0, 0, 0, 0, 0, 7, 1, 1, 1
0, 0, 0, 0, 0, 0, 0, 0, 7, 1
0, 0, 0, 0, 0, 6, 3, 3, 3, 3
0, 0, 0, 0, 6, 1, 1, 1, 1, 1
0, 0, 0, 0, 0, 0, 7, 1, 1, 1
0, 0, 0, 0, 0, 0, 0, 6, 6, 3
0, 0, 0, 0, 0, 0, 0, 0, 7, 1
0, 0, 0, 0, 0, 0, 0, 0, 7, 1
0, 0, 0, 0, 0, 0, 0, 0, 7, 1
0, 0, 0, 0, 0, 0, 0, 0, 7, 1
0, 0, 0, 0, 0, 7, 1, 1, 1, 1
0, 0, 0, 0, 0, 0, 7, 1, 1, 1
0, 0, 0, 0, 0, 0, 0, 0, 6, 3
0, 0, 7, 1, 1, 1, 1, 1, 1, 1
0, 0, 7, 7, 1, 1, 1, 1, 1, 1
0, 0, 0, 0, 0, 0, 0, 0, 7, 1
0, 0, 0, 0, 0, 0, 0, 0, 7, 1
0, 0, 0, 0, 0, 0, 0, 0, 7, 1
0, 0, 0, 0, 0, 0, 7, 7, 4, 4
0, 0, 0, 0, 7, 1, 1, 1, 1, 1
0, 0, 0, 0, 0, 0, 7, 1, 1, 1
0, 0, 0, 0, 0, 0, 0, 6, 6, 3
0, 0, 0, 0, 7, 1, 1, 1, 1, 1
0, 0, 0, 0, 0, 0, 7, 1, 1, 1
0, 0, 0, 0, 0, 0, 0, 0, 0, 6
0, 0, 0, 0, 0, 0, 7, 1, 1, 1
0, 0, 0, 0, 7, 4, 4, 4, 4, 4
0, 0, 0, 0, 7, 4, 4, 4, 4, 4
0, 0, 0, 0, 6, 1, 1, 1, 1, 1
0, 0, 0, 0, 0, 0, 0, 0, 7, 1
0, 0, 0, 0, 0, 0, 0, 0, 7, 1
0, 0, 0, 0, 0, 0, 0, 0, 0, 5
0, 0, 0, 0, 0, 0, 0, 0, 5, 5
0, 0, 0, 0, 0, 0, 0, 0, 5, 5
0, 0, 0, 0, 0, 0, 0, 0, 5, 5
0, 0, 0, 0, 0, 7, 1, 1, 1, 1
0, 0, 0, 0, 0, 0, 0, 0, 0, 6
0, 0, 7, 1, 1, 1, 1, 1, 1, 1
0, 0, 0, 0, 0, 7, 1, 1, 1, 1
0, 0, 0, 0, 0, 7, 1, 1, 1, 1
0, 0, 0, 0, 0, 0, 0, 0, 7, 1
0, 0, 0, 0, 0, 0, 0, 0, 7, 1
0, 0, 0, 0, 0, 0, 0, 0, 7, 1
0, 0, 0, 0, 0, 0, 0, 0, 7, 1
0, 0, 0, 0, 0, 0, 0, 0, 7, 1
0, 0, 0, 0, 0, 0, 0, 0, 7, 1
0, 0, 0, 0, 0, 0, 0, 0, 7, 4
0, 0, 0, 0, 0, 0, 7, 1, 1, 1
0, 0, 0, 0, 0, 0, 7, 7, 7, 1
0, 0, 0, 0, 0, 0, 0, 0, 0, 6
0, 0, 0, 0, 0, 0, 0, 0, 7, 1
0, 0, 0, 0, 0, 0, 0, 7, 1, 1
0, 0, 0, 0, 0, 6, 3, 3, 3, 3
0, 0, 0, 0, 0, 0, 0, 0, 0, 6
0, 0, 0, 0, 0, 0, 7, 1, 1, 1
0, 0, 0, 0, 0, 7, 1, 1, 1, 1
0, 0, 0, 7, 4, 4, 4, 4, 4, 4
0, 0, 0, 0, 0, 0, 0, 0, 7, 1
0, 0, 0, 0, 0, 0, 7, 1, 1, 1
0, 0, 0, 0, 0, 0, 0, 7, 1, 1
0, 0, 0, 0, 0, 0, 0, 0, 0, 6
0, 0, 7, 4, 4, 4, 4, 4, 4, 4
0, 0, 0, 0, 0, 7, 1, 1, 1, 1
0, 0, 0, 0, 0, 0, 0, 0, 7, 1
0, 0, 0, 0, 0, 0, 0, 0, 7, 1
0, 0, 0, 0, 0, 0, 0, 7, 1, 1
0, 0, 0, 0, 6, 3, 3, 3, 3, 3
0, 0, 0, 0, 0, 0, 0, 0, 0, 6
0, 0, 0, 0, 0, 7, 1, 1, 1, 1
0, 0, 0, 0, 0, 0, 0, 7, 1, 1
0, 0, 0, 0, 0, 0, 0, 0, 7, 1
0, 0, 0, 0, 0, 0, 0, 0, 7, 1
0, 0, 0, 0, 0, 0, 0, 0, 7, 1
0, 0, 0, 0, 0, 0, 0, 0, 0, 6
0, 0, 0, 0, 0, 0, 0, 0, 7, 1
0, 0, 0, 0, 0, 0, 0, 0, 7, 1
0, 0, 0, 0, 0, 0, 0, 0, 0, 6
0, 0, 0, 0, 0, 0, 0, 0, 0, 6
0, 0, 0, 0, 0, 0, 0, 0, 7, 1
0, 0, 0, 0, 0, 0, 0, 0, 0, 5
0, 0, 0, 0, 0, 0, 7, 1, 1, 1
0, 0, 0, 0, 0, 0, 7, 1, 1, 1
0, 0, 0, 0, 0, 0, 0, 0, 0, 6
0, 0, 0, 0, 0, 0, 0, 0, 0, 6
0, 0, 0, 0, 0, 7, 1, 1, 1, 1
0, 0, 0, 0, 0, 7, 1, 1, 1, 1
0, 0, 0, 0, 0, 7, 1, 1, 1, 1
0, 0, 0, 0, 0, 0, 7, 1, 1, 1
0, 0, 0, 0, 0, 0, 0, 7, 1, 1
0, 0, 0, 0, 0, 0, 7, 1, 1, 1
0, 0, 0, 0, 0, 0, 0, 0, 7, 1
0, 0, 0, 0, 0, 0, 0, 0, 0, 6
0, 0, 0, 0, 7, 1, 1, 1, 1, 1
0, 0, 0, 0, 0, 0, 6, 6, 6, 3
0, 0, 0, 0, 0, 0, 0, 0, 7, 1
0, 0, 6, 3, 3, 3, 3, 3, 3, 3
0, 0, 0, 0, 0, 0, 7, 1, 1, 1
0, 0, 0, 0, 0, 0, 6, 6, 6, 6
0, 0, 0, 0, 0, 0, 0, 0, 6, 6
0, 0, 0, 0, 0, 0, 0, 0, 6, 6
0, 0, 0, 0, 0, 0, 0, 0, 6, 6
0, 0, 0, 0, 0, 0, 0, 0, 6, 6
0, 0, 0, 0, 0, 0, 0, 0, 6, 6
0, 0, 0, 0, 0, 0, 6, 6, 6, 6
0, 0, 0, 0, 0, 0, 0, 0, 7, 1
0, 0, 0, 0, 0, 0, 0, 0, 6, 6
0, 0, 0, 0, 0, 0, 0, 0, 6, 6
0, 0, 0, 0, 0, 0, 0, 0, 6, 6
0, 0, 0, 0, 0, 0, 0, 0, 6, 6
0, 0, 0, 0, 0, 0, 0, 0, 6, 6
0, 0, 0, 0, 0, 0, 0, 0, 6, 6
0, 0, 0, 0, 0, 0, 0, 0, 6, 6
0, 0, 0, 0, 0, 0, 0, 0, 6, 6
0, 0, 0, 0, 6, 1, 1, 1, 1, 1
0, 0, 0, 0, 0, 7, 1, 1, 1, 1
0, 0, 0, 0, 0, 0, 0, 0, 0, 6
0, 0, 0, 0, 0, 7, 1, 1, 1, 1
0, 0, 0, 0, 0, 7, 1, 1, 1, 1
0, 0, 0, 0, 0, 7, 1, 1, 1, 1
0, 0, 0, 0, 0, 0, 0, 7, 1, 1
0, 0, 0, 7, 7, 7, 4, 4, 4, 4
0, 0, 0, 0, 0, 6, 3, 3, 3, 3
0, 0, 0, 0, 0, 7, 1, 1, 1, 1
0, 0, 0, 0, 0, 0, 0, 7, 1, 1
0, 0, 0, 0, 0, 7, 1, 1, 1, 1
0, 0, 0, 0, 7, 1, 1, 1, 1, 1
0, 0, 0, 0, 7, 1, 1, 1, 1, 1
0, 0, 0, 0, 7, 1, 1, 1, 1, 1
0, 0, 6, 6, 6, 3, 3, 3, 3, 3
0, 0, 0, 0, 6, 1, 1, 1, 1, 1
0, 0, 0, 0, 7, 1, 1, 1, 1, 1
0, 0, 0, 0, 0, 0, 0, 0, 0, 6
0, 0, 0, 0, 0, 7, 1, 1, 1, 1
0, 0, 0, 0, 0, 0, 7, 1, 1, 1
0, 0, 0, 0, 0, 0, 0, 0, 0, 6
0, 0, 0, 0, 0, 7, 1, 1, 1, 1
0, 0, 0, 0, 6, 3, 3, 3, 3, 3
0, 0, 0, 0, 0, 0, 6, 6, 6, 3
0, 0, 0, 0, 0, 0, 0, 0, 7, 1
0, 0, 0, 0, 0, 0, 0, 0, 7, 1
0, 0, 0, 0, 0, 0, 6, 6, 1, 1
0, 0, 0, 0, 0, 0, 7, 1, 1, 1
0, 0, 0, 0, 7, 1, 1, 1, 1, 1
0, 0, 0, 0, 0, 0, 7, 1, 1, 1
0, 0, 0, 0, 0, 7, 1, 1, 1, 1
0, 0, 0, 0, 0, 0, 7, 7, 4, 4
0, 0, 0, 0, 0, 0, 0, 7, 1, 1
0, 0, 0, 0, 0, 0, 7, 1, 1, 1
0, 0, 0, 0, 0, 0, 0, 0, 0, 6
0, 0, 0, 0, 0, 0, 0, 0, 7, 1
0, 0, 0, 0, 0, 0, 0, 7, 1, 1
0, 0, 0, 0, 0, 0, 0, 0, 0, 6
0, 0, 0, 0, 0, 0, 7, 1, 1, 1
0, 0, 0, 0, 0, 0, 6, 1, 1, 1
0, 0, 0, 0, 0, 0, 7, 1, 1, 1
0, 0, 0, 0, 0, 0, 0, 0, 0, 6
0, 0, 0, 0, 0, 0, 7, 7, 7, 1
0, 0, 0, 0, 0, 0, 0, 0, 0, 6
0, 0, 0, 0, 0, 0, 0, 0, 7, 1
0, 0, 0, 0, 0, 0, 0, 0, 7, 1
0, 0, 0, 0, 0, 0, 0, 0, 0, 6
0, 0, 0, 0, 0, 7, 1, 1, 1, 1
0, 0, 0, 0, 0, 0, 7, 1, 1, 1
0, 0, 0, 0, 0, 0, 0, 7, 4, 4
0, 0, 0, 0, 0, 0, 0, 7, 1, 1
0, 0, 0, 0, 0, 0, 0, 7, 1, 1
0, 0, 0, 0, 0, 0, 7, 1, 1, 1
0, 0, 0, 0, 0, 0, 0, 0, 7, 1
0, 0, 0, 0, 7, 1, 1, 1, 1, 1
0, 0, 0, 0, 0, 7, 1, 1, 1, 1
0, 0, 0, 0, 6, 1, 1, 1, 1, 1
0, 0, 0, 0, 0, 0, 0, 0, 7, 1
0, 0, 0, 0, 0, 0, 0, 0, 7, 1
0, 0, 0, 0, 0, 0, 7, 1, 1, 1
0, 0, 0, 0, 0, 7, 1, 1, 1, 1
0, 0, 0, 0, 0, 0, 0, 0, 7, 1
0, 0, 0, 0, 0, 0, 7, 1, 1, 1
0, 5, 2, 2, 2, 2, 2, 2, 2, 2
0, 0, 0, 0, 0, 0, 0, 7, 1, 1
0, 0, 0, 0, 6, 1, 1, 1, 1, 1
0, 0, 0, 0, 0, 0, 0, 7, 1, 1
0, 0, 0, 0, 0, 0, 7, 1, 1, 1
0, 0, 0, 0, 0, 0, 0, 0, 7, 1
0, 0, 0, 0, 0, 0, 0, 0, 6, 1
0, 0, 0, 0, 0, 0, 7, 1, 1, 1
0, 0, 0, 0, 0, 7, 1, 1, 1, 1
0, 0, 0, 0, 0, 0, 7, 1, 1, 1
0, 0, 0, 0, 0, 0, 0, 0, 0, 6
0, 0, 0, 0, 0, 0, 0, 0, 7, 1
0, 0, 0, 0, 0, 0, 0, 0, 7, 1
0, 0, 0, 0, 0, 0, 7, 1, 1, 1
0, 0, 0, 0, 0, 0, 7, 1, 1, 1
0, 0, 0, 0, 0, 7, 1, 1, 1, 1
0, 0, 6, 6, 6, 6, 6, 6, 6, 6
0, 0, 0, 0, 0, 6, 1, 1, 1, 1
0, 0, 0, 0, 0, 7, 1, 1, 1, 1
0, 0, 0, 0, 0, 0, 0, 0, 0, 6
0, 0, 0, 7, 1, 1, 1, 1, 1, 1
0, 0, 0, 6, 1, 1, 1, 1, 1, 1
0, 0, 0, 6, 1, 1, 1, 1, 1, 1
0, 0, 0, 7, 1, 1, 1, 1, 1, 1
0, 0, 6, 1, 1, 1, 1, 1, 1, 1
0, 0, 0, 7, 1, 1, 1, 1, 1, 1
0, 0, 0, 7, 1, 1, 1, 1, 1, 1
0, 0, 0, 7, 1, 1, 1, 1, 1, 1
0, 0, 0, 7, 1, 1, 1, 1, 1, 1
0, 0, 0, 7, 1, 1, 1, 1, 1, 1
0, 0, 0, 0, 0, 0, 0, 0, 7, 1
0, 0, 0, 0, 0, 0, 0, 0, 7, 1
0, 0, 0, 0, 0, 0, 0, 0, 7, 1
0, 0, 0, 0, 0, 0, 0, 0, 6, 3
0, 0, 0, 0, 0, 0, 7, 1, 1, 1
0, 0, 0, 0, 0, 0, 0, 0, 7, 4
0, 0, 0, 0, 0, 0, 0, 0, 7, 1
0, 0, 0, 0, 0, 0, 0, 6, 6, 3
0, 0, 0, 0, 0, 0, 7, 1, 1, 1
0, 5, 1, 1, 1, 1, 1, 1, 1, 1
0, 0, 0, 0, 0, 0, 0, 0, 0, 6
0, 0, 7, 1, 1, 1, 1, 1, 1, 1
0, 0, 0, 0, 0, 0, 0, 0, 7, 1
0, 0, 0, 0, 0, 7, 1, 1, 1, 1
0, 0, 0, 0, 0, 0, 7, 1, 1, 1
0, 0, 0, 0, 0, 0, 0, 0, 7, 4
0, 0, 0, 0, 0, 0, 0, 0, 7, 1
0, 0, 0, 0, 0, 0, 6, 6, 6, 1
0, 0, 5, 2, 2, 2, 2, 2, 2, 2
0, 0, 0, 0, 0, 0, 0, 0, 6, 3
0, 0, 0, 0, 0, 0, 6, 6, 6, 3
0, 0, 0, 0, 0, 0, 0, 0, 0, 6
0, 0, 0, 0, 0, 0, 0, 0, 0, 5
0, 0, 0, 0, 7, 1, 1, 1, 1, 1
0, 0, 0, 0, 7, 1, 1, 1, 1, 1
0, 0, 0, 0, 7, 1, 1, 1, 1, 1
0, 0, 0, 0, 7, 1, 1, 1, 1, 1
0, 0, 0, 0, 7, 1, 1, 1, 1, 1
0, 5, 1, 1, 1, 1, 1, 1, 1, 1
0, 0, 7, 7, 1, 1, 1, 1, 1, 1
0, 0, 7, 7, 1, 1, 1, 1, 1, 1
0, 0, 0, 0, 0, 0, 0, 0, 7, 1
0, 0, 7, 7, 7, 7, 7, 7, 7, 1
0, 0, 0, 0, 6, 6, 6, 6, 6, 6
0, 0, 0, 7, 1, 1, 1, 1, 1, 1
0, 0, 0, 0, 7, 1, 1, 1, 1, 1
0, 0, 7, 7, 1, 1, 1, 1, 1, 1
0, 0, 7, 7, 1, 1, 1, 1, 1, 1
0, 0, 0, 0, 0, 0, 0, 0, 6, 6
0, 0, 0, 0, 0, 0, 0, 0, 7, 1
0, 0, 0, 0, 6, 6, 6, 6, 6, 1
0, 0, 0, 0, 0, 0, 0, 7, 7, 1
0, 0, 0, 7, 1, 1, 1, 1, 1, 1
0, 0, 0, 7, 1, 1, 1, 1, 1, 1
0, 0, 0, 0, 0, 0, 0, 0, 7, 1
0, 0, 0, 0, 0, 0, 0, 0, 7, 1
0, 0, 7, 7, 1, 1, 1, 1, 1, 1
0, 0, 0, 0, 0, 0, 0, 0, 0, 6
0, 0, 7, 7, 1, 1, 1, 1, 1, 1
0, 0, 7, 1, 1, 1, 1, 1, 1, 1
0, 0, 0, 7, 1, 1, 1, 1, 1, 1
0, 0, 0, 0, 0, 6, 6, 6, 6, 1
0, 5, 2, 2, 2, 2, 2, 2, 2, 2
0, 0, 6, 3, 3, 3, 3, 3, 3, 3
0, 0, 0, 0, 0, 0, 0, 0, 0, 6
0, 0, 0, 0, 0, 0, 0, 7, 1, 1
0, 0, 0, 0, 6, 6, 6, 6, 3, 3
0, 0, 0, 0, 0, 0, 0, 0, 0, 6
0, 0, 0, 0, 0, 0, 0, 7, 1, 1
0, 0, 0, 0, 0, 7, 1, 1, 1, 1
