0, 2079, 4620, 6929, 9240, 11549, 13859, 16169, 18480, 20789
0.001, 0.345690741745, 0.69038148349, 0.742832058111, 0.720194552319, 0.57812323977, 0.766698303474, 0.999, 0.664285178876, 0.999
0.001, 0.155309258255, 0.30961851651, 0.257167941889, 0.279805447681, 0.387275094794, 0.233301696526, 0.001, 0.294587017128, 0.001
819.0, 800.0, 733.0, 697.0, 678.0, 611.0, 508.0, 289.0, 62.0, 0.0
0.0, 19.0, 67.0, 63.0, 51.0, 100.0, 149.0, 261.0, 269.0, 107.0
0.0, 0.0, 16.0, 40.0, 70.0, 85.0, 133.0, 228.0, 429.0, 639.0
0.0, 0.0, 3.0, 6.0, 6.0, 6.0, 6.0, 6.0, 7.0, 7.0
0.0, 0.0, 0.0, 6.0, 6.0, 8.0, 9.0, 15.0, 25.0, 35.0
0.0, 0.0, 0.0, 7.0, 8.0, 9.0, 14.0, 20.0, 27.0, 31.0
0, 0, 0, 0, 0, 0, 0, 7, 4, 4
0, 0, 0, 0, 0, 0, 7, 1, 1, 1
0, 0, 0, 0, 0, 7, 1, 1, 1, 1
0, 0, 0, 0, 0, 0, 0, 7, 1, 1
0, 0, 0, 0, 0, 0, 0, 6, 1, 1
0, 0, 0, 0, 0, 0, 7, 1, 1, 1
0, 0, 0, 0, 0, 0, 0, 7, 1, 1
0, 0, 0, 0, 0, 0, 0, 7, 1, 1
0, 0, 0, 0, 0, 0, 0, 7, 1, 1
0, 0, 0, 0, 0, 0, 0, 7, 1, 1
0, 0, 0, 0, 0, 0, 0, 6, 1, 1
0, 0, 0, 0, 0, 0, 0, 6, 1, 1
0, 0, 0, 0, 0, 7, 7, 7, 7, 1
0, 0, 0, 0, 0, 0, 0, 0, 7, 1
0, 0, 0, 0, 0, 0, 0, 7, 1, 1
0, 0, 0, 0, 0, 0, 0, 0, 6, 6
0, 0, 0, 0, 0, 0, 0, 0, 0, 6
0, 0, 0, 0, 0, 0, 0, 0, 0, 6
0, 0, 0, 0, 0, 0, 0, 0, 0, 6
0, 0, 0, 0, 0, 0, 0, 0, 6, 6
0, 0, 0, 0, 0, 0, 0, 0, 6, 6
0, 0, 0, 0, 0, 0, 0, 0, 0, 6
0, 0, 0, 0, 0, 0, 0, 0, 6, 6
0, 0, 0, 0, 0, 0, 0, 0, 6, 6
0, 0, 0, 0, 0, 0, 0, 0, 0, 6
0, 0, 0, 0, 0, 0, 0, 0, 7, 1
0, 0, 0, 0, 0, 0, 0, 0, 6, 6
0, 0, 0, 0, 0, 0, 0, 0, 7, 1
0, 0, 0, 0, 0, 0, 7, 1, 1, 1
0, 0, 0, 0, 0, 0, 7, 1, 1, 1
0, 0, 0, 0, 0, 0, 6, 6, 6, 6
0, 0, 0, 0, 0, 0, 7, 1, 1, 1
0, 0, 0, 0, 0, 0, 0, 0, 0, 6
0, 0, 0, 0, 0, 0, 0, 0, 0, 6
0, 0, 0, 0, 0, 0, 0, 0, 7, 1
0, 0, 0, 0, 0, 0, 0, 6, 1, 1
0, 0, 0, 0, 0, 0, 0, 6, 1, 1
0, 0, 0, 0, 0, 0, 0, 6, 1, 1
0, 0, 0, 0, 0, 0, 0, 0, 6, 3
0, 0, 0, 0, 0, 0, 0, 0, 7, 1
0, 0, 0, 0, 0, 0, 0, 0, 7, 1
0, 0, 0, 0, 0, 0, 0, 0, 7, 1
0, 0, 0, 0, 0, 0, 0, 0, 7, 1
0, 0, 0, 0, 0, 0, 0, 6, 1, 1
0, 0, 0, 0, 0, 6, 3, 3, 3, 3
0, 0, 0, 0, 0, 0, 0, 0, 7, 1
0, 0, 0, 0, 0, 0, 0, 7, 1, 1
0, 0, 0, 0, 0, 0, 7, 1, 1, 1
0, 0, 0, 0, 0, 0, 0, 6, 1, 1
0, 0, 0, 0, 0, 0, 0, 0, 7, 1
0, 0, 0, 0, 0, 0, 0, 7, 1, 1
0, 0, 0, 0, 0, 0, 0, 0, 7, 1
0, 0, 0, 0, 0, 0, 0, 0, 7, 4
0, 0, 7, 1, 1, 1, 1, 1, 1, 1
0, 0, 7, 1, 1, 1, 1, 1, 1, 1
0, 0, 7, 1, 1, 1, 1, 1, 1, 1
0, 0, 0, 0, 0, 7, 1, 1, 1, 1
0, 0, 0, 0, 0, 0, 0, 0, 7, 1
0, 0, 0, 0, 0, 0, 0, 7, 1, 1
0, 0, 0, 0, 0, 0, 0, 0, 0, 6
0, 0, 0, 0, 0, 7, 1, 1, 1, 1
0, 0, 0, 0, 0, 0, 7, 1, 1, 1
0, 0, 0, 0, 0, 0, 0, 0, 6, 3
0, 0, 0, 0, 0, 0, 0, 0, 7, 1
0, 0, 0, 0, 0, 0, 0, 6, 1, 1
0, 0, 0, 0, 0, 0, 0, 0, 7, 1
0, 0, 0, 0, 0, 0, 0, 0, 0, 6
0, 0, 0, 0, 0, 0, 0, 0, 0, 6
0, 0, 0, 0, 0, 0, 0, 0, 6, 6
0, 0, 6, 6, 6, 6, 6, 6, 6, 6
0, 0, 0, 0, 0, 0, 0, 6, 6, 6
0, 0, 6, 6, 6, 6, 6, 6, 6, 6
0, 0, 7, 1, 1, 1, 1, 1, 1, 1
0, 0, 7, 1, 1, 1, 1, 1, 1, 1
0, 0, 7, 1, 1, 1, 1, 1, 1, 1
0, 0, 7, 1, 1, 1, 1, 1, 1, 1
0, 0, 0, 0, 0, 0, 7, 1, 1, 1
0, 0, 7, 1, 1, 1, 1, 1, 1, 1
0, 0, 0, 7, 7, 7, 7, 1, 1, 1
0, 0, 0, 7, 1, 1, 1, 1, 1, 1
0, 0, 0, 0, 0, 0, 7, 7, 7, 1
0, 0, 0, 7, 7, 7, 7, 7, 7, 1
0, 0, 0, 0, 0, 0, 7, 1, 1, 1
0, 0, 0, 0, 0, 0, 7, 1, 1, 1
0, 0, 0, 0, 0, 0, 7, 1, 1, 1
0, 0, 0, 0, 0, 0, 7, 1, 1, 1
0, 0, 0, 0, 0, 0, 7, 1, 1, 1
0, 0, 0, 0, 0, 0, 7, 1, 1, 1
0, 0, 0, 0, 0, 0, 7, 1, 1, 1
0, 0, 0, 0, 0, 0, 7, 1, 1, 1
0, 0, 0, 0, 0, 0, 7, 1, 1, 1
0, 0, 0, 0, 0, 0, 7, 1, 1, 1
0, 0, 7, 1, 1, 1, 1, 1, 1, 1
0, 0, 6, 6, 6, 6, 6, 6, 6, 6
0, 0, 0, 0, 0, 0, 0, 0, 7, 1
0, 0, 0, 0, 0, 0, 0, 0, 7, 1
0, 0, 7, 7, 1, 1, 1, 1, 0, 6
0, 0, 0, 0, 0, 0, 0, 0, 7, 1
0, 0, 7, 7, 1, 1, 1, 1, 0, 6
0, 0, 0, 0, 0, 0, 0, 0, 7, 1
0, 0, 0, 0, 0, 0, 0, 0, 7, 1
0, 0, 0, 0, 0, 0, 0, 0, 7, 1
0, 0, 0, 0, 0, 0, 0, 0, 7, 1
0, 0, 0, 7, 7, 7, 7, 7, 7, 1
0, 0, 0, 7, 7, 7, 7, 7, 7, 1
0, 0, 0, 7, 7, 7, 7, 7, 7, 1
0, 0, 0, 0, 0, 0, 0, 0, 7, 1
0, 0, 0, 0, 0, 0, 0, 0, 7, 1
0, 0, 0, 0, 0, 0, 0, 0, 7, 1
0, 0, 7, 7, 7, 7, 7, 7, 7, 1
0, 0, 7, 7, 7, 7, 7, 7, 7, 1
0, 0, 0, 7, 7, 7, 7, 7, 7, 1
0, 0, 0, 0, 0, 0, 0, 0, 7, 1
0, 0, 0, 0, 0, 0, 0, 0, 7, 1
0, 0, 0, 0, 0, 0, 0, 7, 1, 1
0, 0, 0, 0, 0, 0, 0, 0, 7, 1
0, 0, 0, 0, 0, 0, 0, 0, 7, 1
0, 0, 0, 0, 0, 0, 0, 7, 1, 1
0, 0, 0, 0, 0, 0, 7, 1, 1, 1
0, 0, 0, 0, 0, 0, 0, 0, 7, 1
0, 0, 0, 0, 0, 0, 0, 7, 1, 1
0, 0, 0, 0, 0, 0, 0, 0, 6, 3
0, 0, 0, 0, 0, 0, 0, 7, 1, 1
0, 0, 0, 0, 0, 0, 0, 6, 1, 1
0, 0, 0, 0, 0, 0, 7, 1, 1, 1
0, 0, 0, 0, 7, 1, 1, 1, 1, 1
0, 0, 0, 0, 0, 0, 0, 7, 1, 1
0, 0, 0, 0, 0, 7, 4, 4, 4, 4
0, 0, 0, 0, 0, 0, 0, 6, 1, 1
0, 0, 0, 0, 0, 7, 1, 1, 1, 1
0, 0, 0, 0, 0, 0, 0, 6, 1, 1
0, 0, 0, 0, 0, 0, 0, 0, 7, 1
0, 0, 0, 0, 0, 0, 0, 7, 1, 1
0, 0, 0, 0, 0, 7, 4, 4, 4, 4
0, 0, 0, 0, 0, 0, 7, 1, 1, 1
0, 0, 0, 0, 0, 0, 0, 7, 1, 1
0, 0, 0, 0, 0, 0, 6, 1, 1, 1
0, 0, 0, 0, 0, 6, 1, 1, 1, 1
0, 0, 0, 0, 0, 0, 0, 7, 1, 1
0, 0, 0, 0, 0, 0, 0, 0, 0, 6
0, 0, 0, 0, 0, 0, 0, 6, 1, 1
0, 0, 0, 0, 0, 0, 0, 7, 1, 1
0, 0, 0, 0, 0, 0, 0, 7, 4, 4
0, 0, 0, 0, 0, 0, 0, 6, 1, 1
0, 0, 0, 0, 7, 1, 1, 1, 1, 1
0, 0, 7, 1, 1, 1, 1, 1, 1, 1
0, 0, 0, 0, 0, 0, 0, 0, 0, 6
0, 0, 0, 0, 0, 0, 0, 0, 7, 1
0, 0, 0, 0, 0, 0, 0, 0, 0, 6
0, 0, 0, 0, 0, 0, 0, 0, 0, 6
0, 0, 0, 0, 0, 0, 7, 1, 1, 1
0, 0, 0, 0, 0, 7, 7, 7, 7, 1
0, 0, 0, 0, 7, 1, 1, 1, 1, 1
0, 0, 0, 7, 1, 1, 1, 1, 1, 1
0, 0, 6, 3, 3, 3, 3, 3, 3, 3
0, 0, 0, 0, 0, 0, 0, 0, 0, 6
0, 0, 0, 0, 0, 0, 0, 0, 6, 6
0, 0, 0, 0, 0, 0, 0, 0, 7, 1
0, 0, 0, 0, 0, 0, 0, 0, 7, 1
0, 0, 0, 0, 0, 0, 0, 0, 7, 1
0, 0, 0, 0, 0, 0, 0, 0, 7, 1
0, 0, 0, 0, 0, 0, 0, 0, 7, 1
0, 0, 0, 0, 0, 0, 7, 1, 1, 1
0, 0, 0, 0, 0, 0, 0, 7, 1, 1
0, 0, 0, 0, 0, 7, 7, 4, 4, 4
0, 0, 0, 0, 0, 0, 7, 1, 1, 1
0, 0, 0, 0, 0, 0, 0, 0, 7, 1
0, 0, 0, 0, 0, 0, 0, 0, 6, 6
0, 0, 0, 0, 0, 0, 0, 0, 0, 6
0, 0, 0, 0, 0, 0, 0, 7, 1, 1
0, 0, 0, 0, 0, 7, 1, 1, 1, 1
0, 0, 0, 0, 0, 0, 0, 0, 7, 1
0, 0, 0, 0, 0, 0, 0, 6, 1, 1
0, 0, 0, 7, 4, 4, 4, 4, 4, 4
0, 0, 0, 0, 0, 0, 0, 6, 1, 1
0, 0, 0, 0, 0, 0, 0, 7, 1, 1
0, 0, 0, 0, 0, 0, 0, 0, 7, 1
0, 0, 0, 0, 0, 0, 7, 1, 1, 1
0, 0, 7, 1, 1, 1, 1, 1, 1, 1
0, 0, 0, 0, 0, 0, 0, 6, 1, 1
0, 0, 0, 0, 0, 0, 7, 1, 1, 1
0, 0, 0, 0, 0, 7, 1, 1, 1, 1
0, 0, 0, 0, 0, 0, 0, 0, 7, 1
0, 0, 0, 0, 0, 0, 0, 0, 7, 1
0, 0, 0, 0, 0, 7, 4, 4, 4, 4
0, 0, 0, 0, 0, 0, 0, 7, 1, 1
0, 0, 0, 0, 0, 0, 0, 6, 1, 1
0, 0, 0, 0, 0, 0, 0, 7, 1, 1
0, 0, 0, 0, 0, 0, 6, 1, 1, 1
0, 0, 0, 0, 0, 0, 0, 0, 7, 1
0, 0, 0, 7, 1, 1, 1, 1, 1, 1
0, 0, 0, 0, 0, 0, 0, 6, 1, 1
0, 0, 0, 0, 0, 6, 6, 6, 3, 3
0, 0, 7, 1, 1, 1, 1, 1, 1, 1
0, 0, 0, 0, 0, 7, 1, 1, 1, 1
0, 0, 0, 0, 0, 0, 0, 6, 1, 1
0, 0, 0, 0, 0, 7, 4, 4, 4, 4
0, 0, 0, 7, 1, 1, 1, 1, 1, 1
0, 0, 0, 0, 0, 0, 0, 7, 1, 1
0, 0, 0, 0, 0, 0, 0, 6, 1, 1
0, 0, 0, 0, 0, 0, 0, 6, 1, 1
0, 0, 0, 0, 0, 0, 0, 7, 1, 1
0, 0, 0, 0, 0, 0, 0, 7, 1, 1
0, 0, 0, 0, 0, 0, 7, 1, 1, 1
0, 0, 0, 7, 1, 1, 1, 1, 1, 1
0, 0, 0, 0, 0, 0, 7, 1, 1, 1
0, 0, 0, 0, 0, 0, 0, 5, 2, 2
0, 0, 0, 0, 0, 0, 0, 7, 1, 1
0, 0, 0, 0, 0, 0, 0, 0, 7, 1
0, 0, 0, 0, 0, 0, 0, 6, 1, 1
0, 5, 1, 1, 1, 1, 1, 1, 1, 1
0, 0, 0, 0, 0, 0, 0, 0, 0, 6
0, 0, 0, 0, 0, 0, 0, 7, 1, 1
0, 0, 0, 0, 0, 0, 7, 1, 1, 1
0, 0, 7, 1, 1, 1, 1, 1, 1, 1
0, 0, 0, 0, 0, 0, 7, 1, 1, 1
0, 0, 0, 0, 0, 0, 0, 0, 7, 1
0, 0, 0, 0, 0, 7, 1, 1, 1, 1
0, 0, 0, 0, 0, 0, 0, 0, 7, 1
0, 0, 0, 0, 0, 0, 7, 1, 1, 1
0, 0, 0, 0, 0, 0, 0, 6, 1, 1
0, 0, 0, 0, 0, 0, 0, 6, 1, 1
0, 0, 0, 0, 0, 0, 0, 0, 0, 5
0, 0, 0, 0, 0, 0, 0, 6, 1, 1
0, 0, 6, 3, 3, 3, 3, 3, 3, 3
0, 0, 0, 0, 0, 0, 0, 6, 1, 1
0, 0, 0, 7, 1, 1, 1, 1, 1, 1
0, 0, 0, 0, 0, 0, 0, 7, 1, 1
0, 0, 0, 0, 0, 0, 0, 0, 0, 6
0, 0, 0, 0, 0, 0, 0, 0, 6, 6
0, 0, 0, 0, 0, 0, 0, 7, 1, 1
0, 0, 0, 0, 0, 0, 0, 0, 6, 6
0, 0, 0, 0, 0, 0, 0, 0, 7, 1
0, 0, 0, 0, 0, 0, 0, 0, 6, 6
0, 0, 0, 0, 0, 0, 0, 0, 0, 6
0, 0, 0, 0, 0, 0, 0, 0, 0, 6
0, 0, 0, 0, 0, 0, 0, 0, 7, 1
0, 0, 0, 0, 0, 0, 0, 0, 0, 6
0, 0, 0, 0, 0, 0, 0, 0, 6, 6
0, 0, 0, 0, 0, 0, 0, 0, 7, 1
0, 0, 0, 0, 0, 0, 0, 0, 7, 1
0, 0, 0, 0, 0, 0, 0, 0, 7, 1
0, 0, 0, 0, 0, 0, 0, 0, 7, 1
0, 0, 0, 0, 0, 0, 7, 1, 1, 1
0, 0, 6, 3, 3, 3, 3, 3, 3, 3
0, 0, 0, 0, 0, 0, 0, 7, 1, 1
0, 0, 0, 0, 0, 0, 0, 6, 1, 1
0, 0, 0, 0, 0, 7, 1, 1, 1, 1
0, 0, 0, 0, 0, 0, 0, 0, 0, 6
0, 0, 0, 0, 0, 0, 0, 7, 1, 1
0, 0, 0, 0, 0, 0, 7, 1, 1, 1
0, 0, 0, 0, 0, 0, 0, 6, 1, 1
0, 0, 0, 0, 0, 0, 0, 7, 1, 1
0, 0, 0, 0, 0, 0, 0, 6, 1, 1
0, 0, 5, 2, 2, 2, 2, 2, 2, 2
0, 0, 0, 0, 0, 0, 0, 0, 7, 1
0, 0, 0, 0, 0, 0, 0, 0, 7, 1
0, 0, 0, 0, 0, 0, 7, 1, 1, 1
0, 0, 0, 0, 0, 0, 0, 7, 1, 1
0, 0, 0, 7, 7, 7, 7, 7, 7, 1
0, 0, 6, 6, 6, 6, 6, 6, 6, 6
0, 0, 0, 0, 0, 0, 0, 0, 7, 1
0, 0, 0, 0, 0, 0, 0, 0, 0, 6
0, 0, 0, 0, 0, 0, 0, 0, 7, 1
0, 0, 0, 0, 0, 0, 0, 0, 7, 1
0, 0, 7, 7, 1, 1, 1, 1, 0, 6
0, 0, 7, 1, 1, 1, 1, 1, 1, 1
0, 0, 0, 0, 0, 0, 0, 0, 7, 1
0, 0, 0, 0, 0, 0, 0, 0, 6, 6
0, 0, 7, 7, 1, 1, 1, 1, 1, 1
0, 0, 0, 0, 0, 0, 0, 0, 7, 1
0, 0, 0, 0, 0, 0, 0, 0, 7, 1
0, 0, 0, 0, 0, 0, 0, 0, 7, 1
0, 0, 0, 7, 7, 7, 7, 7, 7, 1
0, 0, 0, 7, 7, 7, 7, 7, 7, 1
0, 0, 0, 0, 0, 0, 0, 0, 7, 1
0, 0, 7, 7, 7, 7, 7, 7, 7, 1
0, 0, 7, 7, 7, 7, 7, 7, 7, 1
0, 0, 7, 7, 1, 1, 1, 1, 1, 1
0, 0, 7, 7, 1, 1, 1, 1, 1, 1
0, 0, 7, 7, 1, 1, 1, 1, 1, 1
0, 0, 0, 7, 1, 1, 1, 1, 1, 1
0, 0, 0, 0, 0, 0, 0, 0, 7, 1
0, 0, 7, 1, 1, 1, 1, 1, 1, 1
0, 0, 7, 7, 1, 1, 1, 1, 1, 1
0, 0, 7, 7, 1, 1, 1, 1, 1, 1
0, 0, 7, 1, 1, 1, 1, 1, 1, 1
0, 0, 0, 0, 0, 6, 6, 6, 3, 3
0, 0, 0, 0, 0, 0, 7, 1, 1, 1
0, 0, 0, 0, 0, 0, 0, 6, 3, 3
0, 0, 0, 0, 0, 0, 6, 3, 3, 3
0, 0, 0, 0, 0, 0, 0, 0, 6, 6
0, 0, 0, 0, 0, 0, 0, 0, 6, 6
0, 0, 0, 0, 0, 0, 0, 0, 7, 1
0, 0, 0, 0, 0, 0, 0, 0, 7, 1
0, 0, 0, 0, 0, 0, 0, 0, 0, 6
0, 0, 0, 0, 0, 0, 0, 0, 7, 1
0, 0, 0, 0, 0, 0, 0, 0, 7, 1
0, 0, 0, 0, 0, 0, 0, 0, 7, 1
0, 0, 0, 0, 0, 0, 0, 0, 0, 6
0, 0, 0, 0, 0, 0, 0, 0, 7, 1
0, 0, 0, 0, 0, 0, 0, 7, 1, 1
0, 0, 7, 4, 4, 4, 4, 4, 4, 4
0, 5, 1, 1, 1, 1, 1, 1, 1, 1
0, 0, 0, 0, 0, 0, 6, 1, 1, 1
0, 0, 0, 0, 0, 0, 0, 7, 1, 1
0, 0, 0, 0, 0, 0, 0, 6, 1, 1
0, 0, 0, 0, 0, 0, 0, 0, 0, 6
0, 0, 0, 0, 0, 0, 7, 1, 1, 1
0, 0, 0, 0, 0, 0, 0, 6, 1, 1
0, 0, 0, 0, 0, 0, 0, 0, 6, 3
0, 0, 0, 0, 0, 0, 0, 0, 0, 6
0, 0, 0, 0, 0, 0, 0, 7, 1, 1
0, 0, 0, 0, 0, 0, 0, 0, 6, 6
0, 0, 0, 0, 7, 1, 1, 1, 1, 1
0, 0, 0, 0, 0, 0, 0, 7, 1, 1
0, 0, 0, 0, 0, 6, 6, 6, 3, 3
0, 0, 0, 0, 0, 0, 0, 7, 1, 1
0, 0, 0, 0, 0, 0, 0, 7, 4, 4
0, 0, 0, 0, 0, 0, 0, 0, 0, 6
0, 5, 1, 1, 1, 1, 1, 1, 1, 1
0, 0, 0, 0, 7, 1, 1, 1, 1, 1
0, 0, 0, 0, 0, 0, 0, 7, 1, 1
0, 0, 0, 0, 0, 0, 7, 1, 1, 1
0, 0, 0, 0, 0, 7, 1, 1, 1, 1
0, 0, 0, 0, 0, 0, 0, 7, 1, 1
0, 0, 7, 1, 1, 1, 1, 1, 1, 1
0, 0, 0, 0, 0, 7, 1, 1, 1, 1
0, 0, 0, 0, 0, 0, 6, 1, 1, 1
0, 0, 0, 0, 7, 1, 1, 1, 1, 1
0, 0, 0, 0, 7, 1, 1, 1, 1, 1
0, 0, 0, 0, 0, 0, 0, 0, 0, 6
0, 0, 0, 0, 0, 0, 0, 0, 7, 1
0, 0, 0, 0, 0, 0, 0, 0, 7, 1
0, 0, 0, 0, 7, 1, 1, 1, 1, 1
0, 0, 0, 0, 0, 0, 0, 7, 1, 1
0, 0, 7, 1, 1, 1, 1, 1, 1, 1
0, 0, 0, 0, 0, 0, 0, 0, 0, 6
0, 0, 0, 0, 0, 0, 7, 1, 1, 1
0, 0, 0, 0, 0, 0, 0, 6, 1, 1
0, 0, 0, 0, 0, 0, 7, 1, 1, 1
0, 0, 0, 0, 0, 0, 0, 0, 7, 1
0, 0, 0, 0, 0, 0, 0, 6, 1, 1
0, 0, 0, 0, 0, 0, 0, 0, 7, 1
0, 0, 0, 0, 0, 0, 0, 0, 7, 1
0, 0, 0, 0, 0, 6, 6, 6, 3, 3
0, 0, 0, 0, 0, 0, 0, 6, 1, 1
0, 0, 0, 0, 0, 0, 0, 7, 1, 1
0, 0, 0, 0, 0, 0, 6, 1, 1, 1
0, 0, 0, 0, 0, 0, 0, 7, 1, 1
0, 0, 0, 0, 0, 0, 7, 1, 1, 1
0, 0, 0, 0, 0, 0, 0, 6, 1, 1
0, 0, 0, 7, 1, 1, 1, 1, 1, 1
0, 0, 0, 0, 0, 0, 0, 6, 1, 1
0, 0, 0, 0, 0, 0, 0, 6, 1, 1
0, 0, 0, 0, 0, 7, 1, 1, 1, 1
0, 0, 0, 0, 0, 0, 7, 1, 1, 1
0, 0, 0, 0, 0, 0, 0, 7, 1, 1
0, 0, 0, 0, 0, 0, 0, 6, 1, 1
0, 0, 0, 0, 0, 0, 0, 6, 1, 1
0, 0, 0, 0, 0, 0, 0, 6, 1, 1
0, 0, 0, 0, 7, 1, 1, 1, 1, 1
0, 5, 1, 1, 1, 1, 1, 1, 1, 1
0, 0, 0, 0, 0, 7, 1, 1, 1, 1
0, 0, 0, 0, 0, 0, 7, 1, 1, 1
0, 5, 1, 1, 1, 1, 1, 1, 1, 1
0, 0, 0, 0, 0, 0, 0, 6, 1, 1
0, 0, 0, 0, 0, 0, 0, 7, 1, 1
0, 0, 0, 0, 0, 7, 1, 1, 1, 1
0, 0, 0, 0, 0, 0, 0, 6, 1, 1
0, 0, 0, 0, 0, 0, 0, 7, 1, 1
0, 0, 0, 0, 0, 0, 6, 6, 3, 3
0, 0, 0, 0, 0, 0, 0, 6, 1, 1
0, 0, 0, 0, 0, 0, 0, 6, 1, 1
0, 0, 0, 0, 0, 0, 6, 3, 3, 3
0, 0, 0, 0, 0, 0, 0, 0, 7, 1
0, 0, 0, 0, 0, 0, 0, 7, 1, 1
0, 0, 0, 0, 0, 0, 0, 6, 1, 1
0, 0, 6, 3, 3, 3, 3, 3, 3, 3
0, 0, 0, 0, 0, 7, 1, 1, 1, 1
0, 0, 0, 0, 0, 0, 0, 0, 7, 1
0, 0, 0, 0, 0, 0, 0, 7, 1, 1
0, 0, 0, 0, 0, 7, 1, 1, 1, 1
0, 0, 0, 0, 0, 0, 0, 6, 1, 1
0, 0, 0, 0, 6, 3, 3, 3, 3, 3
0, 0, 0, 0, 0, 0, 7, 1, 1, 1
0, 0, 0, 0, 0, 0, 0, 6, 1, 1
0, 0, 0, 0, 0, 0, 0, 6, 1, 1
0, 0, 0, 0, 0, 0, 0, 0, 7, 1
0, 0, 0, 0, 0, 0, 0, 0, 7, 1
0, 0, 0, 7, 1, 1, 1, 1, 1, 1
0, 0, 0, 7, 7, 7, 7, 7, 7, 1
0, 0, 0, 7, 1, 1, 1, 1, 1, 1
0, 0, 0, 0, 0, 7, 1, 1, 1, 1
0, 5, 1, 1, 1, 1, 1, 1, 1, 1
0, 0, 0, 0, 0, 0, 0, 7, 1, 1
0, 0, 0, 0, 0, 0, 0, 6, 1, 1
0, 0, 0, 0, 0, 0, 7, 4, 4, 4
0, 0, 0, 0, 0, 0, 0, 7, 1, 1
0, 0, 0, 0, 0, 0, 0, 0, 0, 6
0, 0, 0, 0, 0, 0, 0, 0, 7, 1
0, 0, 0, 0, 0, 7, 7, 4, 4, 4
0, 0, 0, 0, 0, 0, 0, 0, 7, 1
0, 0, 0, 0, 0, 7, 1, 1, 1, 1
0, 0, 0, 0, 0, 0, 7, 1, 1, 1
0, 0, 0, 0, 0, 7, 1, 1, 1, 1
0, 0, 0, 0, 0, 0, 0, 0, 7, 1
0, 0, 7, 1, 1, 1, 1, 1, 1, 1
0, 0, 0, 0, 0, 0, 0, 6, 1, 1
0, 5, 2, 2, 2, 2, 2, 2, 2, 2
0, 0, 5, 2, 2, 2, 2, 2, 2, 2
0, 0, 0, 0, 0, 7, 1, 1, 1, 1
0, 0, 0, 0, 0, 0, 0, 6, 1, 1
0, 0, 0, 0, 0, 0, 7, 1, 1, 1
0, 0, 0, 7, 1, 1, 1, 1, 1, 1
0, 0, 0, 0, 0, 0, 0, 6, 1, 1
0, 0, 0, 0, 0, 0, 0, 7, 1, 1
0, 0, 0, 0, 0, 0, 0, 7, 1, 1
0, 0, 0, 0, 0, 0, 6, 1, 1, 1
0, 0, 0, 0, 0, 7, 1, 1, 1, 1
0, 0, 0, 0, 0, 0, 0, 6, 1, 1
0, 0, 0, 0, 0, 0, 7, 1, 1, 1
0, 0, 0, 0, 0, 0, 7, 1, 1, 1
0, 0, 0, 0, 0, 0, 0, 6, 1, 1
0, 0, 0, 0, 7, 1, 1, 1, 1, 1
0, 0, 0, 0, 0, 7, 1, 1, 1, 1
0, 0, 0, 0, 0, 0, 0, 0, 7, 1
0, 0, 0, 0, 0, 7, 1, 1, 1, 1
0, 0, 0, 0, 0, 7, 7, 7, 7, 1
0, 0, 0, 0, 0, 7, 1, 1, 1, 1
0, 0, 0, 0, 0, 7, 1, 1, 1, 1
0, 0, 0, 0, 0, 7, 1, 1, 1, 1
0, 0, 0, 0, 0, 7, 1, 1, 1, 1
0, 0, 0, 0, 0, 0, 0, 0, 7, 1
0, 0, 6, 6, 6, 6, 6, 3, 3, 3
0, 0, 0, 0, 0, 7, 1, 1, 1, 1
0, 0, 0, 0, 0, 7, 1, 1, 1, 1
0, 0, 0, 0, 0, 0, 0, 7, 1, 1
0, 0, 0, 0, 0, 0, 0, 7, 1, 1
0, 0, 0, 0, 0, 0, 0, 7, 1, 1
0, 0, 0, 0, 0, 0, 0, 0, 7, 1
0, 0, 0, 0, 0, 0, 0, 0, 7, 1
0, 0, 0, 0, 0, 0, 0, 0, 7, 1
0, 0, 0, 0, 0, 0, 0, 6, 1, 1
0, 0, 0, 0, 0, 0, 0, 0, 7, 1
0, 0, 0, 0, 0, 0, 0, 7, 4, 4
0, 0, 0, 0, 0, 7, 1, 1, 1, 1
0, 0, 0, 0, 0, 0, 0, 6, 1, 1
0, 0, 6, 1, 1, 1, 1, 1, 1, 1
0, 0, 0, 0, 0, 0, 0, 6, 1, 1
0, 0, 0, 0, 0, 0, 0, 0, 0, 6
0, 0, 0, 0, 0, 7, 1, 1, 1, 1
0, 0, 0, 0, 0, 7, 1, 1, 1, 1
0, 0, 0, 0, 0, 0, 0, 6, 1, 1
0, 0, 0, 0, 0, 0, 7, 1, 1, 1
0, 0, 0, 0, 0, 0, 0, 0, 7, 1
0, 0, 0, 0, 0, 7, 1, 1, 1, 1
0, 0, 0, 0, 0, 0, 0, 7, 1, 1
0, 0, 0, 0, 0, 0, 0, 0, 0, 6
0, 0, 0, 0, 0, 0, 6, 1, 1, 1
0, 0, 0, 0, 0, 0, 6, 1, 1, 1
0, 0, 0, 0, 0, 0, 6, 1, 1, 1
0, 0, 0, 0, 0, 0, 7, 4, 4, 4
0, 0, 0, 0, 0, 0, 0, 6, 1, 1
0, 0, 0, 0, 0, 0, 6, 1, 1, 1
0, 0, 0, 0, 0, 0, 6, 1, 1, 1
0, 0, 0, 0, 0, 0, 7, 1, 1, 1
0, 5, 1, 1, 1, 1, 1, 1, 1, 1
0, 0, 0, 0, 0, 0, 0, 0, 7, 1
0, 0, 0, 0, 0, 0, 0, 0, 6, 6
0, 0, 0, 0, 0, 0, 0, 0, 7, 1
0, 0, 0, 0, 0, 0, 0, 6, 1, 1
0, 0, 7, 4, 4, 4, 4, 4, 4, 4
0, 0, 0, 0, 0, 0, 0, 7, 1, 1
0, 0, 0, 0, 0, 0, 0, 0, 7, 1
0, 0, 0, 0, 0, 0, 0, 0, 7, 1
0, 0, 0, 0, 0, 0, 0, 0, 7, 1
0, 0, 0, 0, 0, 0, 0, 0, 0, 6
0, 0, 0, 0, 0, 0, 0, 0, 0, 6
0, 0, 0, 0, 0, 0, 0, 0, 0, 6
0, 0, 0, 0, 0, 0, 0, 0, 0, 6
0, 0, 0, 0, 0, 0, 0, 0, 0, 6
0, 0, 0, 0, 0, 0, 0, 0, 0, 6
0, 0, 0, 0, 0, 0, 0, 0, 0, 6
0, 0, 0, 0, 0, 0, 0, 0, 0, 6
0, 0, 7, 1, 1, 1, 1, 1, 1, 1
0, 0, 7, 7, 7, 7, 7, 7, 7, 1
0, 0, 0, 0, 0, 0, 0, 0, 7, 1
0, 0, 0, 0, 0, 0, 0, 0, 7, 1
0, 0, 0, 0, 0, 0, 0, 6, 6, 6
0, 0, 0, 0, 0, 7, 1, 1, 1, 1
0, 0, 0, 0, 0, 6, 6, 3, 3, 3
0, 0, 0, 0, 0, 0, 0, 7, 1, 1
0, 0, 0, 0, 0, 7, 1, 1, 1, 1
0, 0, 0, 0, 0, 0, 0, 0, 0, 6
0, 0, 0, 0, 0, 0, 7, 1, 1, 1
0, 0, 0, 0, 0, 0, 0, 6, 1, 1
0, 0, 0, 0, 0, 0, 0, 7, 1, 1
0, 5, 1, 1, 1, 1, 1, 1, 1, 1
0, 0, 0, 0, 0, 0, 0, 0, 7, 1
0, 0, 0, 0, 0, 0, 7, 1, 1, 1
0, 0, 0, 0, 0, 0, 0, 7, 1, 1
0, 0, 0, 0, 0, 0, 7, 1, 1, 1
0, 0, 0, 0, 0, 0, 0, 0, 6, 3
0, 0, 0, 0, 0, 7, 7, 7, 7, 1
0, 0, 7, 4, 4, 4, 4, 4, 4, 4
0, 0, 0, 0, 0, 0, 0, 0, 7, 1
0, 0, 0, 0, 0, 0, 0, 0, 7, 1
0, 0, 0, 0, 0, 0, 0, 6, 1, 1
0, 0, 0, 0, 0, 0, 6, 1, 1, 1
0, 0, 0, 0, 0, 0, 6, 1, 1, 1
0, 5, 1, 1, 1, 1, 1, 1, 1, 1
0, 0, 0, 0, 0, 0, 0, 7, 1, 1
0, 0, 0, 0, 0, 0, 0, 0, 7, 1
0, 0, 0, 0, 0, 0, 0, 7, 1, 1
0, 0, 0, 0, 0, 7, 1, 1, 1, 1
0, 0, 0, 0, 0, 0, 0, 6, 1, 1
0, 0, 0, 0, 0, 0, 6, 1, 1, 1
0, 0, 0, 0, 0, 0, 6, 1, 1, 1
0, 0, 0, 0, 0, 0, 7, 1, 1, 1
0, 0, 0, 0, 0, 0, 7, 1, 1, 1
0, 0, 0, 0, 0, 0, 7, 1, 1, 1
0, 0, 0, 0, 0, 0, 7, 1, 1, 1
0, 0, 0, 0, 0, 0, 7, 1, 1, 1
0, 0, 0, 0, 0, 0, 7, 1, 1, 1
0, 0, 0, 0, 0, 0, 0, 0, 0, 6
0, 0, 0, 0, 0, 0, 0, 0, 7, 1
0, 0, 0, 0, 0, 0, 0, 0, 7, 1
0, 0, 0, 0, 0, 0, 0, 0, 7, 1
0, 0, 0, 0, 0, 0, 0, 0, 7, 1
0, 0, 0, 0, 0, 0, 0, 0, 7, 1
0, 0, 0, 0, 0, 0, 0, 0, 7, 1
0, 0, 0, 0, 0, 0, 0, 0, 7, 1
0, 0, 0, 0, 0, 0, 0, 7, 1, 1
0, 0, 0, 0, 0, 7, 1, 1, 1, 1
0, 0, 0, 0, 0, 0, 0, 6, 1, 1
0, 0, 6, 3, 3, 3, 3, 3, 3, 3
0, 0, 0, 0, 0, 0, 0, 7, 1, 1
0, 0, 0, 0, 0, 0, 0, 0, 6, 3
0, 0, 0, 0, 0, 7, 1, 1, 1, 1
0, 0, 0, 0, 0, 0, 0, 7, 4, 4
0, 0, 0, 0, 0, 0, 0, 7, 1, 1
0, 0, 0, 0, 0, 0, 7, 1, 1, 1
0, 0, 0, 0, 0, 0, 0, 7, 1, 1
0, 0, 0, 0, 0, 0, 0, 6, 1, 1
0, 0, 0, 0, 0, 0, 0, 0, 7, 1
0, 0, 7, 4, 4, 4, 4, 4, 4, 4
0, 0, 0, 0, 0, 0, 0, 6, 1, 1
0, 0, 0, 0, 0, 0, 0, 0, 7, 1
0, 0, 0, 0, 0, 0, 0, 7, 1, 1
0, 0, 0, 0, 0, 0, 7, 1, 1, 1
0, 0, 0, 0, 0, 0, 0, 6, 1, 1
0, 0, 0, 0, 0, 0, 0, 6, 3, 3
0, 0, 0, 0, 0, 0, 0, 6, 1, 1
0, 0, 0, 0, 0, 0, 0, 0, 0, 6
0, 0, 0, 0, 7, 7, 4, 4, 4, 4
0, 0, 0, 0, 0, 0, 0, 6, 1, 1
0, 0, 0, 0, 0, 0, 0, 0, 7, 1
0, 0, 0, 0, 0, 0, 0, 0, 7, 1
0, 0, 0, 0, 0, 0, 7, 1, 1, 1
0, 0, 0, 0, 0, 0, 0, 6, 1, 1
0, 0, 0, 0, 0, 0, 0, 7, 1, 1
0, 0, 0, 0, 0, 0, 7, 1, 1, 1
0, 0, 0, 0, 0, 7, 1, 1, 1, 1
0, 0, 0, 0, 0, 0, 0, 0, 7, 1
0, 0, 0, 0, 0, 0, 0, 0, 7, 1
0, 0, 0, 0, 0, 0, 0, 6, 1, 1
0, 0, 0, 0, 0, 0, 7, 1, 1, 1
0, 0, 0, 0, 0, 0, 6, 1, 1, 1
0, 0, 0, 0, 0, 0, 0, 0, 0, 6
0, 0, 0, 7, 1, 1, 1, 1, 1, 1
0, 0, 0, 0, 0, 0, 0, 0, 7, 1
0, 0, 0, 0, 0, 0, 0, 0, 0, 6
0, 0, 0, 0, 0, 0, 0, 0, 7, 1
0, 0, 0, 0, 0, 0, 0, 0, 7, 1
0, 0, 0, 0, 0, 0, 0, 0, 0, 6
0, 0, 0, 0, 0, 0, 0, 0, 7, 1
0, 0, 0, 0, 0, 0, 0, 0, 7, 1
0, 0, 0, 0, 0, 0, 0, 0, 7, 1
0, 0, 0, 0, 0, 0, 0, 0, 7, 1
0, 0, 0, 0, 0, 0, 0, 0, 7, 1
0, 0, 0, 0, 0, 0, 0, 0, 7, 1
0, 0, 0, 7, 1, 1, 1, 1, 1, 1
0, 0, 0, 0, 0, 0, 0, 6, 1, 1
0, 0, 0, 0, 0, 0, 7, 1, 1, 1
0, 0, 0, 0, 0, 0, 0, 7, 1, 1
0, 0, 0, 0, 0, 0, 0, 0, 0, 6
0, 0, 0, 0, 0, 0, 0, 0, 7, 1
0, 0, 0, 0, 0, 0, 0, 0, 7, 1
0, 0, 0, 0, 0, 0, 0, 0, 7, 1
0, 0, 0, 0, 0, 0, 0, 6, 1, 1
0, 0, 7, 1, 1, 1, 1, 1, 1, 1
0, 0, 0, 0, 0, 0, 7, 1, 1, 1
0, 0, 0, 0, 0, 0, 0, 0, 7, 1
0, 0, 0, 0, 0, 0, 0, 0, 7, 1
0, 0, 0, 0, 7, 1, 1, 1, 1, 1
0, 0, 0, 0, 0, 0, 0, 0, 7, 4
0, 0, 0, 0, 0, 0, 0, 0, 6, 6
0, 0, 0, 0, 0, 0, 0, 0, 7, 4
0, 0, 0, 0, 0, 0, 0, 0, 7, 4
0, 0, 0, 0, 0, 0, 7, 4, 4, 4
0, 0, 0, 0, 0, 0, 7, 4, 4, 4
0, 0, 0, 0, 0, 0, 0, 0, 7, 1
0, 0, 0, 0, 0, 0, 0, 0, 7, 1
0, 0, 0, 0, 0, 0, 0, 0, 7, 1
0, 0, 0, 0, 0, 0, 7, 1, 1, 1
0, 0, 0, 7, 1, 1, 1, 1, 1, 1
0, 0, 0, 0, 0, 0, 0, 7, 1, 1
0, 0, 0, 0, 0, 0, 0, 7, 1, 1
0, 0, 0, 0, 0, 0, 0, 6, 1, 1
0, 0, 0, 0, 0, 0, 7, 1, 1, 1
0, 5, 1, 1, 1, 1, 1, 1, 1, 1
0, 0, 0, 0, 0, 0, 0, 0, 0, 6
0, 0, 0, 0, 7, 4, 4, 4, 4, 4
0, 0, 0, 0, 0, 0, 0, 7, 1, 1
0, 0, 0, 0, 0, 0, 0, 6, 1, 1
0, 0, 0, 0, 0, 7, 1, 1, 1, 1
0, 0, 0, 0, 7, 1, 1, 1, 1, 1
0, 0, 0, 0, 0, 0, 0, 6, 1, 1
0, 5, 1, 1, 1, 1, 1, 1, 1, 1
0, 0, 0, 0, 0, 0, 7, 1, 1, 1
0, 0, 0, 0, 0, 0, 0, 0, 7, 1
0, 0, 0, 0, 0, 0, 0, 6, 1, 1
0, 0, 0, 0, 0, 0, 0, 0, 7, 1
0, 0, 0, 0, 0, 0, 0, 0, 6, 6
0, 0, 0, 0, 0, 0, 0, 0, 6, 6
0, 0, 0, 0, 0, 0, 0, 0, 6, 6
0, 0, 0, 0, 0, 0, 0, 0, 6, 6
0, 0, 0, 0, 0, 0, 0, 0, 6, 6
0, 0, 0, 0, 0, 0, 0, 0, 6, 6
0, 0, 0, 0, 0, 0, 0, 0, 6, 6
0, 0, 0, 0, 0, 0, 0, 0, 6, 6
0, 0, 0, 0, 0, 0, 0, 0, 6, 6
0, 0, 0, 0, 0, 0, 0, 0, 6, 6
0, 0, 0, 0, 0, 0, 0, 0, 6, 6
0, 0, 0, 0, 0, 0, 0, 0, 6, 6
0, 0, 0, 0, 0, 0, 0, 0, 6, 6
0, 0, 0, 0, 0, 0, 0, 0, 6, 6
0, 0, 0, 0, 0, 0, 0, 0, 6, 6
0, 0, 0, 0, 0, 0, 0, 0, 6, 6
0, 0, 0, 0, 0, 0, 0, 0, 6, 6
0, 0, 0, 0, 0, 0, 0, 0, 0, 6
0, 0, 0, 0, 0, 0, 0, 0, 0, 6
0, 0, 0, 0, 0, 0, 0, 0, 6, 3
0, 0, 0, 0, 0, 0, 0, 0, 6, 3
0, 0, 0, 0, 0, 0, 0, 7, 1, 1
0, 0, 0, 0, 0, 0, 0, 0, 7, 1
0, 0, 0, 0, 0, 6, 6, 3, 3, 3
0, 0, 0, 0, 0, 0, 0, 7, 1, 1
0, 0, 0, 0, 0, 7, 1, 1, 1, 1
0, 0, 0, 0, 0, 0, 0, 6, 1, 1
0, 0, 0, 0, 0, 0, 0, 7, 1, 1
0, 0, 0, 0, 0, 0, 0, 7, 1, 1
0, 0, 0, 0, 0, 0, 0, 7, 4, 4
0, 0, 0, 0, 0, 0, 0, 0, 7, 1
0, 0, 0, 0, 0, 0, 0, 6, 1, 1
0, 0, 0, 0, 0, 0, 0, 6, 1, 1
0, 0, 0, 7, 1, 1, 1, 1, 1, 1
0, 0, 0, 0, 0, 0, 0, 7, 1, 1
0, 0, 0, 0, 0, 0, 0, 0, 0, 6
0, 0, 0, 0, 0, 0, 0, 6, 1, 1
0, 0, 0, 0, 0, 0, 7, 1, 1, 1
0, 0, 0, 0, 0, 0, 0, 7, 1, 1
0, 0, 0, 0, 0, 0, 0, 6, 1, 1
0, 0, 0, 0, 0, 0, 0, 0, 7, 1
0, 0, 0, 0, 0, 0, 0, 0, 7, 1
0, 0, 0, 0, 0, 0, 0, 0, 7, 1
0, 0, 0, 0, 0, 0, 0, 0, 7, 1
0, 0, 0, 0, 0, 0, 0, 6, 1, 1
0, 0, 0, 0, 0, 0, 0, 6, 1, 1
0, 0, 0, 0, 0, 0, 0, 6, 1, 1
0, 0, 0, 0, 0, 0, 0, 6, 1, 1
0, 0, 0, 0, 7, 1, 1, 1, 1, 1
0, 0, 0, 0, 0, 0, 0, 0, 7, 1
0, 0, 0, 0, 0, 0, 0, 6, 1, 1
0, 0, 0, 0, 0, 0, 0, 6, 1, 1
0, 0, 0, 0, 0, 0, 7, 1, 1, 1
0, 0, 0, 0, 0, 0, 0, 0, 0, 6
0, 0, 0, 0, 0, 0, 0, 7, 1, 1
0, 0, 0, 0, 0, 0, 0, 0, 7, 1
0, 0, 0, 0, 0, 0, 0, 0, 7, 1
0, 0, 0, 0, 0, 0, 0, 7, 4, 4
0, 0, 0, 0, 0, 7, 1, 1, 1, 1
0, 0, 0, 0, 0, 0, 0, 0, 6, 3
0, 0, 0, 0, 0, 0, 0, 7, 1, 1
0, 0, 0, 0, 0, 0, 0, 6, 6, 3
0, 0, 0, 0, 0, 0, 0, 0, 7, 1
0, 5, 2, 2, 2, 2, 2, 2, 2, 2
0, 0, 0, 0, 0, 0, 0, 0, 7, 1
0, 0, 0, 0, 7, 7, 1, 1, 1, 1
0, 0, 0, 0, 0, 7, 1, 1, 1, 1
0, 0, 0, 0, 0, 0, 0, 7, 1, 1
0, 0, 7, 4, 4, 4, 4, 4, 4, 4
0, 0, 0, 0, 0, 6, 6, 6, 3, 3
0, 0, 0, 0, 0, 0, 0, 0, 0, 6
0, 0, 7, 4, 4, 4, 4, 4, 4, 4
0, 0, 0, 0, 7, 1, 1, 1, 1, 1
0, 0, 0, 0, 0, 0, 0, 7, 1, 1
0, 0, 0, 0, 0, 0, 0, 0, 7, 1
0, 0, 0, 0, 0, 0, 0, 0, 7, 1
0, 0, 0, 0, 0, 0, 0, 6, 1, 1
0, 0, 0, 0, 0, 0, 0, 6, 1, 1
0, 0, 0, 0, 0, 0, 0, 6, 1, 1
0, 0, 0, 0, 0, 0, 0, 6, 3, 3
0, 0, 0, 0, 0, 0, 0, 0, 0, 6
0, 0, 0, 0, 0, 0, 0, 0, 7, 1
0, 0, 0, 0, 0, 0, 0, 7, 1, 1
0, 0, 0, 0, 0, 0, 7, 1, 1, 1
0, 0, 0, 0, 0, 0, 0, 7, 1, 1
0, 0, 0, 0, 0, 0, 0, 6, 1, 1
0, 0, 0, 0, 0, 0, 0, 7, 1, 1
0, 0, 0, 0, 0, 0, 7, 1, 1, 1
0, 5, 1, 1, 1, 1, 1, 1, 1, 1
0, 0, 0, 0, 0, 0, 0, 6, 1, 1
0, 0, 0, 0, 0, 0, 0, 0, 7, 1
0, 0, 6, 6, 6, 6, 6, 3, 3, 3
0, 0, 0, 0, 0, 0, 0, 0, 7, 1
0, 0, 0, 0, 0, 0, 7, 1, 1, 1
0, 0, 0, 0, 0, 0, 7, 1, 1, 1
0, 0, 0, 0, 0, 0, 0, 6, 1, 1
0, 0, 0, 0, 0, 0, 0, 6, 1, 1
0, 0, 0, 0, 0, 0, 7, 1, 1, 1
0, 0, 7, 4, 4, 4, 4, 4, 4, 4
0, 0, 0, 0, 0, 0, 0, 0, 0, 6
0, 0, 0, 0, 0, 0, 0, 7, 1, 1
0, 0, 0, 0, 0, 0, 0, 6, 1, 1
0, 0, 0, 0, 0, 0, 0, 6, 1, 1
0, 5, 1, 1, 1, 1, 1, 1, 1, 1
0, 0, 0, 0, 0, 0, 0, 6, 1, 1
0, 0, 6, 6, 6, 3, 3, 3, 3, 3
0, 0, 6, 6, 6, 6, 6, 6, 6, 6
0, 0, 0, 0, 0, 0, 7, 1, 1, 1
0, 0, 0, 0, 0, 0, 0, 0, 7, 1
0, 0, 0, 0, 0, 0, 0, 0, 7, 1
0, 0, 0, 0, 0, 7, 1, 1, 1, 1
0, 0, 0, 0, 0, 0, 0, 7, 1, 1
0, 0, 0, 0, 0, 7, 7, 7, 7, 1
0, 0, 0, 0, 0, 0, 0, 7, 1, 1
0, 0, 0, 7, 1, 1, 1, 1, 1, 1
0, 0, 0, 7, 1, 1, 1, 1, 1, 1
0, 0, 0, 6, 1, 1, 1, 1, 1, 1
0, 0, 0, 7, 1, 1, 1, 1, 1, 1
0, 0, 0, 0, 0, 0, 0, 0, 7, 1
0, 0, 0, 0, 0, 0, 0, 0, 7, 1
0, 0, 0, 0, 0, 0, 0, 0, 7, 1
0, 0, 0, 0, 0, 0, 0, 0, 7, 1
0, 0, 0, 0, 0, 0, 0, 0, 7, 1
0, 0, 0, 0, 0, 0, 0, 0, 7, 1
0, 0, 0, 0, 0, 0, 0, 0, 7, 1
0, 0, 0, 0, 0, 0, 0, 0, 7, 1
0, 0, 0, 0, 0, 0, 0, 0, 7, 1
0, 0, 0, 0, 0, 0, 0, 6, 1, 1
0, 0, 0, 0, 0, 0, 0, 0, 0, 6
0, 0, 0, 0, 0, 0, 0, 0, 7, 1
0, 0, 0, 0, 0, 0, 7, 1, 1, 1
0, 0, 0, 0, 0, 0, 0, 7, 1, 1
0, 0, 0, 0, 0, 0, 0, 0, 7, 1
0, 0, 0, 0, 0, 0, 0, 6, 1, 1
0, 5, 1, 1, 1, 1, 1, 1, 1, 1
0, 0, 0, 0, 0, 0, 0, 0, 7, 1
0, 0, 0, 7, 1, 1, 1, 1, 1, 1
0, 0, 0, 0, 0, 0, 0, 7, 1, 1
0, 0, 0, 0, 0, 0, 0, 0, 7, 1
0, 5, 1, 1, 1, 1, 1, 1, 1, 1
0, 0, 0, 0, 0, 7, 1, 1, 1, 1
0, 0, 0, 0, 0, 0, 0, 6, 1, 1
0, 0, 0, 0, 7, 1, 1, 1, 1, 1
0, 0, 0, 0, 0, 0, 0, 6, 1, 1
0, 0, 0, 0, 0, 0, 0, 0, 7, 1
0, 0, 0, 0, 0, 0, 0, 0, 7, 1
0, 0, 0, 0, 0, 0, 0, 0, 7, 1
0, 0, 0, 0, 0, 0, 0, 0, 6, 6
0, 0, 0, 0, 0, 0, 0, 0, 7, 1
0, 0, 0, 7, 7, 7, 7, 7, 7, 1
0, 0, 0, 7, 7, 7, 7, 7, 7, 1
0, 0, 0, 7, 7, 7, 7, 7, 7, 1
0, 0, 6, 6, 6, 6, 6, 6, 6, 1
0, 0, 7, 1, 1, 1, 0, 6, 6, 1
0, 0, 0, 0, 0, 0, 0, 0, 7, 1
0, 0, 0, 7, 1, 1, 1, 1, 1, 1
0, 0, 7, 7, 7, 7, 7, 7, 7, 1
0, 0, 7, 7, 7, 7, 7, 7, 7, 1
0, 0, 7, 7, 7, 7, 7, 7, 7, 1
0, 0, 0, 0, 0, 0, 0, 0, 7, 1
0, 0, 0, 0, 0, 0, 0, 0, 7, 1
0, 0, 0, 0, 0, 0, 0, 0, 7, 1
0, 0, 0, 0, 0, 0, 0, 0, 7, 1
0, 0, 0, 0, 0, 0, 0, 0, 7, 1
0, 0, 0, 0, 0, 0, 0, 0, 7, 1
0, 0, 0, 0, 0, 0, 0, 0, 7, 1
0, 0, 0, 0, 0, 0, 0, 0, 7, 1
0, 0, 0, 0, 0, 0, 0, 0, 7, 1
0, 0, 7, 1, 1, 1, 1, 1, 1, 1
0, 0, 0, 0, 0, 0, 0, 0, 0, 6
0, 0, 0, 0, 0, 0, 0, 0, 7, 1
0, 0, 0, 0, 0, 0, 0, 0, 7, 1
0, 0, 0, 0, 0, 0, 0, 0, 7, 1
0, 0, 0, 0, 0, 0, 7, 7, 7, 1
0, 0, 0, 7, 7, 7, 7, 7, 7, 1
0, 0, 0, 0, 0, 0, 0, 0, 7, 1
0, 0, 0, 0, 0, 7, 1, 1, 1, 1
0, 5, 2, 2, 2, 2, 2, 2, 2, 2
0, 0, 6, 6, 6, 6, 1, 1, 1, 1
0, 5, 1, 1, 1, 1, 1, 1, 1, 1
0, 0, 5, 2, 2, 2, 2, 2, 2, 2
0, 0, 0, 0, 0, 0, 0, 6, 1, 1
0, 0, 0, 0, 0, 0, 0, 7, 1, 1
0, 0, 0, 0, 0, 6, 6, 6, 3, 3
0, 0, 0, 0, 0, 0, 0, 7, 1, 1
0, 0, 0, 0, 0, 0, 0, 7, 1, 1
0, 0, 0, 0, 0, 0, 0, 7, 1, 1
0, 0, 0, 0, 0, 0, 0, 7, 1, 1
0, 0, 0, 0, 0, 0, 0, 7, 1, 1
0, 0, 6, 3, 3, 3, 3, 3, 3, 3
0, 0, 0, 0, 0, 0, 0, 0, 7, 1
0, 0, 0, 0, 0, 0, 0, 6, 1, 1
0, 0, 0, 0, 0, 0, 0, 6, 1, 1
0, 0, 0, 0, 0, 0, 7, 1, 1, 1
0, 0, 0, 0, 0, 0, 0, 7, 1, 1
