0, 2079, 4620, 6929, 9240, 11549, 13859, 16169, 18480, 20789
0.001, 0.308192307692, 0.615384615385, 0.578125, 0.999, 0.701300182741, 0.860377248897, 0.999, 0.999, 0.999
0.001, 0.001, 0.001, 0.001, 0.001, 0.0768180326133, 0.001, 0.001, 0.001, 0.001
923.0, 916.0, 891.0, 758.0, 752.0, 687.0, 574.0, 482.0, 122.0, 0.0
0.0, 7.0, 27.0, 143.0, 22.0, 80.0, 127.0, 150.0, 421.0, 209.0
0.0, 0.0, 1.0, 16.0, 143.0, 147.0, 210.0, 269.0, 357.0, 686.0
0.0, 0.0, 4.0, 4.0, 4.0, 4.0, 4.0, 4.0, 4.0, 4.0
0.0, 0.0, 0.0, 2.0, 2.0, 5.0, 8.0, 15.0, 16.0, 21.0
0.0, 0.0, 0.0, 0.0, 0.0, 0.0, 0.0, 3.0, 3.0, 3.0
0, 0, 0, 0, 0, 6, 1, 1, 1, 1
0, 0, 0, 0, 0, 6, 1, 1, 1, 1
0, 0, 0, 0, 0, 0, 0, 6, 1, 1
0, 0, 0, 0, 0, 0, 0, 0, 6, 1
0, 0, 0, 6, 1, 1, 1, 1, 1, 1
0, 0, 0, 0, 6, 1, 1, 1, 1, 1
0, 0, 0, 0, 6, 1, 1, 1, 1, 1
0, 0, 0, 6, 1, 1, 1, 1, 1, 1
0, 0, 0, 0, 0, 0, 0, 0, 6, 1
0, 0, 0, 0, 0, 0, 6, 6, 6, 1
0, 0, 0, 0, 0, 0, 6, 6, 6, 1
0, 0, 0, 0, 0, 0, 0, 0, 6, 6
0, 0, 0, 0, 0, 0, 0, 0, 0, 6
0, 0, 0, 0, 0, 0, 0, 0, 6, 6
0, 0, 0, 0, 0, 0, 0, 0, 0, 6
0, 0, 0, 0, 0, 0, 0, 6, 6, 6
0, 0, 0, 0, 0, 0, 0, 0, 0, 6
0, 0, 0, 0, 0, 0, 6, 6, 6, 6
0, 0, 0, 0, 0, 0, 6, 6, 6, 6
0, 0, 0, 0, 0, 0, 6, 6, 6, 6
0, 0, 0, 0, 0, 0, 6, 6, 6, 6
0, 0, 0, 0, 0, 0, 0, 0, 0, 6
0, 0, 0, 0, 0, 0, 0, 0, 0, 6
0, 0, 0, 0, 0, 0, 6, 6, 6, 6
0, 0, 0, 0, 0, 0, 6, 6, 6, 6
0, 0, 0, 0, 0, 0, 0, 0, 6, 1
0, 0, 0, 0, 0, 0, 0, 0, 6, 1
0, 0, 0, 0, 0, 0, 6, 1, 1, 1
0, 0, 0, 0, 0, 0, 6, 1, 1, 1
0, 0, 0, 0, 0, 0, 6, 6, 6, 1
0, 0, 0, 0, 0, 0, 6, 1, 1, 1
0, 0, 0, 0, 0, 0, 0, 0, 6, 6
0, 0, 0, 0, 0, 0, 0, 0, 0, 6
0, 0, 0, 0, 0, 0, 0, 0, 6, 1
0, 0, 0, 0, 0, 0, 6, 1, 1, 1
0, 0, 0, 6, 1, 1, 1, 1, 1, 1
0, 0, 0, 0, 0, 0, 0, 0, 6, 1
0, 0, 0, 0, 0, 0, 0, 0, 0, 6
0, 0, 0, 0, 0, 0, 0, 6, 1, 1
0, 0, 0, 0, 0, 0, 0, 0, 6, 1
0, 0, 0, 0, 0, 0, 0, 0, 6, 1
0, 0, 0, 0, 0, 0, 6, 1, 1, 1
0, 0, 0, 6, 1, 1, 1, 1, 1, 1
0, 0, 0, 0, 0, 0, 0, 0, 6, 6
0, 0, 0, 6, 1, 1, 1, 1, 1, 1
0, 0, 0, 6, 1, 1, 1, 1, 1, 1
0, 0, 0, 0, 0, 6, 1, 1, 1, 1
0, 0, 0, 0, 0, 0, 6, 1, 1, 1
0, 0, 0, 0, 0, 0, 0, 6, 1, 1
0, 0, 0, 0, 0, 0, 0, 0, 6, 1
0, 0, 0, 0, 0, 0, 0, 0, 6, 1
0, 0, 0, 0, 0, 0, 0, 6, 1, 1
0, 0, 0, 0, 0, 0, 0, 0, 6, 1
0, 0, 0, 0, 0, 0, 0, 0, 6, 1
0, 0, 0, 0, 0, 0, 0, 0, 6, 1
0, 0, 0, 0, 0, 0, 0, 0, 6, 1
0, 0, 0, 0, 0, 0, 6, 1, 1, 1
0, 0, 0, 6, 1, 1, 1, 1, 1, 1
0, 0, 0, 0, 0, 0, 0, 6, 1, 1
0, 0, 0, 0, 0, 0, 0, 0, 6, 1
0, 0, 0, 0, 0, 6, 1, 1, 1, 1
0, 0, 0, 0, 0, 0, 0, 0, 6, 1
0, 0, 0, 0, 0, 0, 0, 0, 6, 1
0, 0, 0, 0, 0, 0, 6, 1, 1, 1
0, 0, 0, 0, 0, 0, 0, 0, 0, 6
0, 0, 0, 0, 0, 0, 0, 0, 0, 6
0, 0, 0, 6, 1, 1, 1, 1, 1, 1
0, 0, 0, 0, 0, 6, 1, 1, 1, 1
0, 0, 0, 6, 1, 1, 1, 1, 1, 1
0, 0, 0, 0, 0, 0, 0, 0, 6, 1
0, 0, 0, 0, 0, 0, 0, 0, 0, 6
0, 0, 0, 0, 0, 0, 6, 6, 6, 1
0, 0, 0, 0, 0, 0, 6, 6, 6, 6
0, 0, 0, 0, 0, 0, 6, 1, 1, 1
0, 0, 6, 1, 1, 1, 1, 1, 1, 1
0, 0, 0, 0, 0, 0, 0, 0, 6, 1
0, 0, 6, 1, 1, 1, 1, 0, 6, 1
0, 0, 0, 0, 0, 0, 0, 0, 6, 1
0, 0, 0, 0, 0, 0, 0, 0, 6, 1
0, 0, 0, 0, 0, 0, 0, 0, 6, 1
0, 0, 0, 0, 0, 0, 0, 0, 6, 1
0, 0, 0, 0, 0, 0, 0, 0, 6, 1
0, 0, 0, 0, 0, 0, 0, 0, 6, 1
0, 0, 0, 0, 0, 0, 0, 0, 6, 1
0, 0, 0, 0, 0, 0, 0, 0, 6, 1
0, 0, 0, 0, 0, 0, 0, 0, 6, 1
0, 0, 0, 0, 0, 0, 0, 0, 6, 1
0, 0, 0, 0, 0, 0, 0, 0, 6, 1
0, 0, 0, 0, 0, 0, 0, 0, 6, 1
0, 0, 0, 0, 0, 0, 0, 0, 6, 1
0, 0, 0, 0, 0, 0, 0, 0, 6, 1
0, 0, 0, 0, 0, 0, 0, 0, 6, 1
0, 0, 0, 0, 0, 0, 0, 0, 6, 1
0, 0, 0, 0, 0, 0, 0, 0, 6, 6
0, 0, 0, 0, 0, 0, 0, 0, 6, 1
0, 0, 0, 0, 0, 0, 6, 6, 6, 6
0, 0, 0, 0, 0, 0, 0, 0, 6, 1
0, 0, 0, 0, 0, 0, 0, 0, 6, 1
0, 0, 0, 0, 0, 0, 0, 0, 6, 1
0, 0, 0, 0, 0, 0, 0, 0, 6, 1
0, 0, 0, 0, 0, 0, 6, 6, 6, 1
0, 0, 0, 0, 0, 0, 6, 6, 6, 1
0, 0, 0, 0, 0, 0, 6, 6, 6, 1
0, 0, 0, 0, 0, 0, 0, 0, 6, 1
0, 0, 0, 0, 0, 0, 0, 0, 6, 1
0, 0, 0, 0, 0, 0, 0, 0, 6, 1
0, 0, 0, 0, 0, 0, 0, 0, 6, 1
0, 0, 0, 0, 0, 0, 0, 0, 6, 1
0, 0, 0, 0, 0, 0, 6, 3, 3, 3
0, 0, 0, 0, 0, 6, 1, 1, 1, 1
0, 0, 0, 0, 0, 0, 0, 0, 0, 6
0, 0, 0, 0, 0, 6, 1, 1, 1, 1
0, 0, 0, 0, 0, 0, 0, 0, 6, 6
0, 0, 0, 0, 0, 0, 0, 0, 6, 1
0, 0, 0, 0, 0, 6, 3, 3, 3, 3
0, 0, 0, 0, 0, 0, 0, 0, 0, 6
0, 0, 6, 6, 6, 6, 6, 1, 1, 1
0, 0, 0, 0, 0, 0, 0, 0, 0, 6
0, 0, 0, 0, 0, 0, 0, 6, 1, 1
0, 0, 0, 0, 0, 0, 0, 6, 1, 1
0, 0, 0, 6, 1, 1, 1, 1, 1, 1
0, 0, 0, 0, 0, 0, 0, 6, 1, 1
0, 0, 0, 0, 0, 0, 0, 6, 1, 1
0, 0, 0, 0, 0, 6, 3, 3, 3, 3
0, 0, 0, 0, 0, 0, 0, 6, 1, 1
0, 0, 0, 0, 0, 0, 0, 6, 1, 1
0, 0, 0, 0, 0, 6, 1, 1, 1, 1
0, 0, 0, 6, 1, 1, 1, 1, 1, 1
0, 0, 0, 6, 1, 1, 1, 1, 1, 1
0, 0, 0, 0, 0, 0, 0, 0, 6, 1
0, 0, 0, 0, 0, 6, 1, 1, 1, 1
0, 0, 0, 0, 0, 0, 0, 6, 1, 1
0, 0, 0, 0, 0, 6, 1, 1, 1, 1
0, 0, 0, 0, 0, 0, 0, 0, 6, 1
0, 0, 0, 0, 0, 0, 0, 0, 6, 1
0, 0, 0, 0, 6, 1, 1, 1, 1, 1
0, 0, 0, 0, 0, 0, 0, 6, 1, 1
0, 0, 6, 1, 1, 1, 1, 1, 1, 1
0, 0, 0, 0, 0, 0, 0, 0, 6, 1
0, 0, 0, 0, 0, 0, 0, 0, 6, 1
0, 0, 0, 0, 0, 0, 0, 0, 0, 6
0, 0, 0, 6, 1, 1, 1, 1, 1, 1
0, 0, 0, 0, 0, 0, 0, 6, 1, 1
0, 0, 0, 0, 0, 0, 0, 0, 6, 1
0, 0, 0, 0, 0, 0, 0, 0, 0, 6
0, 0, 0, 0, 0, 0, 0, 0, 6, 1
0, 0, 0, 0, 0, 0, 0, 0, 6, 1
0, 0, 0, 0, 0, 0, 0, 0, 0, 6
0, 0, 0, 0, 0, 6, 1, 1, 1, 1
0, 0, 0, 0, 0, 0, 0, 6, 1, 1
0, 0, 6, 1, 1, 1, 1, 1, 1, 1
0, 0, 0, 0, 0, 0, 0, 0, 0, 6
0, 0, 0, 0, 0, 0, 0, 0, 0, 6
0, 0, 0, 0, 0, 0, 0, 0, 6, 6
0, 0, 0, 0, 0, 0, 0, 0, 0, 6
0, 0, 0, 0, 0, 0, 6, 6, 6, 6
0, 0, 0, 0, 0, 0, 0, 0, 0, 6
0, 0, 0, 0, 0, 0, 0, 0, 0, 6
0, 0, 0, 0, 0, 0, 0, 0, 0, 6
0, 0, 0, 0, 0, 0, 0, 0, 6, 1
0, 0, 0, 0, 0, 0, 0, 0, 6, 1
0, 0, 0, 0, 0, 0, 0, 0, 6, 1
0, 0, 0, 0, 0, 0, 0, 0, 6, 1
0, 0, 0, 0, 0, 0, 0, 0, 6, 1
0, 0, 0, 0, 0, 0, 0, 0, 6, 1
0, 0, 0, 0, 0, 0, 0, 0, 6, 1
0, 0, 0, 0, 0, 0, 0, 0, 6, 1
0, 0, 0, 0, 0, 0, 0, 0, 6, 1
0, 0, 0, 0, 0, 0, 0, 0, 6, 1
0, 0, 0, 0, 0, 6, 1, 1, 1, 1
0, 0, 0, 0, 0, 0, 0, 0, 6, 1
0, 0, 0, 0, 0, 0, 0, 0, 6, 1
0, 0, 0, 0, 0, 0, 0, 0, 6, 1
0, 0, 0, 0, 0, 0, 0, 0, 6, 1
0, 0, 0, 0, 0, 0, 0, 0, 6, 1
0, 0, 0, 0, 0, 0, 0, 6, 6, 6
0, 0, 0, 0, 0, 0, 0, 6, 6, 6
0, 0, 0, 0, 0, 0, 0, 0, 6, 1
0, 0, 0, 6, 1, 1, 1, 1, 1, 1
0, 0, 0, 0, 0, 0, 0, 6, 6, 1
0, 0, 0, 0, 0, 0, 0, 6, 6, 6
0, 0, 0, 0, 0, 0, 0, 0, 6, 1
0, 0, 0, 0, 0, 0, 0, 0, 6, 6
0, 0, 0, 0, 0, 0, 0, 0, 6, 1
0, 0, 0, 0, 0, 0, 0, 0, 6, 1
0, 0, 0, 0, 0, 0, 0, 0, 6, 1
0, 0, 0, 0, 0, 0, 0, 6, 1, 1
0, 0, 0, 0, 0, 6, 1, 1, 1, 1
0, 0, 0, 0, 0, 0, 0, 6, 1, 1
0, 0, 0, 0, 0, 0, 0, 6, 1, 1
0, 0, 0, 0, 0, 0, 0, 0, 6, 1
0, 0, 0, 0, 0, 0, 6, 6, 6, 6
0, 0, 0, 0, 0, 0, 0, 0, 6, 1
0, 0, 0, 0, 0, 0, 6, 1, 1, 1
0, 0, 0, 0, 0, 0, 6, 6, 6, 1
0, 0, 0, 0, 0, 0, 6, 6, 6, 1
0, 0, 0, 0, 0, 0, 6, 6, 6, 1
0, 0, 0, 0, 0, 0, 6, 1, 1, 1
0, 0, 6, 1, 1, 1, 1, 1, 1, 1
0, 0, 0, 0, 0, 0, 0, 0, 0, 6
0, 0, 0, 0, 0, 0, 0, 0, 6, 1
0, 0, 0, 0, 0, 0, 0, 0, 6, 1
0, 0, 0, 0, 0, 0, 0, 0, 6, 1
0, 0, 0, 0, 0, 0, 0, 6, 1, 1
0, 0, 0, 6, 1, 1, 1, 1, 1, 1
0, 0, 0, 6, 1, 1, 1, 1, 1, 1
0, 0, 0, 0, 0, 6, 1, 1, 1, 1
0, 0, 0, 6, 1, 1, 1, 1, 1, 1
0, 0, 0, 0, 0, 0, 0, 6, 1, 1
0, 0, 0, 0, 0, 6, 1, 1, 1, 1
0, 0, 0, 0, 0, 0, 0, 0, 0, 6
0, 0, 0, 0, 0, 0, 0, 0, 6, 1
0, 0, 0, 6, 1, 1, 1, 1, 1, 1
0, 0, 0, 0, 0, 0, 0, 0, 6, 1
0, 0, 0, 0, 0, 0, 0, 6, 1, 1
0, 0, 0, 6, 1, 1, 1, 1, 1, 1
0, 0, 0, 0, 0, 0, 0, 0, 0, 6
0, 0, 0, 0, 0, 6, 1, 1, 1, 1
0, 0, 0, 6, 6, 6, 6, 1, 1, 1
0, 0, 0, 0, 0, 0, 0, 0, 0, 6
0, 0, 0, 6, 1, 1, 1, 1, 1, 1
0, 0, 0, 0, 0, 0, 6, 1, 1, 1
0, 0, 0, 0, 0, 0, 0, 6, 1, 1
0, 0, 0, 6, 1, 1, 1, 1, 1, 1
0, 0, 0, 0, 0, 0, 0, 0, 0, 6
0, 0, 0, 0, 0, 0, 0, 6, 1, 1
0, 0, 0, 0, 0, 0, 0, 0, 0, 6
0, 0, 0, 0, 0, 0, 0, 0, 0, 6
0, 0, 0, 6, 1, 1, 1, 1, 1, 1
0, 0, 0, 0, 0, 0, 0, 0, 6, 1
0, 0, 0, 0, 0, 0, 0, 0, 6, 1
0, 0, 0, 0, 0, 0, 0, 6, 1, 1
0, 0, 0, 6, 1, 1, 1, 1, 1, 1
0, 0, 0, 6, 1, 1, 1, 1, 1, 1
0, 0, 0, 0, 0, 0, 0, 6, 1, 1
0, 0, 0, 0, 0, 0, 0, 0, 6, 1
0, 0, 0, 0, 0, 6, 1, 1, 1, 1
0, 0, 0, 0, 0, 0, 0, 6, 1, 1
0, 0, 0, 0, 0, 0, 6, 1, 1, 1
0, 0, 0, 0, 0, 0, 0, 0, 0, 6
0, 0, 6, 3, 3, 3, 3, 3, 3, 3
0, 0, 0, 0, 0, 0, 0, 6, 6, 1
0, 0, 0, 0, 0, 0, 0, 0, 0, 6
0, 0, 0, 0, 0, 0, 0, 0, 0, 6
0, 0, 0, 0, 0, 0, 0, 0, 0, 6
0, 0, 6, 6, 6, 3, 3, 3, 3, 3
0, 0, 0, 6, 1, 1, 1, 1, 1, 1
0, 0, 0, 0, 0, 6, 1, 1, 1, 1
0, 0, 0, 0, 0, 0, 0, 0, 6, 6
0, 0, 0, 0, 0, 6, 1, 1, 1, 1
0, 0, 0, 0, 0, 0, 0, 6, 1, 1
0, 0, 0, 0, 0, 0, 6, 1, 1, 1
0, 0, 0, 6, 1, 1, 1, 1, 1, 1
0, 0, 0, 0, 0, 0, 0, 0, 6, 1
0, 0, 0, 6, 1, 1, 1, 1, 1, 1
0, 0, 0, 0, 0, 0, 0, 6, 1, 1
0, 0, 0, 0, 0, 0, 0, 0, 0, 6
0, 0, 0, 0, 0, 0, 0, 0, 6, 1
0, 0, 0, 0, 0, 0, 0, 6, 1, 1
0, 0, 0, 0, 0, 0, 6, 1, 1, 1
0, 0, 0, 0, 0, 0, 6, 6, 6, 6
0, 0, 0, 0, 0, 0, 6, 6, 6, 6
0, 0, 0, 0, 0, 0, 6, 1, 1, 1
0, 0, 0, 0, 0, 0, 0, 0, 6, 6
0, 0, 0, 0, 0, 0, 0, 0, 0, 6
0, 0, 0, 0, 0, 0, 0, 0, 0, 6
0, 0, 0, 0, 0, 0, 0, 0, 6, 1
0, 0, 0, 0, 0, 0, 0, 0, 6, 1
0, 0, 0, 0, 0, 0, 0, 0, 6, 1
0, 0, 0, 0, 0, 0, 0, 0, 0, 6
0, 0, 0, 0, 0, 6, 1, 1, 1, 1
0, 0, 0, 0, 0, 0, 0, 0, 6, 1
0, 0, 0, 0, 0, 0, 0, 0, 6, 1
0, 0, 0, 0, 0, 0, 0, 0, 6, 1
0, 0, 0, 0, 0, 0, 0, 0, 6, 1
0, 0, 0, 0, 0, 0, 0, 0, 6, 1
0, 0, 0, 0, 0, 0, 0, 0, 0, 6
0, 0, 0, 0, 0, 0, 6, 6, 6, 6
0, 0, 0, 0, 0, 0, 0, 0, 0, 6
0, 5, 5, 5, 1, 1, 1, 1, 1, 1
0, 0, 0, 0, 0, 0, 0, 0, 0, 6
0, 0, 0, 6, 1, 1, 1, 1, 1, 1
0, 0, 0, 6, 1, 1, 1, 1, 1, 1
0, 0, 0, 6, 1, 1, 1, 1, 1, 1
0, 0, 0, 0, 0, 0, 6, 1, 1, 1
0, 0, 0, 0, 0, 0, 6, 1, 1, 1
0, 0, 0, 0, 0, 0, 6, 1, 1, 1
0, 0, 0, 6, 1, 1, 1, 1, 1, 1
0, 0, 0, 0, 0, 0, 6, 1, 1, 1
0, 0, 0, 0, 0, 0, 6, 1, 1, 1
0, 0, 0, 0, 6, 1, 1, 1, 1, 1
0, 0, 0, 0, 0, 0, 0, 6, 1, 1
0, 0, 0, 0, 0, 6, 1, 1, 1, 1
0, 0, 0, 0, 0, 0, 0, 6, 6, 1
0, 0, 0, 6, 1, 1, 1, 1, 1, 1
0, 0, 0, 0, 0, 0, 0, 6, 1, 1
0, 0, 0, 0, 0, 0, 0, 0, 6, 1
0, 0, 0, 0, 0, 0, 0, 0, 6, 6
0, 0, 0, 0, 0, 0, 0, 0, 6, 1
0, 0, 0, 0, 0, 0, 0, 0, 0, 6
0, 0, 0, 0, 0, 0, 0, 0, 6, 1
0, 0, 0, 0, 0, 0, 0, 0, 0, 6
0, 0, 0, 0, 0, 0, 0, 0, 6, 1
0, 0, 0, 0, 0, 0, 0, 0, 6, 1
0, 0, 0, 0, 0, 0, 0, 0, 0, 6
0, 0, 0, 0, 0, 0, 0, 0, 6, 1
0, 0, 0, 0, 0, 0, 0, 0, 6, 6
0, 0, 0, 0, 0, 0, 0, 0, 6, 1
0, 0, 0, 0, 0, 0, 0, 0, 6, 1
0, 0, 0, 0, 0, 0, 0, 0, 6, 1
0, 0, 0, 0, 0, 0, 0, 0, 6, 1
0, 0, 0, 0, 0, 0, 0, 0, 6, 1
0, 0, 0, 0, 0, 0, 0, 0, 6, 1
0, 0, 0, 0, 0, 0, 0, 0, 6, 1
0, 0, 0, 0, 0, 0, 0, 0, 6, 1
0, 0, 0, 0, 0, 0, 0, 0, 6, 1
0, 0, 0, 0, 0, 0, 0, 0, 6, 1
0, 0, 0, 0, 0, 0, 0, 0, 6, 1
0, 0, 0, 0, 0, 0, 0, 0, 6, 1
0, 0, 0, 0, 0, 0, 0, 0, 6, 1
0, 0, 0, 0, 0, 0, 0, 0, 6, 1
0, 0, 0, 0, 0, 0, 0, 0, 6, 1
0, 0, 0, 0, 0, 0, 0, 0, 6, 1
0, 0, 0, 0, 0, 0, 0, 0, 6, 1
0, 0, 0, 0, 0, 0, 0, 0, 6, 1
0, 0, 0, 0, 0, 0, 0, 0, 6, 1
0, 0, 0, 0, 0, 0, 0, 0, 6, 1
0, 0, 0, 0, 0, 0, 0, 0, 6, 1
0, 0, 0, 0, 0, 0, 0, 0, 6, 1
0, 0, 0, 0, 0, 0, 0, 0, 6, 1
0, 0, 0, 0, 0, 6, 1, 1, 1, 1
0, 0, 0, 6, 1, 1, 1, 1, 1, 1
0, 0, 0, 0, 0, 0, 0, 0, 6, 3
0, 0, 0, 0, 0, 0, 6, 1, 1, 1
0, 0, 0, 0, 0, 0, 6, 6, 6, 1
0, 0, 0, 0, 0, 0, 6, 6, 6, 6
0, 0, 0, 0, 0, 0, 6, 6, 6, 6
0, 0, 0, 0, 0, 0, 0, 0, 0, 6
0, 0, 0, 0, 0, 0, 6, 1, 1, 1
0, 0, 0, 0, 0, 0, 0, 0, 6, 1
0, 0, 0, 0, 0, 0, 0, 0, 0, 6
0, 0, 0, 0, 0, 0, 6, 6, 6, 1
0, 0, 0, 0, 0, 0, 6, 1, 1, 1
0, 0, 0, 0, 0, 0, 0, 0, 6, 1
0, 0, 0, 0, 0, 0, 6, 1, 1, 1
0, 0, 0, 0, 0, 0, 6, 1, 1, 1
0, 0, 0, 0, 0, 0, 6, 1, 1, 1
0, 0, 0, 0, 0, 0, 6, 1, 1, 1
0, 0, 0, 0, 0, 0, 0, 0, 0, 6
0, 0, 0, 0, 0, 0, 6, 1, 1, 1
0, 0, 0, 0, 0, 0, 6, 6, 6, 6
0, 0, 0, 0, 0, 0, 0, 0, 0, 6
0, 0, 0, 0, 0, 0, 0, 0, 6, 6
0, 0, 0, 0, 0, 0, 0, 0, 6, 6
0, 0, 0, 0, 0, 0, 0, 0, 0, 6
0, 0, 0, 6, 1, 1, 1, 1, 1, 1
0, 0, 0, 0, 0, 0, 0, 0, 6, 3
0, 0, 0, 0, 0, 0, 6, 1, 1, 1
0, 0, 0, 0, 0, 0, 0, 0, 0, 6
0, 0, 0, 6, 1, 1, 1, 1, 1, 1
0, 0, 0, 0, 0, 0, 0, 0, 6, 1
0, 0, 0, 6, 1, 1, 1, 1, 1, 1
0, 0, 0, 0, 0, 0, 0, 0, 6, 1
0, 0, 0, 0, 0, 0, 0, 6, 1, 1
0, 0, 0, 0, 0, 0, 0, 0, 6, 1
0, 0, 0, 0, 0, 0, 0, 0, 6, 6
0, 0, 0, 0, 0, 0, 6, 6, 6, 6
0, 0, 0, 0, 0, 0, 7, 4, 4, 4
0, 0, 0, 0, 0, 0, 0, 0, 6, 1
0, 0, 0, 0, 0, 0, 6, 1, 1, 1
0, 0, 0, 0, 6, 3, 3, 3, 3, 3
0, 0, 0, 6, 1, 1, 1, 1, 1, 1
0, 0, 0, 6, 1, 1, 1, 1, 1, 1
0, 0, 0, 0, 0, 0, 6, 1, 1, 1
0, 0, 0, 0, 0, 0, 0, 0, 6, 1
0, 0, 0, 0, 0, 0, 0, 0, 6, 1
0, 0, 0, 0, 0, 0, 0, 6, 1, 1
0, 0, 0, 0, 0, 0, 0, 0, 6, 1
0, 0, 0, 0, 0, 0, 0, 0, 6, 1
0, 0, 0, 0, 0, 0, 0, 0, 6, 1
0, 0, 0, 6, 1, 1, 1, 1, 1, 1
0, 0, 0, 6, 1, 1, 1, 1, 1, 1
0, 0, 0, 0, 0, 6, 1, 1, 1, 1
0, 0, 0, 6, 1, 1, 1, 1, 1, 1
0, 0, 0, 6, 1, 1, 1, 1, 1, 1
0, 0, 0, 0, 0, 0, 0, 6, 1, 1
0, 0, 0, 0, 0, 6, 1, 1, 1, 1
0, 0, 0, 0, 0, 0, 0, 6, 1, 1
0, 0, 0, 0, 0, 0, 0, 6, 1, 1
0, 0, 0, 0, 0, 0, 0, 0, 6, 1
0, 0, 0, 0, 0, 0, 0, 0, 0, 6
0, 0, 0, 6, 1, 1, 1, 1, 1, 1
0, 0, 0, 0, 0, 0, 0, 0, 0, 6
0, 0, 0, 0, 0, 0, 0, 0, 6, 1
0, 0, 0, 0, 0, 0, 0, 6, 1, 1
0, 5, 2, 2, 2, 2, 2, 2, 2, 2
0, 0, 0, 6, 1, 1, 1, 1, 1, 1
0, 0, 0, 6, 1, 1, 1, 1, 1, 1
0, 0, 0, 0, 0, 6, 1, 1, 1, 1
0, 0, 0, 0, 0, 6, 1, 1, 1, 1
0, 0, 0, 0, 0, 0, 0, 6, 1, 1
0, 0, 0, 6, 1, 1, 1, 1, 1, 1
0, 0, 0, 0, 0, 0, 0, 6, 1, 1
0, 0, 0, 0, 0, 0, 0, 6, 1, 1
0, 0, 0, 0, 0, 0, 0, 6, 1, 1
0, 0, 0, 0, 0, 0, 0, 6, 1, 1
0, 0, 0, 0, 0, 0, 0, 6, 1, 1
0, 0, 0, 0, 0, 0, 7, 4, 4, 4
0, 0, 6, 6, 6, 6, 6, 3, 3, 3
0, 0, 0, 0, 0, 0, 0, 0, 6, 1
0, 0, 0, 0, 0, 0, 0, 0, 6, 1
0, 0, 0, 0, 0, 0, 0, 0, 6, 1
0, 0, 0, 0, 0, 0, 0, 0, 6, 1
0, 0, 0, 0, 0, 0, 0, 0, 6, 1
0, 0, 0, 0, 0, 0, 6, 1, 1, 1
0, 0, 0, 0, 0, 0, 0, 0, 6, 1
0, 0, 0, 0, 0, 0, 0, 0, 6, 1
0, 0, 0, 0, 0, 0, 0, 6, 1, 1
0, 5, 1, 1, 1, 1, 1, 1, 1, 1
0, 0, 6, 6, 6, 6, 1, 1, 1, 1
0, 0, 0, 6, 1, 1, 1, 1, 1, 1
0, 0, 0, 0, 0, 0, 0, 6, 1, 1
0, 0, 0, 0, 0, 0, 0, 6, 1, 1
0, 0, 0, 0, 0, 6, 1, 1, 1, 1
0, 0, 0, 0, 0, 0, 0, 6, 1, 1
0, 0, 0, 0, 0, 0, 0, 0, 6, 6
0, 0, 0, 0, 0, 0, 0, 0, 6, 1
0, 0, 0, 0, 0, 0, 0, 0, 6, 6
0, 0, 0, 0, 0, 0, 0, 0, 6, 1
0, 0, 0, 0, 0, 0, 0, 0, 6, 1
0, 0, 0, 0, 0, 0, 0, 0, 6, 1
0, 0, 0, 0, 0, 0, 0, 0, 6, 1
0, 0, 0, 0, 0, 0, 0, 0, 6, 1
0, 0, 0, 0, 0, 0, 6, 1, 1, 1
0, 0, 0, 0, 0, 0, 6, 1, 1, 1
0, 0, 0, 6, 1, 1, 1, 1, 1, 1
0, 0, 0, 0, 6, 6, 1, 1, 1, 1
0, 0, 0, 6, 1, 1, 1, 1, 1, 1
0, 0, 0, 0, 0, 6, 1, 1, 1, 1
0, 0, 0, 6, 1, 1, 1, 1, 1, 1
0, 0, 0, 6, 1, 1, 1, 1, 1, 1
0, 0, 0, 6, 1, 1, 1, 1, 1, 1
0, 0, 0, 6, 1, 1, 1, 1, 1, 1
0, 0, 0, 0, 0, 0, 0, 6, 1, 1
0, 0, 0, 0, 0, 6, 1, 1, 1, 1
0, 0, 6, 3, 3, 3, 3, 3, 3, 3
0, 0, 0, 0, 0, 0, 0, 6, 1, 1
0, 0, 0, 6, 1, 1, 1, 1, 1, 1
0, 0, 0, 0, 0, 6, 1, 1, 1, 1
0, 0, 0, 0, 0, 0, 0, 6, 1, 1
0, 0, 0, 0, 0, 0, 0, 0, 6, 3
0, 0, 0, 0, 0, 0, 6, 1, 1, 1
0, 0, 0, 0, 0, 0, 0, 0, 0, 6
0, 0, 0, 0, 0, 0, 0, 0, 6, 1
0, 0, 0, 0, 0, 0, 0, 0, 6, 1
0, 0, 0, 0, 0, 0, 0, 0, 6, 1
0, 0, 0, 0, 0, 0, 0, 0, 6, 1
0, 0, 0, 0, 0, 0, 0, 0, 6, 1
0, 0, 0, 0, 0, 6, 6, 1, 1, 1
0, 0, 0, 0, 0, 0, 0, 0, 6, 1
0, 0, 0, 0, 0, 0, 0, 0, 6, 1
0, 0, 0, 0, 0, 0, 0, 0, 6, 1
0, 0, 0, 0, 0, 0, 0, 0, 6, 1
0, 0, 0, 0, 0, 0, 0, 6, 1, 1
0, 0, 0, 6, 1, 1, 1, 1, 1, 1
0, 0, 0, 0, 0, 0, 6, 6, 6, 6
0, 0, 0, 0, 0, 0, 0, 0, 0, 6
0, 0, 0, 6, 1, 1, 1, 1, 1, 1
0, 0, 0, 0, 0, 6, 1, 1, 1, 1
0, 0, 0, 6, 1, 1, 1, 1, 1, 1
0, 0, 0, 6, 1, 1, 1, 1, 1, 1
0, 0, 0, 0, 0, 0, 0, 6, 1, 1
0, 0, 0, 0, 0, 6, 1, 1, 1, 1
0, 0, 0, 0, 0, 0, 0, 6, 1, 1
0, 0, 0, 0, 0, 6, 3, 3, 3, 3
0, 0, 0, 6, 6, 6, 6, 6, 1, 1
0, 0, 0, 0, 0, 0, 0, 0, 6, 3
0, 0, 0, 0, 0, 6, 1, 1, 1, 1
0, 0, 0, 0, 0, 0, 0, 6, 1, 1
0, 0, 0, 0, 0, 0, 6, 1, 1, 1
0, 0, 0, 0, 0, 0, 0, 6, 1, 1
0, 0, 0, 6, 1, 1, 1, 1, 1, 1
0, 0, 0, 0, 0, 0, 0, 0, 6, 1
0, 0, 0, 0, 0, 0, 0, 0, 0, 6
0, 0, 0, 0, 0, 0, 0, 0, 0, 6
0, 0, 0, 0, 0, 0, 0, 0, 6, 6
0, 0, 0, 0, 0, 0, 0, 6, 6, 6
0, 0, 0, 0, 0, 0, 0, 0, 0, 6
0, 0, 0, 0, 0, 0, 0, 0, 6, 1
0, 0, 0, 0, 0, 0, 0, 0, 0, 6
0, 0, 0, 0, 0, 0, 0, 0, 0, 6
0, 0, 0, 0, 0, 0, 0, 0, 0, 6
0, 0, 0, 0, 0, 6, 1, 1, 1, 1
0, 0, 0, 0, 0, 0, 0, 6, 1, 1
0, 0, 0, 0, 0, 0, 0, 0, 6, 1
0, 0, 0, 0, 0, 0, 0, 0, 6, 1
0, 0, 0, 0, 0, 0, 0, 0, 6, 1
0, 0, 0, 0, 0, 0, 0, 0, 6, 1
0, 0, 0, 0, 0, 0, 0, 0, 6, 1
0, 0, 0, 0, 0, 0, 0, 0, 6, 1
0, 0, 0, 0, 0, 0, 0, 0, 6, 1
0, 0, 0, 0, 0, 0, 0, 0, 6, 1
0, 0, 6, 1, 1, 1, 1, 1, 1, 1
0, 0, 6, 1, 1, 1, 1, 1, 1, 1
0, 0, 6, 1, 1, 1, 1, 1, 1, 1
0, 0, 6, 1, 1, 1, 1, 1, 1, 1
0, 0, 6, 1, 1, 1, 1, 1, 1, 1
0, 0, 0, 0, 0, 0, 0, 0, 6, 1
0, 0, 6, 1, 1, 1, 1, 1, 1, 1
0, 0, 0, 0, 0, 0, 0, 0, 6, 1
0, 0, 0, 0, 0, 0, 0, 0, 6, 1
0, 0, 0, 0, 0, 0, 0, 0, 6, 1
0, 0, 0, 0, 0, 0, 0, 0, 6, 1
0, 0, 0, 0, 0, 0, 0, 0, 6, 1
0, 0, 0, 0, 0, 0, 0, 0, 6, 1
0, 0, 0, 0, 0, 0, 0, 0, 6, 1
0, 0, 0, 0, 0, 0, 0, 0, 6, 1
0, 0, 0, 0, 0, 0, 0, 0, 6, 1
0, 0, 0, 6, 1, 1, 1, 1, 1, 1
0, 0, 0, 0, 0, 0, 0, 0, 6, 1
0, 0, 0, 0, 0, 0, 6, 6, 6, 6
0, 0, 0, 0, 0, 0, 0, 0, 6, 1
0, 0, 0, 0, 0, 0, 0, 0, 6, 1
0, 0, 0, 6, 6, 6, 6, 6, 6, 6
0, 0, 0, 6, 1, 1, 1, 1, 1, 1
0, 0, 0, 6, 1, 1, 1, 1, 1, 1
0, 0, 0, 0, 0, 0, 0, 0, 0, 6
0, 0, 0, 0, 0, 6, 1, 1, 1, 1
0, 0, 0, 0, 0, 0, 0, 0, 6, 1
0, 0, 0, 0, 0, 0, 0, 0, 6, 1
0, 0, 0, 0, 0, 0, 0, 0, 6, 1
0, 0, 0, 0, 0, 0, 0, 6, 1, 1
0, 0, 0, 6, 1, 1, 1, 1, 1, 1
0, 0, 0, 0, 0, 0, 6, 1, 1, 1
0, 0, 0, 0, 0, 6, 1, 1, 1, 1
0, 0, 0, 0, 0, 0, 0, 0, 6, 6
0, 0, 0, 0, 0, 6, 6, 1, 1, 1
0, 0, 0, 0, 0, 0, 0, 0, 6, 1
0, 0, 0, 0, 0, 0, 0, 6, 1, 1
0, 0, 0, 0, 0, 0, 0, 6, 3, 3
0, 0, 0, 0, 0, 0, 0, 0, 0, 6
0, 0, 0, 0, 0, 0, 0, 0, 6, 1
0, 0, 0, 0, 0, 0, 6, 1, 1, 1
0, 0, 0, 0, 0, 0, 0, 0, 6, 1
0, 0, 0, 0, 0, 0, 0, 0, 6, 1
0, 0, 0, 0, 0, 0, 0, 0, 6, 1
0, 0, 0, 0, 0, 0, 0, 0, 6, 1
0, 0, 0, 0, 0, 0, 0, 0, 6, 1
0, 0, 0, 0, 0, 0, 0, 0, 6, 1
0, 0, 0, 0, 0, 0, 0, 0, 6, 1
0, 0, 0, 0, 0, 0, 0, 0, 6, 1
0, 0, 0, 0, 0, 0, 0, 0, 6, 1
0, 0, 0, 0, 0, 0, 0, 0, 6, 1
0, 0, 0, 0, 0, 0, 0, 0, 6, 1
0, 0, 0, 0, 0, 0, 0, 0, 6, 1
0, 0, 0, 0, 0, 0, 0, 0, 6, 1
0, 0, 0, 0, 0, 0, 0, 0, 6, 1
0, 0, 0, 6, 1, 1, 1, 1, 1, 1
0, 0, 0, 0, 0, 0, 6, 1, 1, 1
0, 0, 0, 0, 0, 0, 0, 0, 0, 6
0, 0, 0, 6, 1, 1, 1, 1, 1, 1
0, 0, 0, 0, 0, 0, 0, 0, 6, 1
0, 0, 0, 0, 0, 0, 0, 0, 6, 6
0, 0, 0, 0, 0, 0, 0, 0, 6, 1
0, 0, 0, 0, 0, 0, 0, 0, 6, 1
0, 0, 0, 0, 0, 0, 6, 6, 6, 6
0, 0, 0, 0, 0, 0, 0, 0, 6, 1
0, 0, 0, 0, 0, 0, 0, 0, 6, 1
0, 0, 0, 0, 0, 0, 0, 0, 6, 1
0, 0, 0, 0, 0, 0, 0, 0, 0, 6
0, 0, 0, 0, 0, 0, 0, 0, 6, 1
0, 0, 0, 6, 1, 1, 1, 1, 1, 1
0, 0, 0, 0, 0, 0, 6, 1, 1, 1
0, 0, 0, 6, 1, 1, 1, 1, 1, 1
0, 0, 0, 6, 1, 1, 1, 1, 1, 1
0, 0, 0, 0, 0, 0, 0, 6, 1, 1
0, 0, 0, 6, 1, 1, 1, 1, 1, 1
0, 0, 6, 6, 6, 3, 3, 3, 3, 3
0, 0, 0, 0, 0, 0, 0, 6, 1, 1
0, 0, 0, 0, 0, 0, 0, 6, 1, 1
0, 0, 0, 6, 1, 1, 1, 1, 1, 1
0, 0, 0, 6, 1, 1, 1, 1, 1, 1
0, 0, 0, 6, 1, 1, 1, 1, 1, 1
0, 0, 0, 0, 0, 0, 6, 1, 1, 1
0, 0, 0, 6, 1, 1, 1, 1, 1, 1
0, 0, 0, 0, 0, 0, 6, 1, 1, 1
0, 0, 0, 0, 0, 0, 0, 0, 0, 6
0, 5, 2, 2, 2, 2, 2, 2, 2, 2
0, 0, 0, 0, 0, 0, 0, 0, 0, 6
0, 0, 0, 0, 0, 0, 6, 1, 1, 1
0, 0, 6, 6, 6, 6, 6, 1, 1, 1
0, 0, 0, 0, 0, 0, 0, 6, 1, 1
0, 0, 0, 0, 0, 0, 6, 3, 3, 3
0, 0, 0, 0, 0, 0, 0, 0, 6, 6
0, 0, 0, 0, 0, 0, 0, 6, 1, 1
0, 0, 0, 0, 0, 0, 0, 0, 6, 1
0, 0, 0, 0, 0, 0, 0, 0, 0, 6
0, 0, 0, 6, 1, 1, 1, 1, 1, 1
0, 0, 0, 6, 1, 1, 1, 1, 1, 1
0, 0, 0, 0, 0, 0, 0, 0, 6, 1
0, 0, 0, 0, 0, 0, 0, 6, 1, 1
0, 0, 0, 0, 0, 0, 0, 6, 1, 1
0, 0, 0, 0, 0, 0, 0, 0, 0, 6
0, 0, 0, 0, 0, 0, 0, 6, 1, 1
0, 0, 0, 0, 0, 0, 0, 0, 6, 1
0, 0, 0, 6, 1, 1, 1, 1, 1, 1
0, 0, 0, 0, 0, 0, 6, 3, 3, 3
0, 0, 0, 0, 0, 0, 0, 0, 6, 1
0, 0, 0, 0, 0, 0, 0, 0, 6, 6
0, 0, 0, 0, 0, 0, 0, 0, 0, 6
0, 0, 0, 0, 0, 6, 1, 1, 1, 1
0, 0, 0, 0, 0, 0, 0, 6, 1, 1
0, 0, 0, 0, 0, 0, 0, 6, 1, 1
0, 0, 0, 6, 1, 1, 1, 1, 1, 1
0, 0, 0, 0, 0, 0, 0, 0, 6, 1
0, 0, 0, 6, 1, 1, 1, 1, 1, 1
0, 0, 0, 0, 0, 0, 0, 0, 6, 1
0, 0, 0, 0, 0, 6, 1, 1, 1, 1
0, 0, 0, 0, 0, 0, 0, 0, 0, 6
0, 0, 0, 0, 0, 0, 0, 0, 0, 6
0, 0, 0, 0, 0, 0, 0, 0, 6, 6
0, 0, 0, 0, 0, 0, 0, 0, 6, 6
0, 0, 0, 0, 0, 0, 0, 0, 0, 6
0, 0, 0, 0, 0, 0, 0, 0, 6, 6
0, 0, 0, 0, 0, 0, 0, 0, 6, 1
0, 0, 0, 0, 0, 0, 0, 0, 6, 1
0, 0, 0, 0, 0, 0, 0, 0, 6, 1
0, 0, 0, 0, 0, 0, 0, 0, 0, 6
0, 0, 0, 0, 0, 0, 0, 0, 0, 6
0, 0, 0, 0, 0, 0, 0, 0, 6, 6
0, 0, 0, 0, 0, 0, 0, 0, 0, 6
0, 0, 0, 0, 0, 0, 0, 0, 0, 6
0, 0, 0, 0, 0, 0, 0, 0, 6, 6
0, 0, 0, 0, 0, 0, 0, 0, 6, 6
0, 0, 0, 0, 0, 0, 0, 0, 6, 6
0, 0, 0, 0, 0, 0, 0, 0, 6, 1
0, 0, 0, 0, 0, 0, 0, 0, 0, 6
0, 0, 0, 0, 0, 0, 0, 0, 6, 1
0, 0, 0, 0, 0, 6, 1, 1, 1, 1
0, 0, 0, 6, 1, 1, 1, 1, 1, 1
0, 0, 0, 6, 1, 1, 1, 1, 1, 1
0, 0, 0, 0, 0, 0, 0, 6, 1, 1
0, 0, 0, 6, 1, 1, 1, 1, 1, 1
0, 0, 0, 0, 0, 0, 0, 0, 0, 6
0, 0, 0, 6, 6, 6, 1, 1, 1, 1
0, 0, 0, 0, 0, 0, 0, 0, 6, 6
0, 0, 0, 0, 0, 0, 0, 0, 6, 1
0, 0, 0, 0, 0, 0, 0, 0, 6, 1
0, 0, 0, 0, 0, 0, 0, 0, 6, 1
0, 0, 0, 0, 0, 0, 0, 0, 0, 6
0, 0, 0, 0, 0, 0, 0, 0, 6, 6
0, 0, 0, 0, 0, 0, 0, 0, 6, 1
0, 0, 0, 0, 0, 0, 0, 0, 0, 6
0, 0, 0, 0, 0, 0, 0, 0, 6, 6
0, 0, 0, 0, 0, 0, 0, 0, 0, 6
0, 0, 0, 0, 0, 0, 0, 0, 0, 6
0, 0, 0, 0, 0, 0, 0, 0, 6, 1
0, 0, 0, 0, 0, 0, 0, 0, 0, 6
0, 0, 0, 0, 0, 0, 0, 0, 0, 6
0, 0, 0, 0, 0, 0, 0, 0, 6, 6
0, 0, 0, 0, 0, 0, 0, 0, 0, 6
0, 0, 0, 0, 0, 6, 1, 1, 1, 1
0, 0, 0, 0, 0, 6, 1, 1, 1, 1
0, 0, 0, 0, 0, 0, 0, 6, 1, 1
0, 0, 0, 0, 0, 0, 6, 1, 1, 1
0, 0, 0, 0, 0, 0, 0, 0, 6, 1
0, 0, 0, 6, 1, 1, 1, 1, 1, 1
0, 0, 0, 6, 1, 1, 1, 1, 1, 1
0, 0, 0, 0, 0, 0, 0, 6, 1, 1
0, 0, 0, 0, 0, 0, 0, 0, 0, 6
0, 0, 0, 6, 1, 1, 1, 1, 1, 1
0, 0, 0, 0, 0, 0, 6, 1, 1, 1
0, 0, 0, 6, 6, 6, 6, 1, 1, 1
0, 0, 0, 6, 1, 1, 1, 1, 1, 1
0, 0, 0, 6, 1, 1, 1, 1, 1, 1
0, 0, 0, 6, 1, 1, 1, 1, 1, 1
0, 0, 0, 0, 0, 0, 0, 6, 1, 1
0, 0, 0, 0, 0, 0, 0, 0, 6, 1
0, 0, 0, 0, 0, 0, 0, 0, 6, 6
0, 0, 0, 0, 0, 0, 0, 0, 6, 6
0, 0, 0, 0, 0, 0, 0, 0, 0, 6
0, 0, 0, 6, 1, 1, 1, 1, 1, 1
0, 0, 0, 0, 0, 0, 6, 1, 1, 1
0, 0, 0, 0, 0, 0, 0, 0, 6, 6
0, 0, 6, 6, 6, 6, 6, 3, 3, 3
0, 0, 0, 6, 1, 1, 1, 1, 1, 1
0, 0, 0, 0, 0, 0, 0, 0, 6, 1
0, 0, 0, 0, 0, 0, 0, 0, 0, 6
0, 0, 0, 0, 0, 0, 6, 6, 6, 6
0, 0, 0, 0, 0, 0, 6, 6, 6, 6
0, 0, 0, 0, 0, 0, 6, 6, 6, 6
0, 0, 0, 0, 0, 0, 6, 6, 6, 6
0, 0, 0, 0, 0, 0, 6, 6, 6, 6
0, 0, 0, 0, 0, 0, 6, 6, 6, 6
0, 0, 0, 0, 0, 0, 6, 6, 6, 6
0, 0, 0, 0, 0, 0, 6, 6, 6, 6
0, 0, 0, 0, 0, 0, 6, 6, 6, 6
0, 0, 0, 0, 0, 0, 6, 6, 6, 6
0, 0, 0, 0, 0, 0, 6, 6, 6, 6
0, 0, 0, 0, 0, 0, 6, 6, 6, 6
0, 0, 0, 0, 0, 0, 6, 6, 6, 6
0, 0, 0, 0, 0, 0, 6, 6, 6, 6
0, 0, 0, 0, 0, 0, 6, 6, 6, 6
0, 0, 0, 0, 0, 0, 0, 0, 6, 6
0, 0, 0, 0, 0, 0, 6, 6, 6, 6
0, 0, 0, 0, 0, 0, 0, 0, 0, 6
0, 0, 0, 0, 0, 0, 0, 0, 0, 6
0, 0, 0, 6, 1, 1, 1, 1, 1, 1
0, 0, 0, 0, 0, 0, 0, 0, 0, 6
0, 0, 0, 0, 0, 0, 0, 0, 0, 6
0, 0, 0, 0, 0, 0, 6, 1, 1, 1
0, 0, 0, 6, 1, 1, 1, 1, 1, 1
0, 0, 0, 0, 0, 0, 7, 4, 4, 4
0, 0, 0, 0, 0, 0, 0, 6, 1, 1
0, 0, 0, 0, 0, 6, 1, 1, 1, 1
0, 0, 0, 0, 0, 0, 0, 6, 1, 1
0, 0, 0, 6, 1, 1, 1, 1, 1, 1
0, 0, 0, 0, 0, 0, 0, 0, 6, 1
0, 0, 0, 0, 0, 0, 0, 0, 6, 1
0, 0, 0, 0, 0, 0, 0, 0, 6, 1
0, 0, 0, 0, 0, 0, 0, 0, 6, 1
0, 0, 0, 0, 0, 0, 0, 0, 6, 1
0, 0, 0, 0, 0, 0, 0, 0, 6, 1
0, 0, 0, 0, 0, 0, 0, 0, 6, 1
0, 0, 0, 0, 0, 0, 0, 0, 6, 1
0, 0, 0, 0, 0, 0, 6, 1, 1, 1
0, 0, 0, 6, 1, 1, 1, 1, 1, 1
0, 0, 0, 6, 1, 1, 1, 1, 1, 1
0, 0, 0, 6, 1, 1, 1, 1, 1, 1
0, 0, 0, 0, 0, 0, 0, 0, 6, 1
0, 0, 0, 0, 0, 0, 0, 0, 6, 1
0, 0, 0, 0, 0, 0, 0, 0, 6, 1
0, 0, 0, 0, 0, 0, 0, 0, 6, 1
0, 0, 0, 0, 0, 0, 0, 0, 6, 1
0, 0, 0, 0, 0, 0, 0, 6, 1, 1
0, 0, 0, 0, 0, 0, 0, 0, 6, 1
0, 0, 0, 0, 0, 0, 0, 0, 0, 6
0, 0, 0, 0, 0, 0, 0, 0, 0, 6
0, 0, 0, 0, 0, 0, 0, 0, 6, 1
0, 0, 0, 0, 0, 0, 6, 6, 6, 1
0, 0, 0, 0, 0, 0, 0, 0, 6, 1
0, 0, 0, 0, 0, 0, 0, 6, 1, 1
0, 0, 0, 6, 1, 1, 1, 1, 1, 1
0, 0, 0, 6, 1, 1, 1, 1, 1, 1
0, 0, 0, 0, 0, 6, 1, 1, 1, 1
0, 0, 0, 0, 0, 0, 0, 0, 6, 1
0, 0, 0, 6, 1, 1, 1, 1, 1, 1
0, 0, 0, 0, 0, 0, 0, 6, 1, 1
0, 0, 0, 0, 0, 0, 0, 6, 1, 1
0, 0, 0, 6, 1, 1, 1, 1, 1, 1
0, 0, 0, 0, 0, 0, 0, 0, 6, 1
0, 0, 0, 0, 0, 0, 0, 0, 6, 1
0, 0, 0, 0, 0, 0, 0, 0, 6, 1
0, 0, 0, 0, 0, 0, 0, 0, 6, 1
0, 0, 0, 0, 0, 0, 0, 0, 6, 1
0, 0, 0, 0, 0, 0, 0, 0, 6, 1
0, 0, 0, 0, 0, 0, 0, 0, 0, 6
0, 0, 0, 6, 1, 1, 1, 1, 1, 1
0, 0, 0, 0, 0, 0, 0, 0, 6, 1
0, 0, 0, 0, 0, 0, 0, 6, 1, 1
0, 0, 0, 0, 0, 0, 0, 6, 1, 1
0, 0, 0, 6, 1, 1, 1, 1, 1, 1
0, 0, 0, 6, 1, 1, 1, 1, 1, 1
0, 0, 0, 6, 1, 1, 1, 1, 1, 1
0, 0, 0, 6, 1, 1, 1, 1, 1, 1
0, 0, 0, 0, 0, 0, 0, 0, 6, 1
0, 0, 0, 0, 0, 0, 0, 6, 1, 1
0, 0, 0, 0, 0, 0, 0, 0, 6, 1
0, 0, 0, 6, 1, 1, 1, 1, 1, 1
0, 0, 0, 6, 1, 1, 1, 1, 1, 1
0, 0, 0, 0, 0, 6, 1, 1, 1, 1
0, 0, 0, 0, 0, 0, 0, 0, 0, 6
0, 0, 0, 0, 0, 0, 0, 0, 0, 6
0, 0, 0, 6, 1, 1, 1, 1, 1, 1
0, 0, 0, 6, 1, 1, 1, 1, 1, 1
0, 0, 0, 0, 0, 0, 0, 0, 6, 1
0, 0, 0, 0, 0, 0, 0, 0, 6, 1
0, 0, 0, 6, 1, 1, 1, 1, 1, 1
0, 0, 0, 0, 0, 6, 1, 1, 1, 1
0, 0, 0, 0, 0, 6, 1, 1, 1, 1
0, 0, 0, 0, 0, 6, 1, 1, 1, 1
0, 0, 0, 0, 0, 6, 1, 1, 1, 1
0, 0, 0, 0, 0, 0, 0, 0, 0, 6
0, 0, 0, 0, 0, 0, 0, 0, 6, 1
0, 0, 0, 0, 0, 6, 1, 1, 1, 1
0, 0, 0, 6, 1, 1, 1, 1, 1, 1
0, 0, 0, 6, 1, 1, 1, 1, 1, 1
0, 0, 0, 0, 0, 6, 1, 1, 1, 1
0, 0, 0, 6, 1, 1, 1, 1, 1, 1
0, 0, 0, 0, 0, 0, 6, 1, 1, 1
0, 0, 0, 0, 0, 0, 0, 6, 1, 1
0, 0, 0, 0, 0, 0, 0, 0, 6, 1
0, 0, 0, 6, 1, 1, 1, 1, 1, 1
0, 0, 6, 6, 6, 6, 6, 1, 1, 1
0, 0, 0, 6, 1, 1, 1, 1, 1, 1
0, 0, 0, 0, 0, 6, 1, 1, 1, 1
0, 0, 0, 0, 0, 0, 0, 6, 1, 1
0, 0, 0, 0, 0, 0, 0, 0, 0, 6
0, 0, 0, 0, 0, 0, 0, 0, 6, 1
0, 0, 0, 0, 0, 0, 0, 0, 6, 1
0, 0, 0, 6, 6, 6, 6, 6, 6, 6
0, 0, 0, 6, 1, 1, 1, 1, 1, 1
0, 0, 6, 1, 1, 1, 1, 1, 1, 1
0, 0, 0, 0, 0, 0, 0, 0, 6, 1
0, 0, 0, 0, 0, 0, 0, 0, 6, 1
0, 0, 6, 6, 6, 6, 6, 1, 1, 1
0, 0, 0, 0, 0, 0, 6, 1, 1, 1
0, 0, 0, 0, 0, 0, 0, 6, 1, 1
0, 0, 0, 0, 0, 0, 0, 0, 6, 1
0, 0, 0, 0, 0, 0, 0, 0, 6, 1
0, 0, 0, 0, 0, 0, 0, 0, 6, 1
0, 0, 0, 0, 0, 0, 0, 0, 6, 1
0, 0, 0, 0, 0, 0, 0, 0, 0, 6
0, 0, 0, 0, 0, 0, 0, 0, 6, 6
0, 0, 0, 0, 0, 6, 1, 1, 1, 1
0, 0, 0, 0, 0, 0, 0, 0, 6, 3
0, 0, 0, 6, 1, 1, 1, 1, 1, 1
0, 0, 0, 0, 0, 0, 0, 0, 0, 6
0, 0, 0, 0, 0, 0, 6, 3, 3, 3
0, 0, 0, 0, 0, 0, 0, 0, 6, 1
0, 0, 0, 0, 0, 0, 0, 0, 6, 1
0, 0, 0, 0, 0, 0, 0, 0, 6, 1
0, 0, 0, 0, 0, 0, 0, 0, 0, 6
0, 0, 0, 0, 0, 0, 0, 0, 0, 6
0, 0, 0, 0, 0, 0, 6, 1, 1, 1
0, 0, 0, 6, 1, 1, 1, 1, 1, 1
0, 0, 0, 0, 0, 6, 1, 1, 1, 1
0, 0, 0, 0, 0, 0, 0, 6, 1, 1
0, 0, 0, 6, 6, 6, 6, 6, 6, 6
0, 0, 0, 0, 0, 0, 0, 0, 6, 1
0, 0, 0, 0, 0, 6, 1, 1, 1, 1
0, 0, 0, 0, 0, 0, 0, 0, 0, 6
0, 0, 0, 0, 0, 6, 1, 1, 1, 1
0, 0, 0, 0, 0, 0, 0, 0, 0, 6
0, 0, 0, 0, 0, 0, 0, 0, 0, 6
0, 0, 0, 0, 0, 6, 1, 1, 1, 1
0, 0, 0, 0, 0, 0, 0, 0, 0, 6
0, 0, 0, 0, 0, 0, 0, 0, 0, 6
0, 0, 0, 0, 0, 0, 0, 0, 0, 6
0, 0, 0, 0, 0, 0, 0, 0, 0, 6
0, 0, 0, 0, 0, 0, 0, 0, 0, 6
0, 0, 0, 0, 0, 0, 0, 0, 0, 6
0, 0, 0, 0, 0, 0, 0, 0, 0, 6
0, 0, 0, 0, 0, 0, 0, 0, 6, 1
0, 0, 0, 0, 0, 0, 0, 0, 6, 1
0, 0, 0, 6, 1, 1, 1, 1, 1, 1
0, 0, 0, 0, 0, 0, 0, 0, 6, 1
0, 0, 0, 0, 0, 0, 0, 0, 6, 1
0, 0, 0, 0, 0, 0, 0, 0, 6, 1
0, 0, 0, 0, 0, 0, 0, 0, 6, 1
0, 0, 0, 0, 0, 0, 0, 0, 6, 1
0, 0, 0, 0, 0, 0, 0, 0, 0, 6
0, 0, 0, 0, 0, 0, 0, 0, 0, 6
0, 0, 0, 0, 0, 0, 0, 0, 0, 6
0, 0, 0, 0, 0, 0, 0, 0, 0, 6
0, 0, 0, 0, 0, 0, 0, 0, 0, 6
0, 0, 0, 0, 0, 0, 0, 0, 6, 1
0, 0, 0, 0, 0, 0, 0, 6, 1, 1
0, 0, 0, 0, 0, 0, 6, 3, 3, 3
0, 0, 0, 6, 1, 1, 1, 1, 1, 1
0, 0, 0, 6, 1, 1, 1, 1, 1, 1
0, 0, 0, 0, 0, 0, 0, 0, 6, 1
0, 0, 0, 0, 0, 0, 0, 6, 1, 1
0, 0, 0, 6, 1, 1, 1, 1, 1, 1
0, 0, 0, 0, 0, 6, 1, 1, 1, 1
0, 0, 0, 0, 0, 0, 0, 0, 0, 6
0, 0, 0, 0, 0, 0, 6, 6, 6, 1
0, 0, 0, 0, 0, 0, 0, 0, 0, 6
0, 0, 0, 0, 0, 6, 1, 1, 1, 1
0, 0, 0, 0, 0, 0, 6, 1, 1, 1
0, 0, 0, 0, 0, 0, 0, 0, 6, 1
0, 0, 0, 0, 0, 0, 0, 0, 6, 1
0, 0, 0, 0, 0, 0, 0, 0, 6, 1
0, 0, 0, 0, 0, 0, 0, 0, 6, 1
0, 0, 0, 0, 0, 0, 0, 0, 6, 1
0, 0, 0, 0, 0, 0, 0, 0, 6, 1
0, 0, 0, 0, 0, 0, 0, 0, 6, 1
0, 0, 0, 0, 0, 0, 0, 0, 6, 1
0, 0, 0, 0, 0, 0, 0, 0, 6, 1
0, 0, 0, 0, 0, 0, 0, 0, 6, 1
0, 0, 0, 0, 0, 0, 0, 0, 6, 1
0, 0, 0, 0, 0, 0, 0, 0, 6, 1
0, 0, 0, 0, 0, 0, 0, 0, 6, 1
0, 0, 0, 0, 0, 0, 0, 0, 6, 6
0, 5, 5, 1, 1, 1, 1, 0, 6, 6
0, 0, 0, 0, 0, 0, 0, 0, 6, 1
0, 0, 0, 0, 0, 0, 0, 0, 6, 1
0, 0, 0, 0, 0, 0, 0, 0, 6, 1
0, 0, 0, 0, 0, 0, 0, 0, 6, 1
0, 0, 6, 1, 1, 1, 1, 0, 6, 1
0, 0, 0, 0, 0, 0, 0, 0, 6, 1
0, 0, 0, 0, 0, 0, 0, 0, 6, 1
0, 0, 0, 0, 0, 0, 0, 0, 6, 1
0, 0, 0, 0, 0, 0, 0, 0, 6, 1
0, 0, 0, 0, 0, 0, 0, 0, 6, 1
0, 0, 0, 0, 0, 0, 0, 0, 6, 1
0, 0, 0, 0, 0, 0, 0, 0, 6, 1
0, 0, 0, 0, 0, 0, 0, 0, 6, 1
0, 0, 0, 0, 0, 0, 0, 0, 6, 1
0, 0, 0, 0, 0, 0, 0, 0, 6, 1
0, 0, 0, 0, 0, 0, 0, 0, 6, 1
0, 0, 6, 1, 1, 1, 1, 0, 6, 1
0, 0, 0, 0, 0, 0, 0, 0, 6, 6
0, 0, 0, 0, 0, 0, 0, 0, 6, 6
0, 0, 0, 0, 0, 0, 0, 0, 6, 6
0, 0, 0, 0, 0, 0, 0, 0, 6, 1
0, 0, 0, 0, 0, 0, 0, 0, 6, 1
0, 0, 0, 0, 0, 0, 0, 0, 6, 1
0, 0, 0, 0, 0, 0, 6, 1, 1, 1
0, 0, 0, 6, 1, 1, 1, 1, 1, 1
0, 5, 2, 2, 2, 2, 2, 2, 2, 2
0, 5, 2, 2, 2, 2, 2, 2, 2, 2
0, 0, 0, 0, 0, 6, 1, 1, 1, 1
0, 0, 0, 0, 0, 0, 6, 1, 1, 1
0, 0, 0, 6, 1, 1, 1, 1, 1, 1
0, 0, 0, 6, 1, 1, 1, 1, 1, 1
0, 0, 0, 6, 1, 1, 1, 1, 1, 1
0, 0, 0, 0, 0, 6, 1, 1, 1, 1
0, 0, 0, 0, 0, 0, 0, 0, 0, 6
0, 0, 0, 0, 0, 0, 0, 0, 0, 6
0, 0, 0, 0, 0, 0, 0, 0, 6, 1
0, 0, 0, 0, 0, 0, 0, 0, 0, 6
0, 0, 0, 6, 1, 1, 1, 1, 1, 1
